#Exudyn implicit second order time integration sensor output file
#measure Body number = 17
#OutputVariableType = Velocity
#simulation started = 2025-07-21,19:12:19
#columns contain: time, comma separated sensor values (e.g, x,y,z position coordinates)
#number of sensor values = 3
#Exudyn version = 1.10.0; Python3.13.2; Windows AVX2 FLOAT64
#
0,0,0,0
0.004,0.05292867805,0.04172326712,0.002790240756
0.008,0.1777919998,0.1583832354,0.01514339917
0.012,0.3323858799,0.3322838063,0.01742770781
0.016,0.4955000557,0.5441901986,0.01117885108
0.02,0.6604914909,0.7772777662,0.0003463094117
0.024,0.8224123775,1.019357404,-0.0125736906
0.028,0.9754432093,1.263041885,-0.02647001766
0.032,1.115265113,1.504921444,-0.04078131716
0.036,1.240064326,1.744555127,-0.05525951455
0.04,1.349670599,1.983496283,-0.07002380301
0.044,1.444421676,2.224397181,-0.08551391302
0.048,1.524509508,2.470266267,-0.1023354077
0.052,1.589706438,2.723932687,-0.1211158592
0.056,1.639252716,2.987715548,-0.142421648
0.06,1.671832177,3.263260135,-0.1667230044
0.064,1.685625824,3.551496121,-0.1943868706
0.068,1.678417744,3.852675096,-0.2256867326
0.072,1.647715376,4.166449222,-0.260822716
0.076,1.590856778,4.491960221,-0.2999453347
0.08,1.505094238,4.827917721,-0.3431774069
0.084,1.387654023,5.172655208,-0.3906309437
0.088,1.235777362,5.524159451,-0.4424180305
0.092,1.046749858,5.880074582,-0.4986560672
0.096,0.8179269594,6.237685494,-0.5594684421
0.1,0.5467623418,6.593886911,-0.6249819392
0.104,0.2308444429,6.945145066,-0.6953222014
0.108,-0.1320556381,7.287458368,-0.7706083164
0.112,-0.5439234814,7.616322559,-0.8509474005
0.116,-1.006428019,7.926704688,-0.9364296459
0.12,-1.520836549,8.213029095,-1.027124089
0.124,-2.087919735,8.469177805,-1.123075159
0.128,-2.697758486,8.603692927,-1.216082317
0.132,-3.290086867,8.461081218,-1.273490548
0.136,-3.778742475,8.118018263,-1.289355239
0.14,-4.136043804,7.658116007,-1.277339172
0.144,-4.376124206,7.135910731,-1.248578613
0.148,-4.522120501,6.593170452,-1.210823561
0.152,-4.596750961,6.061715357,-1.170435473
0.156,-4.620720892,5.560943534,-1.131871276
0.16,-4.610753958,5.09898127,-1.097138779
0.164,-4.578181818,4.676313601,-1.066216689
0.168,-4.529049016,4.289236846,-1.037856021
0.172,-4.465241989,3.932356733,-1.010288439
0.176,-4.385948773,3.600239679,-0.9817372892
0.18,-4.289041614,3.288369426,-0.9507407789
0.184,-4.172186027,2.993537184,-0.9163076095
0.188,-4.033596703,2.713825062,-0.8779389175
0.192,-3.872441395,2.448351462,-0.8355616628
0.196,-3.688948799,2.196919599,-0.7894174623
0.2,-3.484303684,1.959668555,-0.739941239
0.204,-3.260416892,1.736785823,-0.6876527767
0.208,-3.019647213,1.528306316,-0.6330734996
0.212,-2.764533433,1.333998407,-0.5766724845
0.216,-2.497573507,1.153322459,-0.5188394619
0.22,-2.22106853,0.9854409913,-0.4598791635
0.224,-1.93703351,0.8292595309,-0.4000201476
0.228,-1.647166738,0.6834805888,-0.3394314128
0.232,-1.352863929,0.5466583783,-0.2782414315
0.236,-1.055261839,0.4172468866,-0.2165558808
0.24,-0.7552970141,0.2936381925,-0.1544719094
0.244,-0.4537684627,0.174190693,-0.09208817808
0.248,-0.1513962288,0.05724882769,-0.02951084894
0.252,0.1503179032,-0.07572500779,0.04897287426
0.256,0.4475717995,-0.3039640032,0.2280041643
0.26,0.7427634265,-0.5804755806,0.4808852539
0.264,1.035611082,-0.8752563635,0.7675163816
0.268,1.323341063,-1.185098624,1.063911045
0.272,1.60239727,-1.510024804,1.353931082
0.276,1.868907208,-1.849643385,1.626561631
0.28,2.118762616,-2.204641598,1.875601818
0.284,2.347694728,-2.576854947,2.098538026
0.288,2.551331344,-2.968539536,2.294932855
0.292,2.725203838,-3.381740812,2.465040298
0.296,2.864721743,-3.817868585,2.608868361
0.3,2.965145852,-4.277396952,2.725666264
0.304,3.021583628,-4.759649936,2.813749566
0.308,3.02902257,-5.262658138,2.870559026
0.312,2.982411766,-5.783070046,2.892851259
0.316,2.876797422,-6.316101049,2.876937905
0.32,2.707514068,-6.855508209,2.818917422
0.324,2.470429609,-7.393586247,2.714871084
0.328,2.162239263,-7.921187411,2.561016644
0.332,1.780800818,-8.427774234,2.353827914
0.336,1.325500603,-8.901518695,2.090135401
0.34,0.7976372427,-9.329463879,1.76722498
0.344,0.2008066558,-9.697764779,1.382948309
0.348,-0.4587312132,-9.992023033,0.9358542984
0.352,-1.171727338,-10.19772695,0.4253450838
0.356,-1.925687106,-10.30080273,-0.1481447708
0.36,-2.704712241,-10.28827602,-0.7829513036
0.364,-3.489473657,-10.14903473,-1.475975003
0.368,-4.257347988,-9.874675074,-2.222476235
0.372,-4.982749244,-9.460402807,-3.015884616
0.376,-5.620681519,-8.883582009,-3.831638797
0.38,-5.944564793,-7.949973051,-4.453420902
0.384,-5.9194041,-6.778920998,-4.813054982
0.388,-5.724161864,-5.636879995,-5.069090974
0.392,-5.451034502,-4.625668313,-5.298356262
0.396,-5.111207343,-3.748053571,-5.477066498
0.4,-4.710406687,-2.991439454,-5.570922163
0.404,-4.27297368,-2.349184733,-5.581262129
0.408,-3.82583063,-1.813455106,-5.529917951
0.412,-3.385476352,-1.371984237,-5.433894084
0.416,-2.959561799,-1.011400414,-5.299589857
0.42,-2.552778963,-0.720160208,-5.129919183
0.424,-2.169459042,-0.4887882007,-4.929713196
0.428,-1.813367593,-0.3090207444,-4.70543187
0.432,-1.487248278,-0.1732418155,-4.463008153
0.436,-1.192892574,-0.07434593016,-4.207010224
0.44,-0.9313235798,-0.00575036704,-3.941078719
0.444,-0.702834541,0.03857119666,-3.668436737
0.448,-0.5069820121,0.06404039693,-3.391970427
0.452,-0.3426494229,0.07542149715,-3.114103425
0.456,-0.2081715477,0.07678942057,-2.836741916
0.46,-0.1014680139,0.07153033336,-2.561326999
0.464,-0.02016308497,0.06237017141,-2.288909453
0.468,0.03830816286,0.05142179764,-2.020196615
0.472,0.07660828602,0.04024340187,-1.755579668
0.476,0.09742593071,0.02990285468,-1.495162638
0.48,0.10342696,0.02104408173,-1.238799113
0.484,0.09722570901,0.01395290856,-0.9861315597
0.488,0.08137204269,0.008621130307,-0.736628763
0.492,0.05835055031,0.004808472679,-0.4896211214
0.496,0.03058905909,0.002102563865,-0.2443351927
0.5,0.0004739873294,-2.273716971e-05,7.174578557e-05
0.504,-0.03599143491,-0.002624492148,0.2868114421
0.508,-0.07850489739,-0.006891581817,0.6324790465
0.512,-0.1113390545,-0.0139097515,0.9803093499
0.516,-0.1299964293,-0.02462474856,1.307644003
0.52,-0.1406523428,-0.03982844571,1.625755865
0.524,-0.1484928321,-0.06035004523,1.948223154
0.528,-0.1534220456,-0.0869239072,2.277171345
0.532,-0.1526913314,-0.1199942219,2.608631977
0.536,-0.1437415084,-0.159692735,2.939922047
0.54,-0.1246582229,-0.2058675782,3.271012519
0.544,-0.09353454016,-0.2580252278,3.602475918
0.548,-0.0481727188,-0.3152217394,3.934068981
0.552,0.01373690897,-0.3759820273,4.264828414
0.556,0.09437308122,-0.4382542166,4.593607587
0.56,0.1956671233,-0.4993692823,4.919260346
0.564,0.3192395723,-0.5560004612,5.240508546
0.568,0.4662967303,-0.6041395567,5.555798913
0.572,0.6374762581,-0.6391049805,5.863272855
0.576,0.8326680708,-0.6555854524,6.160793361
0.58,1.050826127,-0.6477216755,6.44595913
0.584,1.289774294,-0.6092332924,6.716095185
0.588,1.546011645,-0.533599228,6.968241066
0.592,1.814530497,-0.4142978055,7.199150049
0.596,2.088664301,-0.2451095825,7.40529745
0.6,2.359983617,-0.02048345328,7.58289567
0.604,2.61826038,0.264038394,7.727911278
0.608,2.851521327,0.6113439678,7.836089611
0.612,3.046211267,1.022241189,7.902984937
0.616,3.187487733,1.494932294,7.924000536
0.62,3.259661912,2.024507202,7.894433843
0.624,3.246796348,2.602486401,7.809533044
0.628,3.087812475,3.181196114,7.478995471
0.632,2.726953215,3.5977341,6.766088964
0.636,2.274965621,3.868386932,6.093390911
0.64,1.798317824,4.046352971,5.533004892
0.644,1.327692851,4.123163282,5.001943148
0.648,0.8862510224,4.103423912,4.477535231
0.652,0.4850531257,4.018565882,3.978457226
0.656,0.1242883142,3.897171723,3.515760318
0.66,-0.1990042954,3.753485346,3.089165121
0.664,-0.4869083799,3.592860815,2.696279762
0.668,-0.7401079527,3.417380758,2.3355233
0.672,-0.9582499964,3.228255798,2.00572004
0.676,-1.14050293,3.026931292,1.70580888
0.68,-1.286185044,2.815646056,1.434823045
0.684,-1.39525606,2.597489639,1.191837448
0.688,-1.468564113,2.376122136,0.9758838326
0.692,-1.50786466,2.155371304,0.7858864107
0.696,-1.515677606,1.938849578,0.6206300565
0.7,-1.495055309,1.729662253,0.4787555764
0.704,-1.449325672,1.530230815,0.3587737617
0.708,-1.381858399,1.342224195,0.2590895183
0.712,-1.295882279,1.166575657,0.1780292666
0.716,-1.194364333,1.003556588,0.1138665045
0.72,-1.079947932,0.8528796648,0.06484259644
0.724,-0.954939451,0.7138103928,0.02918197998
0.728,-0.8213292929,0.5852720893,0.005102011624
0.732,-0.6808337914,0.4659365966,-0.009181419513
0.736,-0.5349466241,0.354297273,-0.01545144943
0.74,-0.3849919149,0.2487257773,-0.01548954475
0.744,-0.2321744711,0.1475146623,-0.01107589372
0.748,-0.07762518828,0.04890965566,-0.003990138404
0.752,0.05936185909,-0.03575836682,0.003004437766
0.756,0.08998909844,-0.04394225718,0.004504138117
0.76,0.05170997886,-0.001149188753,0.002965384995
0.764,-0.02033458902,0.070171921,-0.00088839335
0.768,-0.1065393033,0.1594826091,-0.007707982193
0.772,-0.1927923735,0.2601636656,-0.01838759813
0.776,-0.2686212166,0.3676971344,-0.03382092322
0.78,-0.327035666,0.4794388529,-0.0548468417
0.784,-0.3640287312,0.5943578016,-0.08224101481
0.788,-0.377740628,0.7126071666,-0.1167395829
0.792,-0.3675417826,0.83502213,-0.1590765604
0.796,-0.3332173845,0.9626228203,-0.2100153884
0.8,-0.2743560036,1.096172216,-0.2703638678
0.804,-0.1899800536,1.235815987,-0.3409708176
0.808,-0.07840719767,1.380813606,-0.4227086041
0.812,0.06269819991,1.529357466,-0.5164478134
0.816,0.2361370433,1.678469027,-0.6230298843
0.82,0.4449034011,1.823957532,-0.7432417842
0.824,0.6918714862,1.960426257,-0.8777947567
0.828,0.9794715386,2.081314069,-1.027307341
0.832,1.309371577,2.178964117,-1.192291585
0.836,1.682171244,2.244716854,-1.373140628
0.84,2.097107439,2.269030564,-1.570115685
0.844,2.55176876,2.241637058,-1.78333073
0.848,3.041816909,2.151744654,-2.012733766
0.852,3.560717167,1.988301855,-2.25808434
0.856,4.099485248,1.740335867,-2.518927641
0.86,4.646465077,1.397377751,-2.794566278
0.864,5.187157342,0.9499824793,-3.084031216
0.868,5.704125026,0.3903464641,-3.386053829
0.872,6.177006537,-0.2869810775,-3.699041055
0.876,6.568374676,-1.06796656,-4.002577877
0.88,6.722716037,-1.836112298,-4.143999389
0.884,6.567617614,-2.66716621,-4.160858225
0.888,6.162396618,-3.497065287,-4.106527065
0.892,5.615820524,-4.204558845,-4.003261015
0.896,5.014220827,-4.745634545,-3.879002631
0.9,4.407554285,-5.126877536,-3.754548389
0.904,3.821817805,-5.37103466,-3.6383761
0.908,3.269096109,-5.50324936,-3.530269077
0.912,2.753236989,-5.546488429,-3.42600973
0.916,2.274031549,-5.51953874,-3.320494792
0.92,1.830315635,-5.436514265,-3.209425736
0.924,1.421635262,-5.307539371,-3.09005089
0.928,1.048648684,-5.139948915,-2.961262494
0.932,0.7127915928,-4.939436992,-2.823293259
0.936,0.4156876626,-4.710887396,-2.677241334
0.94,0.1586016962,-4.458847116,-2.524600817
0.944,-0.05792958044,-4.187712204,-2.366898934
0.948,-0.234260518,-3.901725961,-2.205472497
0.952,-0.3716262054,-3.604882455,-2.041370934
0.956,-0.4720180262,-3.300804484,-1.875351032
0.96,-0.538005553,-2.992638457,-1.707924058
0.964,-0.5725514738,-2.68298599,-1.539422152
0.968,-0.578849331,-2.37387639,-1.370061807
0.972,-0.5601977363,-2.066775405,-1.199993117
0.976,-0.5199132735,-1.762621711,-1.029331883
0.98,-0.4612776936,-1.461882333,-0.8581768654
0.984,-0.3875119696,-1.164619004,-0.6866166285
0.988,-0.3017695549,-0.8705597087,-0.5147306644
0.992,-0.2071419286,-0.5791711264,-0.3425885009
0.996,-0.106671368,-0.289729626,-0.1702492216
1,-0.003367141848,-0.001389567177,0.002237413562
1.004,0.03016469224,0.2196784935,0.1002736228
1.008,0.008097642033,0.3190700634,0.1103717753
1.012,0.01185510468,0.3266601771,0.09107780214
1.016,0.0333204246,0.2787660665,0.06291597116
1.02,0.04439415143,0.2064416244,0.03486103212
1.024,0.03850039967,0.1311257779,0.01322256961
1.028,0.02385301169,0.06559136558,0.0005496525425
1.032,0.008688393868,0.0159813222,-0.004444560398
1.036,-0.003225668144,-0.01637437753,-0.004706662925
1.04,-0.01090690164,-0.03331132133,-0.002909558058
1.044,-0.01444166828,-0.03833117893,-0.0007728258391
1.048,-0.0144963953,-0.03539625585,0.0008438294054
1.052,-0.01216057429,-0.02812310785,0.001666869785
1.056,-0.008647863147,-0.01935912017,0.001772411774
1.06,-0.004983656959,-0.0110516106,0.001401481969
1.064,-0.001847185715,-0.004306866516,0.0008225142284
1.068,0.0004310800031,0.0004469769037,0.0002485393627
1.072,0.001793104057,0.003258239792,-0.0001932289571
1.076,0.002357627961,0.004456501372,-0.0004556431442
1.08,0.002332364237,0.00449102616,-0.0005489029077
1.084,0.001944773253,0.003814359066,-0.0005147421207
1.088,0.001395725784,0.002811177993,-0.0004048567728
1.092,0.0008356444556,0.001765530706,-0.0002663050298
1.096,0.0003587680795,0.0008564327366,-0.0001339118562
1.1,9.342463231e-06,0.0001714003981,-2.827236403e-05
1.104,-0.0002061766786,-0.0002711837696,4.260142769e-05
1.108,-0.0003054281111,-0.0004977823821,7.985726593e-05
1.112,-0.0003178583614,-0.000557998473,9.00235024e-05
1.116,-0.0002753295864,-0.0005077995181,8.175011198e-05
1.12,-0.0002060301975,-0.0003983350301,6.346796544e-05
1.124,-0.0001313831932,-0.0002698870146,4.202094227e-05
1.128,-6.526989121e-05,-0.0001498787987,2.212162792e-05
1.132,-1.477623018e-05,-5.366026603e-05,6.392954079e-06
1.136,1.826407422e-05,1.314047477e-05,-4.248954485e-06
1.14,3.549492865e-05,5.167785633e-05,-1.007509336e-05
1.144,4.040890262e-05,6.704861973e-05,-1.203136856e-05
1.148,3.706708619e-05,6.595283826e-05,-1.131773819e-05
1.152,2.923392988e-05,5.502304627e-05,-9.092683464e-06
1.156,1.990043423e-05,3.981919037e-05,-6.301921549e-06
1.16,1.11176617e-05,2.438457217e-05,-3.609864397e-06
1.164,4.04417056e-06,1.121185188e-05,-1.403935899e-06
1.168,-8.847027699e-07,1.463595729e-06,1.58095235e-07
1.172,-3.740557536e-06,-4.686763147e-06,1.08263094e-06
1.176,-4.891253572e-06,-7.693819017e-06,1.474424375e-06
1.18,-4.826752216e-06,-8.323027224e-06,1.481140711e-06
1.184,-4.034410266e-06,-7.409593818e-06,1.25304355e-06
1.188,-2.923782316e-06,-5.701107065e-06,9.182249938e-07
1.192,-1.79319735e-06,-3.775550391e-06,5.711448345e-07
1.196,-8.268812587e-07,-2.017883921e-06,2.710150415e-07
1.2,-1.110437816e-07,-6.358612635e-07,4.638160349e-08
1.204,3.410520531e-07,3.027744679e-07,-9.727480446e-08
1.208,5.624902903e-07,8.258940823e-07,-1.693121021e-07
1.212,6.093278988e-07,1.015121958e-06,-1.866160106e-07
1.216,5.428254893e-07,9.720335803e-07,-1.679917544e-07
1.22,4.178508947e-07,7.945116415e-07,-1.304657963e-07
1.224,2.768370542e-07,5.62955521e-07,-8.732329646e-08
1.228,1.480527302e-07,3.346246403e-07,-4.750383746e-08
1.232,4.676040748e-08,1.438044977e-07,-1.591439208e-08
1.236,-2.205376438e-08,5.484550553e-09,5.750887142e-09
1.24,-6.042112729e-08,-7.940286806e-08,1.801179058e-08
1.244,-7.431833455e-08,-1.186109184e-07,2.265058128e-08
1.248,-7.118712768e-08,-1.239623724e-07,2.1937772e-08
1.252,-5.819991036e-08,-1.07911601e-07,1.808619027e-08
1.256,-4.124835921e-08,-8.135749215e-08,1.292866884e-08
1.26,-2.452864177e-08,-5.255690714e-08,7.781665198e-09
1.264,-1.055355637e-08,-2.687594296e-08,3.442962663e-09
1.268,-4.220654961e-10,-7.088926055e-09,2.711025288e-10
1.272,5.796814819e-09,6.036382172e-09,-1.697952519e-09
1.276,8.670447472e-09,1.307081691e-08,-2.629729757e-09
1.28,9.064413692e-09,1.530956821e-08,-2.786333948e-09
1.284,7.890663311e-09,1.428622252e-08,-2.447697039e-09
1.288,5.947308306e-09,1.14404081e-08,-1.860978482e-09
1.292,3.839029796e-09,7.930510024e-09,-1.214939932e-09
1.296,1.958847067e-09,4.563680923e-09,-6.334764812e-10
1.3,5.10000203e-10,1.808010364e-09,-1.817894002e-10
1.304,-4.512063184e-10,-1.472871097e-10,1.207248615e-10
1.308,-9.664979034e-10,-1.311883049e-09,2.855133467e-10
1.312,-1.130656041e-09,-1.814771477e-09,3.409761286e-10
1.316,-1.055935748e-09,-1.837352497e-09,3.213891198e-10
1.32,-8.477283688e-10,-1.564618823e-09,2.592603418e-10
1.324,-5.908453384e-10,-1.154940913e-09,1.809620929e-10
1.328,-3.443898927e-10,-7.258560219e-10,1.050329344e-10
1.332,-1.426444639e-10,-3.517927478e-10,4.236599878e-11
1.336,5.255156115e-13,-6.940099387e-11,-2.486258565e-12
1.34,8.581717019e-11,1.133275007e-10,-2.953207475e-11
1.344,1.226660655e-10,2.070559152e-10,-4.154909663e-11
1.348,1.243473843e-10,2.321203794e-10,-4.25648215e-11
1.352,1.044018934e-10,2.11567109e-10,-3.6738997e-11
1.356,7.442333533e-11,1.665002729e-10,-2.766395595e-11
1.36,4.301733478e-11,1.135581091e-10,-1.802800772e-11
1.364,1.563428172e-11,6.407499827e-11,-9.551700946e-12
1.368,-5.041012067e-12,2.439824322e-11,-3.099706209e-12
1.372,-1.842188019e-11,-3.142938076e-12,1.117849626e-12
1.376,-2.528772029e-11,-1.902308353e-11,3.32124022e-12
1.38,-2.712647503e-11,-2.53462197e-11,3.957903696e-12
1.384,-2.56248503e-11,-2.487867325e-11,3.54360683e-12
1.388,-2.232768294e-11,-2.035842602e-11,2.555365885e-12
1.392,-1.845308519e-11,-1.407990701e-11,1.372296013e-12
1.396,-1.483098224e-11,-7.710812036e-12,2.550762569e-13
1.4,-1.192625498e-11,-2.278408651e-12,-6.481688342e-13
1.404,-9.909656616e-12,1.73907247e-12,-1.280781574e-12
1.408,-8.746612239e-12,4.271395546e-12,-1.650470938e-12
1.412,-8.283209523e-12,5.507145818e-12,-1.802874978e-12
1.416,-8.317011613e-12,5.762796895e-12,-1.79954473e-12
1.42,-8.647608719e-12,5.383196029e-12,-1.702109095e-12
1.424,-9.107046552e-12,4.676767068e-12,-1.562697759e-12
1.428,-9.573214085e-12,3.881778144e-12,-1.419459846e-12
1.432,-9.970900415e-12,3.156782246e-12,-1.2962275e-12
1.436,-1.026505006e-11,2.587186601e-12,-1.204314379e-12
1.44,-1.045049457e-11,2.200701401e-12,-1.145759052e-12
1.444,-1.054102702e-11,1.985628051e-12,-1.116569848e-12
1.448,-1.055979585e-11,1.90818858e-12,-1.109791937e-12
1.452,-1.053204801e-11,1.92641757e-12,-1.117657887e-12
1.456,-1.048036136e-11,1.999933975e-12,-1.133203178e-12
1.46,-1.042217645e-11,2.095586668e-12,-1.151004386e-12
1.464,-1.036910527e-11,2.189801477e-12,-1.167394298e-12
1.468,-1.032741256e-11,2.268459671e-12,-1.18037173e-12
1.472,-1.029911533e-11,2.325427812e-12,-1.18926852e-12
1.476,-1.028335346e-11,2.360351166e-12,-1.194292167e-12
1.48,-1.027766555e-11,2.376435873e-12,-1.19618454e-12
1.484,-1.027900135e-11,2.37858032e-12,-1.195864486e-12
1.488,-1.028439227e-11,2.371910414e-12,-1.194267863e-12
1.492,-1.029139519e-11,2.360933459e-12,-1.192141293e-12
1.496,-1.029827829e-11,2.349041283e-12,-1.190028242e-12
1.5,-1.030402804e-11,2.338452719e-12,-1.188242701e-12
1.504,-1.030820049e-11,2.330302911e-12,-1.186934359e-12
1.508,-1.031076773e-11,2.324905897e-12,-1.186121987e-12
1.512,-1.031194593e-11,2.322019603e-12,-1.185738592e-12
1.516,-1.03121007e-11,2.321106109e-12,-1.185678159e-12
1.52,-1.031160615e-11,2.321528579e-12,-1.185825191e-12
1.524,-1.031079761e-11,2.322705113e-12,-1.186061589e-12
1.528,-1.030992885e-11,2.324153261e-12,-1.186333992e-12
1.532,-1.030916122e-11,2.325536402e-12,-1.186570526e-12
1.536,-1.030856808e-11,2.326670779e-12,-1.186764191e-12
1.54,-1.030817263e-11,2.327483338e-12,-1.186884497e-12
1.544,-1.030796181e-11,2.327954838e-12,-1.186945024e-12
1.548,-1.030790791e-11,2.328162998e-12,-1.1869507e-12
1.552,-1.030795091e-11,2.328178791e-12,-1.186939376e-12
1.556,-1.030804072e-11,2.328066437e-12,-1.18690324e-12
1.56,-1.030814168e-11,2.327899852e-12,-1.186885098e-12
1.564,-1.030822987e-11,2.327719476e-12,-1.186859766e-12
1.568,-1.030829714e-11,2.327557581e-12,-1.186849029e-12
1.572,-1.030835226e-11,2.327449305e-12,-1.186831011e-12
1.576,-1.030838626e-11,2.327372101e-12,-1.186830034e-12
1.58,-1.030839514e-11,2.327334615e-12,-1.186819647e-12
1.584,-1.030839899e-11,2.327325092e-12,-1.186821033e-12
1.588,-1.030840896e-11,2.327330125e-12,-1.186805592e-12
1.592,-1.030841274e-11,2.327351157e-12,-1.186806272e-12
1.596,-1.03083954e-11,2.32736993e-12,-1.186813614e-12
1.6,-1.030836631e-11,2.327393038e-12,-1.186828333e-12
1.604,-1.030833703e-11,2.327413396e-12,-1.186838033e-12
1.608,-1.030833036e-11,2.327432985e-12,-1.186839102e-12
1.612,-1.030833309e-11,2.327431415e-12,-1.186838425e-12
1.616,-1.030833949e-11,2.327433431e-12,-1.186839955e-12
1.62,-1.030834735e-11,2.327427995e-12,-1.186824753e-12
1.624,-1.030836555e-11,2.327416606e-12,-1.186819366e-12
1.628,-1.030837516e-11,2.327410314e-12,-1.186817246e-12
1.632,-1.030837362e-11,2.327416336e-12,-1.186813849e-12
1.636,-1.030836852e-11,2.327418485e-12,-1.186813176e-12
1.64,-1.030836718e-11,2.327423522e-12,-1.186824126e-12
1.644,-1.030835667e-11,2.327423013e-12,-1.186826353e-12
1.648,-1.030834522e-11,2.327421434e-12,-1.186836063e-12
1.652,-1.03083471e-11,2.327414848e-12,-1.186827104e-12
1.656,-1.030836076e-11,2.327424327e-12,-1.186822157e-12
1.66,-1.030836349e-11,2.327415278e-12,-1.186826577e-12
1.664,-1.030836081e-11,2.327420321e-12,-1.186821624e-12
1.668,-1.030835968e-11,2.327416934e-12,-1.186822833e-12
1.672,-1.030836346e-11,2.327421406e-12,-1.186812024e-12
1.676,-1.030836582e-11,2.327417138e-12,-1.186822348e-12
1.68,-1.030835685e-11,2.327412086e-12,-1.186828711e-12
1.684,-1.030835131e-11,2.32740913e-12,-1.186836299e-12
1.688,-1.030835294e-11,2.327414702e-12,-1.186824216e-12
1.692,-1.030836249e-11,2.327414655e-12,-1.186825185e-12
1.696,-1.030836999e-11,2.327414191e-12,-1.186809344e-12
1.7,-1.030837533e-11,2.327421198e-12,-1.186812923e-12
1.704,-1.030836335e-11,2.327422384e-12,-1.186828532e-12
1.708,-1.030834819e-11,2.327419502e-12,-1.186826168e-12
1.712,-1.030835173e-11,2.327422283e-12,-1.186831365e-12
1.716,-1.030834981e-11,2.327415664e-12,-1.186835995e-12
1.72,-1.030834821e-11,2.327417009e-12,-1.186831161e-12
1.724,-1.030835252e-11,2.327417799e-12,-1.186831864e-12
1.728,-1.030835848e-11,2.327418698e-12,-1.186819326e-12
1.732,-1.03083608e-11,2.327417802e-12,-1.186825744e-12
1.736,-1.030836325e-11,2.327418362e-12,-1.186817943e-12
1.74,-1.030836495e-11,2.327421575e-12,-1.18682292e-12
1.744,-1.030835702e-11,2.327425083e-12,-1.186828709e-12
1.748,-1.030835571e-11,2.327424043e-12,-1.18682543e-12
1.752,-1.030836224e-11,2.327422397e-12,-1.186822274e-12
1.756,-1.030835981e-11,2.327420688e-12,-1.186824769e-12
1.76,-1.030835963e-11,2.327423377e-12,-1.186816808e-12
1.764,-1.030836326e-11,2.3274087e-12,-1.186823217e-12
1.768,-1.030836735e-11,2.327409981e-12,-1.18682101e-12
1.772,-1.030836738e-11,2.327412185e-12,-1.186817499e-12
1.776,-1.030836688e-11,2.327420959e-12,-1.186817551e-12
1.78,-1.030835601e-11,2.327421953e-12,-1.18682668e-12
1.784,-1.030834747e-11,2.327422881e-12,-1.186833373e-12
1.788,-1.030833745e-11,2.327424463e-12,-1.186838579e-12
1.792,-1.030834104e-11,2.327419917e-12,-1.186834606e-12
1.796,-1.030835824e-11,2.327417342e-12,-1.186825099e-12
1.8,-1.030836922e-11,2.327419845e-12,-1.186826297e-12
1.804,-1.030836105e-11,2.32741364e-12,-1.186830913e-12
1.808,-1.0308351e-11,2.327411655e-12,-1.186826887e-12
1.812,-1.030836025e-11,2.327413186e-12,-1.186819531e-12
1.816,-1.030836673e-11,2.327417354e-12,-1.18682377e-12
1.82,-1.03083603e-11,2.327421042e-12,-1.186823712e-12
1.824,-1.030835833e-11,2.32742607e-12,-1.186820268e-12
1.828,-1.030835936e-11,2.3274255e-12,-1.186817227e-12
1.832,-1.030836134e-11,2.32742022e-12,-1.186825846e-12
1.836,-1.030835606e-11,2.327420033e-12,-1.186825211e-12
1.84,-1.030835637e-11,2.327408154e-12,-1.186829125e-12
1.844,-1.030835847e-11,2.327406019e-12,-1.186833309e-12
1.848,-1.030836221e-11,2.327411171e-12,-1.186822766e-12
1.852,-1.030837132e-11,2.327420387e-12,-1.186817192e-12
1.856,-1.030836281e-11,2.327420684e-12,-1.186825773e-12
1.86,-1.030835603e-11,2.327418412e-12,-1.186821954e-12
1.864,-1.030835901e-11,2.327417843e-12,-1.186819745e-12
1.868,-1.030836165e-11,2.327419811e-12,-1.186823078e-12
1.872,-1.030835581e-11,2.327415458e-12,-1.186831145e-12
1.876,-1.030834692e-11,2.327410776e-12,-1.186833437e-12
1.88,-1.030834736e-11,2.327415029e-12,-1.186830823e-12
1.884,-1.030835811e-11,2.327416957e-12,-1.186820571e-12
1.888,-1.030836331e-11,2.327420809e-12,-1.186831274e-12
1.892,-1.030835435e-11,2.3274188e-12,-1.186824973e-12
1.896,-1.030835566e-11,2.32742919e-12,-1.18681911e-12
1.9,-1.030836395e-11,2.327428647e-12,-1.186815042e-12
1.904,-1.03083708e-11,2.327425886e-12,-1.186824991e-12
1.908,-1.030835587e-11,2.327422847e-12,-1.186827613e-12
1.912,-1.030835245e-11,2.327415476e-12,-1.186827796e-12
1.916,-1.030835316e-11,2.327419527e-12,-1.186829752e-12
1.92,-1.030834646e-11,2.327421094e-12,-1.18683666e-12
1.924,-1.030834759e-11,2.327422399e-12,-1.186829645e-12
1.928,-1.030835798e-11,2.327421061e-12,-1.18682237e-12
1.932,-1.030836419e-11,2.327416864e-12,-1.186818928e-12
1.936,-1.030836725e-11,2.327410667e-12,-1.186822405e-12
1.94,-1.030836311e-11,2.327413285e-12,-1.186823853e-12
1.944,-1.030835856e-11,2.327409605e-12,-1.186823815e-12
1.948,-1.03083611e-11,2.327422721e-12,-1.186822786e-12
1.952,-1.030836467e-11,2.327423812e-12,-1.186820421e-12
1.956,-1.030836657e-11,2.32742302e-12,-1.186817759e-12
1.96,-1.030835899e-11,2.32741722e-12,-1.186822658e-12
1.964,-1.030836254e-11,2.327419508e-12,-1.186812082e-12
1.968,-1.030836849e-11,2.327419427e-12,-1.18681812e-12
1.972,-1.030836528e-11,2.32741623e-12,-1.186820792e-12
1.976,-1.030835739e-11,2.327412437e-12,-1.186832979e-12
1.98,-1.030834646e-11,2.327415235e-12,-1.186840262e-12
1.984,-1.03083394e-11,2.327414018e-12,-1.186838596e-12
1.988,-1.030834999e-11,2.327413875e-12,-1.186828425e-12
1.992,-1.030835873e-11,2.327416378e-12,-1.186829882e-12
1.996,-1.030836139e-11,2.327424479e-12,-1.18681773e-12
2,-1.030836855e-11,2.327423216e-12,-1.186812687e-12
