#Exudyn implicit second order time integration sensor output file
#measure Object number = 6
#OutputVariableType = AngularVelocityLocal
#simulation started = 2025-07-16,10:20:48
#columns contain: time, comma separated sensor values (e.g, x,y,z position coordinates)
#number of sensor values = 3
#Exudyn version = 1.10.0; Python3.13.2; Windows AVX2 FLOAT64
#
0,0,0,0
0.004,-4.747284795e-15,4.06879953e-10,0.009606520902
0.008,-1.878749706e-12,2.215664839e-08,0.04537310876
0.012,-1.031526072e-10,2.025598649e-07,0.05954712563
0.016,-2.744659536e-09,8.733798113e-07,0.05522199601
0.02,-1.485652785e-08,2.485549672e-06,0.04221427277
0.024,-5.480451376e-08,5.437785572e-06,0.02702491114
0.028,-1.504309558e-07,9.968826461e-06,0.01266756756
0.032,-3.42380689e-07,1.615297453e-05,0.0007595526203
0.036,-6.749554361e-07,2.397265963e-05,-0.00776232358
0.04,-1.202425811e-06,3.340445093e-05,-0.01273561507
0.044,-1.985523583e-06,4.44789882e-05,-0.01469719851
0.048,-3.100288032e-06,5.730253092e-05,-0.0145464125
0.052,-4.637704203e-06,7.20473352e-05,-0.01321509765
0.056,-6.710976108e-06,8.892508861e-05,-0.01147957528
0.06,-9.456866084e-06,0.0001081553921,-0.009892580998
0.064,-1.30351056e-05,0.0001299361278,-0.008781111137
0.068,-1.762995616e-05,0.0001544193502,-0.008278734467
0.072,-2.344793654e-05,0.0001816958732,-0.008376059531
0.076,-3.071521835e-05,0.0002117854218,-0.008975955406
0.08,-3.967645026e-05,0.0002446326004,-0.009942388079
0.084,-5.059118142e-05,0.0002801073666,-0.01113671114
0.088,-6.373622608e-05,0.0003180041572,-0.01244019495
0.092,-7.939967764e-05,0.0003580431825,-0.01376454104
0.096,-9.788221007e-05,0.0003998672543,-0.01505343309
0.1,-0.0001194937766,0.0004430364688,-0.01627832125
0.104,-0.0001445514232,0.0004870211216,-0.01743128417
0.108,-0.0001733746245,0.0005311912448,-0.0185171634
0.112,-0.0002062785503,0.0005748067547,-0.01954647975
0.116,-0.0002435711629,0.0006170047306,-0.02052990616
0.12,-0.0002855394576,0.0006567909653,-0.02147453765
0.124,-0.0003324418188,0.0006930315307,-0.02238181844
0.128,-0.0003767678485,0.000706428962,-0.05000198204
0.132,-0.0003985014879,0.000665334635,-0.1174364482
0.136,-0.0003921353833,0.0005860228388,-0.1495209357
0.14,-0.0003636424911,0.0004909005541,-0.1353521768
0.144,-0.000323379335,0.0003968822626,-0.0977458428
0.148,-0.0002800406059,0.000313612648,-0.05442102104
0.152,-0.00023904741,0.000244699873,-0.01430504408
0.156,-0.0002030283348,0.0001899319781,0.01768605235
0.16,-0.0001726764846,0.0001472996648,0.03914820381
0.164,-0.0001475635687,0.0001143259651,0.05009610981
0.168,-0.0001267748225,8.873880208e-05,0.05231945264
0.172,-0.0001093145298,6.871290184e-05,0.04841585216
0.176,-9.431504775e-05,5.288855172e-05,0.04102271521
0.18,-8.111534016e-05,4.029764301e-05,0.03236771013
0.184,-6.927062241e-05,3.026305365e-05,0.02406856711
0.188,-5.852119857e-05,2.230521121e-05,0.01710489225
0.192,-4.874717069e-05,1.606724534e-05,0.01190038509
0.196,-3.991652407e-05,1.126384137e-05,0.008461727292
0.2,-3.204061539e-05,7.650379485e-06,0.006530815036
0.204,-2.513907517e-05,5.008139351e-06,0.00572128774
0.208,-1.921649342e-05,3.139565177e-06,0.005623987977
0.212,-1.425314321e-05,1.868804935e-06,0.005876745828
0.216,-1.020170793e-05,1.04377566e-06,0.006201062861
0.22,-6.99187619e-06,5.375778275e-07,0.006412452887
0.224,-4.536441174e-06,2.484827608e-07,0.006412744332
0.228,-2.737741357e-06,9.84467179e-08,0.006172253917
0.232,-1.49375325e-06,3.055215701e-08,0.00570838416
0.236,-7.000234102e-07,5.857751357e-09,0.005065254134
0.24,-2.542464979e-07,-2.020073232e-12,0.004297035558
0.244,-5.469708292e-08,-1.946729486e-10,0.003456084298
0.248,-2.042289122e-09,1.564882865e-11,0.002585853057
0.252,1.868809329e-09,-4.601442151e-11,-0.004114768101
0.256,5.026817355e-08,-1.629145074e-09,-0.01371701757
0.26,2.643715194e-07,2.352898389e-08,0.04242738709
0.264,8.308641444e-07,1.659828986e-07,0.1613476308
0.268,1.954772845e-06,5.293181971e-07,0.3099817834
0.272,3.827003033e-06,1.183938759e-06,0.4646969842
0.276,6.612825684e-06,2.150390875e-06,0.6132188578
0.28,1.044995975e-05,3.397842716e-06,0.7499766356
0.284,1.54566402e-05,4.854327825e-06,0.8737306841
0.288,2.174377298e-05,6.421943114e-06,0.9860941608
0.292,2.942557093e-05,7.986955438e-06,1.090112553
0.296,3.862616793e-05,9.42102427e-06,1.189100972
0.3,4.947733133e-05,1.057507513e-05,1.285914878
0.304,6.211299986e-05,1.126936118e-05,1.382620711
0.308,7.666225668e-05,1.128301813e-05,1.480453267
0.312,9.323876208e-05,1.034541705e-05,1.57994472
0.316,0.0001119327744,8.130632962e-06,1.681129744
0.32,0.0001328027824,4.255569245e-06,1.783756926
0.324,0.0001558685823,-1.718680811e-06,1.887463671
0.328,0.0001811032845,-1.028282873e-05,1.991895815
0.332,0.0002084342777,-2.197404153e-05,2.096770901
0.336,0.0002377308242,-3.73694135e-05,2.201895172
0.34,0.0002688075846,-5.707956871e-05,2.307148762
0.344,0.0003014159192,-8.174229865e-05,2.412454065
0.348,0.0003352451065,-0.0001120169867,2.517739384
0.352,0.0003699170101,-0.0001485795767,2.622906403
0.356,0.0004049863871,-0.0001921178824,2.727806053
0.36,0.0004399359289,-0.0002433282844,2.832224558
0.364,0.0004741793972,-0.0003029117306,2.935879229
0.368,0.0005070497352,-0.0003715710578,3.038422927
0.372,0.0005378085272,-0.0004500069742,3.139455688
0.376,0.0005627703575,-0.0005355630937,3.237857158
0.38,0.0005520523779,-0.0005915820647,3.307109463
0.384,0.0004957081241,-0.0005991911847,3.258554806
0.388,0.0004138163455,-0.0005674595319,3.086231468
0.392,0.0003304139759,-0.0005126442692,2.867453447
0.396,0.0002591855604,-0.0004511154604,2.663763568
0.4,0.0002031683355,-0.000393359102,2.492858015
0.404,0.0001603696234,-0.0003434721077,2.349946034
0.408,0.0001277007396,-0.0003016241381,2.227561092
0.412,0.0001024096829,-0.0002663539792,2.120312827
0.416,8.239532459e-05,-0.0002358605369,2.023511499
0.42,6.618378238e-05,-0.0002085911233,1.932673989
0.424,5.281818641e-05,-0.0001834680078,1.844206647
0.428,4.171054608e-05,-0.0001599087887,1.755807437
0.432,3.249335226e-05,-0.0001377240542,1.666269426
0.436,2.491497461e-05,-0.0001169711631,1.575100974
0.44,1.877301419e-05,-9.781536039e-05,1.482236941
0.444,1.388073555e-05,-8.042927396e-05,1.38784957
0.448,1.005659542e-05,-6.493553899e-05,1.292211228
0.452,7.127937332e-06,-5.138404912e-05,1.195599079
0.456,4.931673757e-06,-3.975354916e-05,1.098244323
0.46,3.32065241e-06,-2.996528541e-05,1.000316613
0.464,2.166780639e-06,-2.189990518e-05,0.9019281015
0.468,1.362729965e-06,-1.541223671e-05,0.8031457636
0.472,8.189919031e-07,-1.034214369e-05,0.7040061725
0.476,4.647324563e-07,-6.521406046e-06,0.604529518
0.48,2.44065558e-07,-3.777310858e-06,0.5047307571
0.484,1.146897243e-07,-1.934469722e-06,0.4046269669
0.488,4.529701551e-08,-8.153976357e-07,0.3042411597
0.492,1.263169285e-08,-2.407838238e-07,0.2036034631
0.496,1.566356872e-09,-2.971766325e-08,0.1027506167
0.5,4.679607028e-11,3.245319246e-13,0.001724622774
0.504,2.272250177e-09,5.635534165e-08,0.09001199456
0.508,5.185567017e-08,6.31992968e-07,0.3938604091
0.512,2.675593214e-07,2.625106002e-06,0.7578994125
0.516,7.873976433e-07,7.070590859e-06,1.120116557
0.52,1.725976509e-06,1.492717146e-05,1.462860198
0.524,3.181428156e-06,2.699112115e-05,1.786877669
0.528,5.252652198e-06,4.389425732e-05,2.098276628
0.532,8.050727551e-06,6.615522052e-05,2.40282508
0.536,1.170311377e-05,9.424249379e-05,2.704323309
0.54,1.635023636e-05,0.0001286069938,3.004802195
0.544,2.213975197e-05,0.0001696746943,3.305164849
0.548,2.921626993e-05,0.0002178107509,3.60570474
0.552,3.770989771e-05,0.0002732709765,3.906428475
0.556,4.772360319e-05,0.000336149977,4.207249591
0.56,5.931359021e-05,0.0004063286675,4.508096352
0.564,7.247454307e-05,0.0004834289978,4.808952882
0.568,8.711568986e-05,0.0005667728197,5.109857465
0.572,0.0001030340444,0.0006553538951,5.410884571
0.576,0.0001198852088,0.0007478140085,5.712126634
0.58,0.0001371446578,0.000842427613,6.013679818
0.584,0.0001540738807,0.0009370951301,6.315633592
0.588,0.0001696702497,0.001029346445,6.618063959
0.592,0.0001826097607,0.001116355345,6.921030333
0.596,0.0001913094897,0.001195006436,7.22457485
0.6,0.000193678901,0.001261905834,7.528722878
0.604,0.0001872944119,0.001313528706,7.833483433
0.608,0.000169342595,0.001346343261,8.138849548
0.612,0.0001365347096,0.001356948829,8.444798791
0.616,8.524721442e-05,0.001342321411,8.751293364
0.62,1.16114958e-05,0.001300054155,9.058281415
0.624,-8.850122897e-05,0.001228617168,9.365696959
0.628,-0.0002367872691,0.001047794609,9.38354544
0.632,-0.0003844262934,0.0007369912679,8.907861239
0.636,-0.0004469364783,0.0004838865813,8.469610943
0.64,-0.0004513519007,0.0003190770257,8.161037167
0.644,-0.0004369180277,0.0002122257268,7.900067135
0.648,-0.0004193408283,0.0001403404197,7.646741806
0.652,-0.0004014868955,9.124520561e-05,7.39505716
0.656,-0.000383046661,5.686973527e-05,7.136892917
0.66,-0.0003630930323,3.189955836e-05,6.863236145
0.664,-0.0003407761666,1.353195814e-05,6.571917143
0.668,-0.0003157619399,4.207865412e-07,6.266408473
0.672,-0.0002883123121,-8.270204102e-06,5.951923777
0.676,-0.0002591204368,-1.328837038e-05,5.633297399
0.68,-0.0002290908338,-1.539859331e-05,5.314278443
0.684,-0.0001991613054,-1.537238805e-05,4.997352692
0.688,-0.0001701772089,-1.393890321e-05,4.683819384
0.692,-0.0001428305255,-1.173231716e-05,4.374026304
0.696,-0.0001176357438,-9.255513591e-06,4.067666272
0.7,-9.493302091e-05,-6.866476892e-06,3.76406121
0.704,-7.491002034e-05,-4.785453161e-06,3.462395214
0.708,-5.762668021e-05,-3.116526432e-06,3.161881992
0.712,-4.304223373e-05,-1.876398055e-06,2.86186717
0.716,-3.103601595e-05,-1.024275332e-06,2.561874679
0.72,-2.143154503e-05,-4.8834774e-07,2.261610536
0.724,-1.400704916e-05,-1.867145214e-07,1.960938857
0.728,-8.511836306e-06,-4.19425457e-08,1.659843308
0.732,-4.672819438e-06,1.036008831e-08,1.358384889
0.736,-2.202319607e-06,1.752148175e-08,1.056663385
0.74,-8.035136294e-07,9.821452133e-09,0.7547870477
0.744,-1.735511011e-07,2.624078214e-09,0.4528519841
0.748,-6.44385835e-09,1.240037369e-10,0.1509308587
0.752,6.465879461e-09,5.768703075e-10,-0.1422905986
0.756,1.780387538e-07,2.006555612e-08,-0.4293019793
0.76,8.786119772e-07,-2.754059034e-08,-0.7846235193
0.764,2.506399117e-06,-4.653353126e-07,-1.197398553
0.768,5.419375908e-06,-1.676840956e-06,-1.639812932
0.772,9.930597416e-06,-3.97203256e-06,-2.09282586
0.776,1.631093521e-05,-7.549617389e-06,-2.544837234
0.78,2.477984955e-05,-1.250044457e-05,-2.98915967
0.784,3.549443818e-05,-1.883627372e-05,-3.42278427
0.788,4.85380113e-05,-2.653412548e-05,-3.845455468
0.792,6.390299974e-05,-3.558422027e-05,-4.258742545
0.796,8.14680225e-05,-4.603196344e-05,-4.665172161
0.8,0.0001009632359,-5.800851533e-05,-5.067521314
0.804,0.0001219385706,-7.174999752e-05,-5.468321158
0.808,0.0001437270207,-8.760842081e-05,-5.869572861
0.812,0.0001654140662,-0.000106060066,-6.272643158
0.816,0.0001858137741,-0.0001277168391,-6.678290516
0.82,0.0002034557194,-0.0001533449276,-7.08677001
0.824,0.0002165837391,-0.000183894068,-7.49797146
0.828,0.0002231700716,-0.0002205357957,-7.911556648
0.832,0.0002209464848,-0.000264709822,-8.327074133
0.836,0.0002074563529,-0.0003181748665,-8.744041409
0.84,0.0001801318993,-0.0003830591184,-9.161992976
0.844,0.000136398169,-0.0004619071897,-9.580498822
0.848,7.381429124e-05,-0.0005577186884,-9.999160652
0.852,-9.753433905e-06,-0.0006739751554,-10.41759436
0.856,-0.0001159296907,-0.0008146569702,-10.83540615
0.86,-0.0002455829792,-0.0009842390106,-11.25216871
0.864,-0.0003985555384,-0.001187674842,-11.66740131
0.868,-0.0005733932008,-0.001430353255,-12.08055682
0.872,-0.000767046986,-0.00171803534,-12.49101631
0.876,-0.0009588828265,-0.002034050891,-12.83648189
0.88,-0.001011700703,-0.002185935097,-12.66226583
0.884,-0.0009680585459,-0.002188375377,-12.19872143
0.888,-0.0008791138672,-0.002109608338,-11.63536167
0.892,-0.000765683007,-0.00198690163,-11.02088364
0.896,-0.0006515668282,-0.001847017933,-10.41698838
0.9,-0.0005503136128,-0.001702549339,-9.866477961
0.904,-0.0004644776414,-0.001557436277,-9.380430486
0.908,-0.000391623172,-0.001412927732,-8.949690021
0.912,-0.000328545858,-0.001270204232,-8.557571721
0.916,-0.0002728897248,-0.001130886418,-8.187209083
0.92,-0.0002233970213,-0.0009967854826,-7.824974135
0.924,-0.0001796116498,-0.000869558388,-7.461679719
0.928,-0.0001414725605,-0.0007504913589,-7.092423938
0.932,-0.0001089745884,-0.0006404441972,-6.7156551
0.936,-8.197412869e-05,-0.000539903478,-6.331963898
0.94,-6.012838905e-05,-0.0004490741932,-5.942973949
0.944,-4.29278386e-05,-0.0003679642193,-5.550522006
0.948,-2.974942093e-05,-0.0002964354357,-5.156169762
0.952,-1.993751783e-05,-0.0002342322575,-4.76099915
0.956,-1.285475048e-05,-0.0001809883978,-4.365605032
0.96,-7.916362712e-06,-0.0001362309146,-3.970196637
0.964,-4.609637835e-06,-9.938545136e-05,-3.574736165
0.968,-2.501138401e-06,-6.979183214e-05,-3.179067856
0.972,-1.237736783e-06,-4.671925963e-05,-2.783014211
0.976,-5.385141577e-07,-2.938760125e-05,-2.386433872
0.98,-1.933485298e-07,-1.698554525e-05,-1.989246512
0.984,-4.935696064e-08,-8.687115071e-06,-1.591434588
0.988,-4.45161879e-09,-3.663134673e-06,-1.193032212
0.992,2.427788437e-09,-1.08635453e-06,-0.7941092897
0.996,1.188373061e-09,-1.36629405e-07,-0.3947562722
1,8.288112862e-10,-1.5764607e-11,0.004927774544
1.004,2.849801754e-10,5.913605971e-08,0.2281460107
1.008,2.34089917e-10,1.808658229e-07,0.2468133593
1.012,2.211580191e-10,1.946465881e-07,0.2025368189
1.016,8.819234501e-11,1.213151838e-07,0.1406629289
1.02,5.918689335e-12,4.931065252e-08,0.07867949124
1.024,-9.949086973e-12,1.262998517e-08,0.03017252962
1.028,-5.184499703e-12,1.580028377e-09,0.001424847454
1.032,-6.452627734e-13,2.233303966e-11,-0.01002276137
1.036,2.608528154e-12,-2.618996218e-11,-0.01071764899
1.04,5.500920007e-12,-2.090854495e-10,-0.006718221275
1.044,7.800778142e-12,-3.177271973e-10,-0.001918845712
1.048,9.359872977e-12,-2.508548512e-10,0.001742242203
1.052,1.025216821e-11,-1.270168843e-10,0.003640752111
1.056,1.059251909e-11,-4.286649442e-11,0.003931713365
1.06,1.052221236e-11,-9.53747825e-12,0.003143342216
1.064,1.020551444e-11,-2.203952167e-12,0.00187270065
1.068,9.791556612e-12,-1.591398285e-12,0.0005982943749
1.072,9.38674976e-12,-1.292310933e-12,-0.0003911571994
1.076,9.051460743e-12,-9.367190081e-13,-0.0009858132615
1.08,8.80941943e-12,-9.117828807e-13,-0.001204746306
1.084,8.659809475e-12,-1.121479422e-12,-0.001138549537
1.088,8.587971328e-12,-1.33507903e-12,-0.0009011745729
1.092,8.573500511e-12,-1.460148968e-12,-0.0005971612584
1.096,8.595663269e-12,-1.516615706e-12,-0.0003044007056
1.1,8.636554868e-12,-1.543328911e-12,-6.938507502e-05
1.104,8.682567291e-12,-1.559462717e-12,8.93552774e-05
1.108,8.724679022e-12,-1.569143862e-12,0.0001737715288
1.112,8.757991633e-12,-1.572915453e-12,0.000197949128
1.116,8.780854454e-12,-1.572202897e-12,0.0001808647461
1.12,8.793853352e-12,-1.569011694e-12,0.0001411541574
1.124,8.798854511e-12,-1.564969454e-12,9.40298308e-05
1.128,8.798222174e-12,-1.561069318e-12,5.002882489e-05
1.132,8.794263132e-12,-1.557828793e-12,1.507006514e-05
1.136,8.788894119e-12,-1.555463966e-12,-8.71994458e-06
1.14,8.783498576e-12,-1.553989867e-12,-2.1867183e-05
1.144,8.778922145e-12,-1.553287535e-12,-2.641837682e-05
1.148,8.775552256e-12,-1.553165329e-12,-2.500624677e-05
1.152,8.773437916e-12,-1.553415839e-12,-2.01896175e-05
1.156,8.772414411e-12,-1.553854146e-12,-1.406796321e-05
1.16,8.772212751e-12,-1.554338601e-12,-8.124062721e-06
1.164,8.772541822e-12,-1.554775868e-12,-3.229236764e-06
1.168,8.773142657e-12,-1.555116525e-12,2.547281966e-07
1.172,8.773815204e-12,-1.555345349e-12,2.332146261e-06
1.176,8.774426912e-12,-1.555470469e-12,3.228221133e-06
1.18,8.774906587e-12,-1.555512904e-12,3.26611577e-06
1.184,8.775231546e-12,-1.555498374e-12,2.777119619e-06
1.188,8.775412002e-12,-1.555451365e-12,2.045086138e-06
1.192,8.77547642e-12,-1.555391874e-12,1.28036407e-06
1.196,8.775460131e-12,-1.555334017e-12,6.156516146e-07
1.2,8.77539771e-12,-1.555286152e-12,1.15736268e-07
1.204,8.77531675e-12,-1.555251816e-12,-2.059190535e-07
1.208,8.775237102e-12,-1.555231063e-12,-3.690678879e-07
1.212,8.775170752e-12,-1.555221814e-12,-4.105013251e-07
1.216,8.775122676e-12,-1.555221018e-12,-3.715776831e-07
1.22,8.775093326e-12,-1.555225495e-12,-2.899526034e-07
1.224,8.77507987e-12,-1.555232491e-12,-1.951476261e-07
1.228,8.775078157e-12,-1.555239936e-12,-1.071367475e-07
1.232,8.775083721e-12,-1.555246496e-12,-3.698205456e-08
1.236,8.775093126e-12,-1.555251499e-12,1.138852747e-08
1.24,8.775103197e-12,-1.555254773e-12,3.898905617e-08
1.244,8.775112204e-12,-1.555256486e-12,4.96744686e-08
1.248,8.775119059e-12,-1.55525698e-12,4.842263413e-08
1.252,8.775123478e-12,-1.555256654e-12,4.011680703e-08
1.256,8.775125934e-12,-1.555255881e-12,2.882151027e-08
1.26,8.775126771e-12,-1.555254953e-12,1.747068683e-08
1.264,8.775126223e-12,-1.555254076e-12,7.854625257e-09
1.268,8.775125386e-12,-1.555253367e-12,7.902443333e-10
1.272,8.77512406e-12,-1.55525287e-12,-3.623863058e-09
1.276,8.775122999e-12,-1.555252579e-12,-5.740668842e-09
1.28,8.775121992e-12,-1.555252459e-12,-6.13238961e-09
1.284,8.77512135e-12,-1.555252463e-12,-5.415263078e-09
1.288,8.775120971e-12,-1.55525254e-12,-4.136283223e-09
1.292,8.775120705e-12,-1.555252651e-12,-2.715198276e-09
1.296,8.775120768e-12,-1.555252765e-12,-1.429100505e-09
1.3,8.775120832e-12,-1.555252862e-12,-4.252822144e-10
1.304,8.775121024e-12,-1.555252936e-12,2.507434139e-10
1.308,8.775120996e-12,-1.555252982e-12,6.223737156e-10
1.312,8.775121247e-12,-1.555253006e-12,7.512216335e-10
1.316,8.775121194e-12,-1.55525301e-12,7.125201056e-10
1.32,8.775121291e-12,-1.555253004e-12,5.780609734e-10
1.324,8.775121418e-12,-1.555252991e-12,4.063670273e-10
1.328,8.77512142e-12,-1.555252977e-12,2.387879262e-10
1.332,8.77512151e-12,-1.555252964e-12,9.98024582e-11
1.336,8.775121514e-12,-1.555252954e-12,-1.709046505e-13
1.34,8.775121448e-12,-1.555252946e-12,-6.087748395e-11
1.344,8.775121433e-12,-1.555252942e-12,-8.827660642e-11
1.348,8.775121247e-12,-1.55525294e-12,-9.117492639e-11
1.352,8.775121326e-12,-1.55525294e-12,-7.873741583e-11
1.356,8.775121355e-12,-1.555252941e-12,-5.891980839e-11
1.36,8.775121289e-12,-1.555252943e-12,-3.770440641e-11
1.364,8.775121398e-12,-1.555252946e-12,-1.894322789e-11
1.368,8.775121411e-12,-1.555252947e-12,-4.594295075e-12
1.372,8.775121266e-12,-1.555252947e-12,4.839897509e-12
1.376,8.77512135e-12,-1.555252948e-12,9.81936006e-12
1.38,8.77512142e-12,-1.555252949e-12,1.131708661e-11
1.384,8.775121373e-12,-1.555252949e-12,1.046638741e-11
1.388,8.775121318e-12,-1.555252948e-12,8.321450076e-12
1.392,8.775121393e-12,-1.555252948e-12,5.724237771e-12
1.396,8.775121339e-12,-1.555252947e-12,3.256631426e-12
1.4,8.775121351e-12,-1.555252947e-12,1.252005127e-12
1.404,8.775121415e-12,-1.555252947e-12,-1.592109334e-13
1.408,8.775121377e-12,-1.555252947e-12,-9.901963936e-13
1.412,8.77512137e-12,-1.555252946e-12,-1.33929825e-12
1.416,8.775121243e-12,-1.555252946e-12,-1.341267165e-12
1.42,8.775121421e-12,-1.555252947e-12,-1.132039196e-12
1.424,8.775121359e-12,-1.555252946e-12,-8.270755092e-13
1.428,8.775121382e-12,-1.555252946e-12,-5.114536961e-13
1.432,8.775121258e-12,-1.555252946e-12,-2.384810259e-13
1.436,8.775121499e-12,-1.555252947e-12,-3.393724811e-14
1.44,8.775121356e-12,-1.555252946e-12,9.719376422e-14
1.444,8.775121322e-12,-1.555252945e-12,1.632814834e-13
1.448,8.775121271e-12,-1.555252946e-12,1.795928217e-13
1.452,8.775121396e-12,-1.555252946e-12,1.631163226e-13
1.456,8.775121177e-12,-1.555252945e-12,1.292856841e-13
1.46,8.775121427e-12,-1.555252946e-12,9.017460469e-14
1.464,8.77512137e-12,-1.555252946e-12,5.394717694e-14
1.468,8.775121377e-12,-1.555252946e-12,2.51100187e-14
1.472,8.775121248e-12,-1.555252945e-12,5.235386027e-15
1.476,8.775121351e-12,-1.555252946e-12,-6.057836999e-15
1.48,8.775121374e-12,-1.555252946e-12,-1.039742217e-14
1.484,8.77512134e-12,-1.555252945e-12,-9.847002257e-15
1.488,8.775121214e-12,-1.555252945e-12,-6.406181221e-15
1.492,8.77512127e-12,-1.555252945e-12,-1.731007637e-15
1.496,8.775121392e-12,-1.555252946e-12,2.94434871e-15
1.5,8.775121369e-12,-1.555252945e-12,6.89717553e-15
1.504,8.775121357e-12,-1.555252945e-12,9.807017396e-15
1.508,8.775121406e-12,-1.555252946e-12,1.162925329e-14
1.512,8.775121337e-12,-1.555252945e-12,1.249180622e-14
1.516,8.775121334e-12,-1.555252945e-12,1.265460938e-14
1.52,8.775121422e-12,-1.555252945e-12,1.236333444e-14
1.524,8.77512146e-12,-1.555252945e-12,1.183432875e-14
1.528,8.775121482e-12,-1.555252945e-12,1.123366899e-14
1.532,8.775121483e-12,-1.555252945e-12,1.071426765e-14
1.536,8.775121483e-12,-1.555252945e-12,1.029413469e-14
1.54,8.775121351e-12,-1.555252944e-12,1.003113466e-14
1.544,8.77512141e-12,-1.555252944e-12,9.875085022e-15
1.548,8.775121375e-12,-1.555252944e-12,9.807692761e-15
1.552,8.775121358e-12,-1.555252944e-12,9.833297074e-15
1.556,8.775121328e-12,-1.555252944e-12,9.881907831e-15
1.56,8.775121312e-12,-1.555252944e-12,9.953504369e-15
1.564,8.775121266e-12,-1.555252944e-12,1.000752612e-14
1.568,8.775121422e-12,-1.555252944e-12,1.00579814e-14
1.572,8.775121359e-12,-1.555252944e-12,1.010785638e-14
1.576,8.775121384e-12,-1.555252944e-12,1.012940869e-14
1.58,8.775121324e-12,-1.555252943e-12,1.013410685e-14
1.584,8.775121397e-12,-1.555252944e-12,1.014243487e-14
1.588,8.775121349e-12,-1.555252943e-12,1.015180594e-14
1.592,8.775121452e-12,-1.555252944e-12,1.014328574e-14
1.596,8.775121314e-12,-1.555252943e-12,1.015029055e-14
1.6,8.775121259e-12,-1.555252943e-12,1.011305691e-14
1.604,8.775121391e-12,-1.555252943e-12,1.010131121e-14
1.608,8.775121492e-12,-1.555252944e-12,1.008819268e-14
1.612,8.775121292e-12,-1.555252942e-12,1.00809695e-14
1.616,8.775121413e-12,-1.555252943e-12,1.008070333e-14
1.62,8.775121385e-12,-1.555252943e-12,1.010051272e-14
1.624,8.775121301e-12,-1.555252942e-12,1.009052533e-14
1.628,8.775121418e-12,-1.555252943e-12,1.011150885e-14
1.632,8.775121405e-12,-1.555252943e-12,1.013794984e-14
1.636,8.775121468e-12,-1.555252943e-12,1.017167397e-14
1.64,8.775121355e-12,-1.555252942e-12,1.013200341e-14
1.644,8.775121483e-12,-1.555252943e-12,1.013425838e-14
1.648,8.775121355e-12,-1.555252943e-12,1.01223181e-14
1.652,8.775121211e-12,-1.555252941e-12,1.011843493e-14
1.656,8.775121242e-12,-1.555252941e-12,1.009341038e-14
1.66,8.775121431e-12,-1.555252942e-12,1.01092198e-14
1.664,8.775121352e-12,-1.555252942e-12,1.012455667e-14
1.668,8.775121405e-12,-1.555252942e-12,1.013596513e-14
1.672,8.775121241e-12,-1.555252941e-12,1.013819003e-14
1.676,8.775121562e-12,-1.555252943e-12,1.0115339e-14
1.68,8.775121445e-12,-1.555252942e-12,1.009534341e-14
1.684,8.775121336e-12,-1.555252942e-12,1.010321373e-14
1.688,8.775121366e-12,-1.555252941e-12,1.011360861e-14
1.692,8.775121386e-12,-1.555252942e-12,1.011644442e-14
1.696,8.775121479e-12,-1.555252941e-12,1.011813264e-14
1.7,8.775121296e-12,-1.555252941e-12,1.013173979e-14
1.704,8.775121442e-12,-1.555252942e-12,1.012891403e-14
1.708,8.775121343e-12,-1.555252941e-12,1.011843572e-14
1.712,8.775121344e-12,-1.555252941e-12,1.010571191e-14
1.716,8.775121264e-12,-1.55525294e-12,1.009259506e-14
1.72,8.77512135e-12,-1.555252941e-12,1.01041957e-14
1.724,8.775121368e-12,-1.555252941e-12,1.01248793e-14
1.728,8.775121505e-12,-1.555252941e-12,1.013923944e-14
1.732,8.775121459e-12,-1.555252941e-12,1.012619873e-14
1.736,8.77512129e-12,-1.55525294e-12,1.012411864e-14
1.74,8.77512135e-12,-1.55525294e-12,1.011567222e-14
1.744,8.775121336e-12,-1.55525294e-12,1.010643318e-14
1.748,8.775121362e-12,-1.555252941e-12,1.011919324e-14
1.752,8.775121235e-12,-1.55525294e-12,1.011442312e-14
1.756,8.775121372e-12,-1.555252941e-12,1.013558198e-14
1.76,8.775121335e-12,-1.55525294e-12,1.012519989e-14
1.764,8.775121362e-12,-1.55525294e-12,1.012573934e-14
1.768,8.775121354e-12,-1.55525294e-12,1.013254275e-14
1.772,8.775121446e-12,-1.55525294e-12,1.011679595e-14
1.776,8.775121469e-12,-1.55525294e-12,1.013513144e-14
1.78,8.775121324e-12,-1.555252939e-12,1.010423601e-14
1.784,8.775121447e-12,-1.55525294e-12,1.011908008e-14
1.788,8.775121435e-12,-1.55525294e-12,1.009332209e-14
1.792,8.775121547e-12,-1.55525294e-12,1.011443479e-14
1.796,8.775121374e-12,-1.555252939e-12,1.013918244e-14
1.8,8.775121561e-12,-1.555252941e-12,1.013592188e-14
1.804,8.77512149e-12,-1.55525294e-12,1.012102574e-14
1.808,8.775121383e-12,-1.555252939e-12,1.011215349e-14
1.812,8.775121402e-12,-1.555252939e-12,1.009391216e-14
1.816,8.775121483e-12,-1.555252939e-12,1.009791239e-14
1.82,8.775121259e-12,-1.555252939e-12,1.010153164e-14
1.824,8.775121402e-12,-1.555252939e-12,1.011723093e-14
1.828,8.775121356e-12,-1.555252939e-12,1.01321651e-14
1.832,8.775121365e-12,-1.555252939e-12,1.01355406e-14
1.836,8.775121464e-12,-1.555252939e-12,1.015746631e-14
1.84,8.775121329e-12,-1.555252939e-12,1.013775458e-14
1.844,8.775121417e-12,-1.555252939e-12,1.01076261e-14
1.848,8.775121372e-12,-1.555252938e-12,1.009828926e-14
1.852,8.775121305e-12,-1.555252938e-12,1.011134725e-14
1.856,8.775121268e-12,-1.555252938e-12,1.011661052e-14
1.86,8.775121416e-12,-1.555252938e-12,1.01316065e-14
1.864,8.775121313e-12,-1.555252938e-12,1.011225239e-14
1.868,8.775121482e-12,-1.555252939e-12,1.012878211e-14
1.872,8.775121433e-12,-1.555252939e-12,1.012922658e-14
1.876,8.775121365e-12,-1.555252937e-12,1.01024147e-14
1.88,8.775121439e-12,-1.555252938e-12,1.008399959e-14
1.884,8.775121405e-12,-1.555252938e-12,1.010362066e-14
1.888,8.775121348e-12,-1.555252938e-12,1.009162493e-14
1.892,8.77512145e-12,-1.555252938e-12,1.01207777e-14
1.896,8.775121421e-12,-1.555252938e-12,1.013614634e-14
1.9,8.775121446e-12,-1.555252938e-12,1.015963118e-14
1.904,8.775121423e-12,-1.555252938e-12,1.014807664e-14
1.908,8.775121296e-12,-1.555252937e-12,1.011914232e-14
1.912,8.7751214e-12,-1.555252938e-12,1.012412873e-14
1.916,8.775121369e-12,-1.555252937e-12,1.011896039e-14
1.92,8.775121451e-12,-1.555252937e-12,1.011041227e-14
1.924,8.775121411e-12,-1.555252937e-12,1.01021087e-14
1.928,8.775121365e-12,-1.555252937e-12,1.009870565e-14
1.932,8.775121329e-12,-1.555252937e-12,1.012718616e-14
1.936,8.775121408e-12,-1.555252937e-12,1.014172556e-14
1.94,8.775121418e-12,-1.555252937e-12,1.013568073e-14
1.944,8.775121343e-12,-1.555252936e-12,1.011655008e-14
1.948,8.775121391e-12,-1.555252937e-12,1.012531342e-14
1.952,8.775121399e-12,-1.555252937e-12,1.011683113e-14
1.956,8.775121423e-12,-1.555252936e-12,1.008561917e-14
1.96,8.775121394e-12,-1.555252936e-12,1.009364727e-14
1.964,8.775121251e-12,-1.555252936e-12,1.010820399e-14
1.968,8.775121307e-12,-1.555252936e-12,1.011332596e-14
1.972,8.775121476e-12,-1.555252936e-12,1.012723737e-14
1.976,8.77512131e-12,-1.555252936e-12,1.013289341e-14
1.98,8.77512145e-12,-1.555252936e-12,1.012637665e-14
1.984,8.775121402e-12,-1.555252936e-12,1.012387452e-14
1.988,8.775121437e-12,-1.555252936e-12,1.013883588e-14
1.992,8.775121375e-12,-1.555252936e-12,1.009272413e-14
1.996,8.775121454e-12,-1.555252936e-12,1.010326447e-14
2,8.775121393e-12,-1.555252936e-12,1.011121782e-14
