#Exudyn implicit second order time integration sensor output file
#measure Object number = 7
#OutputVariableType = TorqueLocal
#simulation started = 2025-07-21,19:12:19
#columns contain: time, comma separated sensor values (e.g, x,y,z position coordinates)
#number of sensor values = 1
#Exudyn version = 1.10.0; Python3.13.2; Windows AVX2 FLOAT64
#
0,0
0.004,-33.84032422
0.008,-14.96881346
0.012,-0.6860458273
0.016,6.881443457
0.02,9.492940726
0.024,8.924703363
0.028,6.296729276
0.032,2.525844298
0.036,-1.53939391
0.04,-5.271147627
0.044,-8.353834844
0.048,-10.73563894
0.052,-12.52697972
0.056,-13.91398157
0.06,-15.10000269
0.064,-16.26834991
0.068,-17.56139436
0.072,-19.07371263
0.076,-20.8557172
0.08,-22.92315255
0.084,-25.26842104
0.088,-27.87110704
0.092,-30.70631222
0.096,-33.75033871
0.1,-36.98381924
0.104,-40.3927433
0.108,-43.96796926
0.112,-47.70384087
0.116,-51.59641016
0.12,-55.64163594
0.124,-59.83378296
0.128,-76.35503138
0.132,-117.0405994
0.136,-151.960943
0.14,-169.5845697
0.144,-173.4187579
0.148,-168.3433114
0.152,-157.7995645
0.156,-144.6947582
0.16,-131.512141
0.164,-119.9532684
0.168,-110.8543298
0.172,-104.3672071
0.176,-100.2027125
0.18,-97.84330023
0.184,-96.70699605
0.188,-96.25999853
0.192,-96.08013699
0.196,-95.87942049
0.2,-95.49756821
0.204,-94.87849721
0.208,-94.03979648
0.212,-93.04246711
0.216,-91.96545892
0.22,-90.88708198
0.224,-89.87351983
0.228,-88.97351975
0.232,-88.21771191
0.236,-87.62089384
0.24,-87.18581148
0.244,-86.90730616
0.248,-86.77605742
0.252,-111.4646671
0.256,-173.43813
0.26,-221.8211979
0.264,-246.8505337
0.268,-254.3516769
0.272,-251.0510597
0.276,-241.9529789
0.28,-230.7731989
0.284,-220.0239396
0.288,-211.0318737
0.292,-204.1644508
0.296,-199.1627332
0.3,-195.4527479
0.304,-192.380623
0.308,-189.3615909
0.312,-185.9523621
0.316,-181.8654986
0.32,-176.9473889
0.324,-171.1396241
0.328,-164.4388471
0.332,-156.8645581
0.336,-148.4391543
0.34,-139.1806677
0.344,-129.1060926
0.348,-118.2421443
0.352,-106.6400674
0.356,-94.39164488
0.36,-81.64418464
0.364,-68.61304511
0.368,-55.59064006
0.372,-42.95126571
0.376,-10.33605857
0.38,92.0966335
0.384,165.9493185
0.388,188.117008
0.392,175.611056
0.396,150.9693873
0.4,125.4609098
0.404,102.1306296
0.408,81.86193988
0.412,65.34518227
0.416,52.75887006
0.42,43.62508853
0.424,37.16693352
0.428,32.65095448
0.432,29.50398092
0.436,27.30608726
0.44,25.7653514
0.444,24.69473567
0.448,23.98384242
0.452,23.56874346
0.456,23.40794355
0.46,23.46725327
0.464,23.71173289
0.468,24.10234412
0.472,24.59579655
0.476,25.14642796
0.48,25.70897092
0.484,26.24128686
0.488,26.70657296
0.492,27.07490476
0.496,27.32415036
0.5,27.44038941
0.504,-78.05914575
0.508,-111.9592608
0.512,-115.620156
0.516,-109.8076083
0.52,-103.5687847
0.524,-99.76309227
0.528,-98.47090794
0.532,-98.92658805
0.536,-100.3824082
0.54,-102.3378759
0.544,-104.5150898
0.548,-106.7883334
0.552,-109.1250394
0.556,-111.5376444
0.56,-114.0459253
0.564,-116.6542602
0.568,-119.3431411
0.572,-122.0689937
0.576,-124.7670734
0.58,-127.3553555
0.584,-129.7388631
0.588,-131.8138986
0.592,-133.4715966
0.596,-134.6007936
0.6,-135.0904285
0.604,-134.8319043
0.608,-133.7214456
0.612,-131.6623459
0.616,-128.5673927
0.62,-124.3607511
0.624,-118.9803954
0.628,-36.65969436
0.632,-87.59349828
0.636,-151.5314798
0.64,-174.5377866
0.644,-175.1901619
0.648,-165.6416605
0.652,-147.6219139
0.656,-124.6939343
0.66,-102.2620455
0.664,-83.92091709
0.668,-70.86445978
0.672,-62.86269371
0.676,-59.02056798
0.68,-58.18588323
0.684,-59.21185295
0.688,-61.12478015
0.692,-63.20246805
0.696,-64.98455711
0.7,-66.24076437
0.704,-66.91783384
0.708,-67.08058517
0.712,-66.85745337
0.716,-66.39659632
0.72,-65.83516423
0.724,-65.2814325
0.728,-64.80789039
0.732,-64.45235436
0.736,-64.22414036
0.74,-64.11249533
0.744,-64.09522493
0.748,-64.14614532
0.752,-38.32218318
0.756,26.83375256
0.76,77.80369104
0.764,108.3434439
0.768,122.658429
0.772,125.231538
0.776,119.9899816
0.78,110.3440707
0.784,98.99983856
0.788,87.81417577
0.792,77.79951485
0.796,69.24907951
0.8,61.92487241
0.804,55.25795305
0.808,48.52624354
0.812,40.99118167
0.816,31.98790615
0.82,20.97299422
0.824,7.539054196
0.828,-8.592622175
0.832,-27.5907615
0.836,-49.53555975
0.84,-74.43688172
0.844,-102.245872
0.848,-132.8587402
0.852,-166.1132313
0.856,-201.7791761
0.86,-239.5451431
0.864,-279.0031919
0.868,-319.6337053
0.872,-360.7918563
0.876,-458.9990147
0.88,-635.1183123
0.884,-704.167919
0.888,-714.6657029
0.892,-673.9963379
0.896,-603.6596806
0.9,-526.270639
0.904,-456.0001696
0.908,-398.9198634
0.912,-355.9149353
0.916,-325.0594463
0.92,-303.2592303
0.924,-287.3651263
0.928,-274.820165
0.932,-263.9019831
0.936,-253.6799415
0.94,-243.8232455
0.944,-234.3694418
0.948,-225.5210081
0.952,-217.5006491
0.956,-210.4695084
0.96,-204.4972471
0.964,-199.5667985
0.968,-195.5970702
0.972,-192.470666
0.976,-190.0585836
0.98,-188.2382471
0.984,-186.9043032
0.988,-185.9734169
0.992,-185.384937
0.996,-185.0992826
1,-185.0954602
1.004,-73.97692637
1.008,-27.42380826
1.012,-8.878630615
1.016,-6.085854864
1.02,-13.40091137
1.024,-24.277693
1.028,-33.44681976
1.032,-38.85638212
1.036,-40.86752077
1.04,-40.68607087
1.044,-39.45258766
1.048,-37.98575906
1.052,-36.77760899
1.056,-36.04138826
1.06,-35.78283135
1.064,-35.88758834
1.068,-36.20140492
1.072,-36.5843285
1.076,-36.93644446
1.08,-37.20272297
1.084,-37.36606726
1.088,-37.43550307
1.092,-37.43402341
1.096,-37.38866352
1.1,-37.32385106
1.104,-37.25797053
1.108,-37.20245632
1.112,-37.16252496
1.116,-37.13872718
1.12,-37.12869871
1.124,-37.12871493
1.128,-37.13485583
1.132,-37.14373711
1.136,-37.15285819
1.14,-37.16066325
1.144,-37.16642127
1.148,-37.17001818
1.152,-37.17173096
1.156,-37.1720283
1.16,-37.17141948
1.164,-37.17035696
1.168,-37.16918674
1.172,-37.16813549
1.176,-37.16732177
1.18,-37.16677999
1.184,-37.16648823
1.188,-37.1663939
1.192,-37.16643414
1.196,-37.16654973
1.2,-37.16669296
1.204,-37.16683058
1.208,-37.16694327
1.212,-37.16702325
1.216,-37.16707087
1.22,-37.16709142
1.224,-37.16709234
1.228,-37.16708118
1.232,-37.16706445
1.236,-37.16704693
1.24,-37.16703166
1.244,-37.16702015
1.248,-37.1670127
1.252,-37.16700889
1.256,-37.16700788
1.26,-37.16700872
1.264,-37.16701057
1.268,-37.16701273
1.272,-37.16701475
1.276,-37.16701636
1.28,-37.16701748
1.284,-37.16701813
1.288,-37.16701839
1.292,-37.16701836
1.296,-37.16701818
1.3,-37.16701792
1.304,-37.16701766
1.308,-37.16701744
1.312,-37.16701728
1.316,-37.16701718
1.32,-37.16701713
1.324,-37.16701712
1.328,-37.16701713
1.332,-37.16701716
1.336,-37.16701719
1.34,-37.16701722
1.344,-37.16701725
1.348,-37.16701726
1.352,-37.16701727
1.356,-37.16701727
1.36,-37.16701727
1.364,-37.16701727
1.368,-37.16701726
1.372,-37.16701726
1.376,-37.16701726
1.38,-37.16701726
1.384,-37.16701725
1.388,-37.16701725
1.392,-37.16701725
1.396,-37.16701725
1.4,-37.16701725
1.404,-37.16701725
1.408,-37.16701726
1.412,-37.16701726
1.416,-37.16701726
1.42,-37.16701726
1.424,-37.16701726
1.428,-37.16701726
1.432,-37.16701726
1.436,-37.16701726
1.44,-37.16701726
1.444,-37.16701726
1.448,-37.16701726
1.452,-37.16701726
1.456,-37.16701726
1.46,-37.16701726
1.464,-37.16701726
1.468,-37.16701726
1.472,-37.16701726
1.476,-37.16701726
1.48,-37.16701726
1.484,-37.16701726
1.488,-37.16701726
1.492,-37.16701726
1.496,-37.16701726
1.5,-37.16701726
1.504,-37.16701726
1.508,-37.16701726
1.512,-37.16701726
1.516,-37.16701726
1.52,-37.16701726
1.524,-37.16701726
1.528,-37.16701726
1.532,-37.16701726
1.536,-37.16701726
1.54,-37.16701726
1.544,-37.16701726
1.548,-37.16701726
1.552,-37.16701726
1.556,-37.16701726
1.56,-37.16701726
1.564,-37.16701726
1.568,-37.16701726
1.572,-37.16701726
1.576,-37.16701726
1.58,-37.16701726
1.584,-37.16701726
1.588,-37.16701726
1.592,-37.16701726
1.596,-37.16701726
1.6,-37.16701726
1.604,-37.16701726
1.608,-37.16701726
1.612,-37.16701726
1.616,-37.16701726
1.62,-37.16701726
1.624,-37.16701726
1.628,-37.16701726
1.632,-37.16701726
1.636,-37.16701726
1.64,-37.16701726
1.644,-37.16701726
1.648,-37.16701726
1.652,-37.16701726
1.656,-37.16701726
1.66,-37.16701726
1.664,-37.16701726
1.668,-37.16701726
1.672,-37.16701726
1.676,-37.16701726
1.68,-37.16701726
1.684,-37.16701726
1.688,-37.16701726
1.692,-37.16701726
1.696,-37.16701726
1.7,-37.16701726
1.704,-37.16701726
1.708,-37.16701726
1.712,-37.16701726
1.716,-37.16701726
1.72,-37.16701726
1.724,-37.16701726
1.728,-37.16701726
1.732,-37.16701726
1.736,-37.16701726
1.74,-37.16701726
1.744,-37.16701726
1.748,-37.16701726
1.752,-37.16701726
1.756,-37.16701726
1.76,-37.16701726
1.764,-37.16701726
1.768,-37.16701726
1.772,-37.16701726
1.776,-37.16701726
1.78,-37.16701726
1.784,-37.16701726
1.788,-37.16701726
1.792,-37.16701726
1.796,-37.16701726
1.8,-37.16701726
1.804,-37.16701726
1.808,-37.16701726
1.812,-37.16701726
1.816,-37.16701726
1.82,-37.16701726
1.824,-37.16701726
1.828,-37.16701726
1.832,-37.16701726
1.836,-37.16701726
1.84,-37.16701726
1.844,-37.16701726
1.848,-37.16701726
1.852,-37.16701726
1.856,-37.16701726
1.86,-37.16701726
1.864,-37.16701726
1.868,-37.16701726
1.872,-37.16701726
1.876,-37.16701726
1.88,-37.16701726
1.884,-37.16701726
1.888,-37.16701726
1.892,-37.16701726
1.896,-37.16701726
1.9,-37.16701726
1.904,-37.16701726
1.908,-37.16701726
1.912,-37.16701726
1.916,-37.16701726
1.92,-37.16701726
1.924,-37.16701726
1.928,-37.16701726
1.932,-37.16701726
1.936,-37.16701726
1.94,-37.16701726
1.944,-37.16701726
1.948,-37.16701726
1.952,-37.16701726
1.956,-37.16701726
1.96,-37.16701726
1.964,-37.16701726
1.968,-37.16701726
1.972,-37.16701726
1.976,-37.16701726
1.98,-37.16701726
1.984,-37.16701726
1.988,-37.16701726
1.992,-37.16701726
1.996,-37.16701726
2,-37.16701726
