#Exudyn implicit second order time integration sensor output file
#measure Object number = 3
#OutputVariableType = AngularVelocityLocal
#simulation started = 2025-07-16,10:20:48
#columns contain: time, comma separated sensor values (e.g, x,y,z position coordinates)
#number of sensor values = 3
#Exudyn version = 1.10.0; Python3.13.2; Windows AVX2 FLOAT64
#
0,0,0,0
0.004,-1.863840957e-14,-4.983400467e-14,0.09335317439
0.008,-1.538684987e-12,-8.565589927e-12,0.3537842559
0.012,2.306197039e-11,-1.605320135e-10,0.7395619717
0.016,3.075805756e-09,-6.865884713e-12,1.204323688
0.02,1.600355533e-08,-4.7515195e-11,1.706668188
0.024,5.628696341e-08,5.865572863e-10,2.215723492
0.028,1.524021802e-07,2.347664242e-09,2.712025576
0.032,3.42316284e-07,7.262586956e-09,3.185856513
0.036,6.720261211e-07,1.882031072e-08,3.63478659
0.04,1.194663967e-06,4.265550655e-08,4.061174042
0.044,1.972768046e-06,8.731819008e-08,4.469932332
0.048,3.081846238e-06,1.652638133e-07,4.866763155
0.052,4.614531378e-06,2.943271182e-07,5.256955837
0.056,6.683989756e-06,4.995642037e-07,5.644729132
0.06,9.425882499e-06,8.152915051e-07,6.033004083
0.064,1.299969487e-05,1.287652171e-06,6.423468695
0.068,1.758781068e-05,1.977618525e-06,6.816806679
0.072,2.339451321e-05,2.963473982e-06,7.212989695
0.076,3.064427234e-05,4.344288819e-06,7.61156312
0.08,3.957971259e-05,6.243328238e-06,8.011883981
0.084,5.046039855e-05,8.811274985e-06,8.413293506
0.088,6.356059368e-05,1.2230803e-05,8.815223908
0.092,7.916844093e-05,1.672002619e-05,9.217249267
0.096,9.758370143e-05,2.253718091e-05,9.619095065
0.1,0.0001191161293,2.99859559e-05,10.0206214
0.104,0.0001440818076,3.941947082e-05,10.42179285
0.108,0.0001727991363,5.124592677e-05,10.82264492
0.112,0.0002055837204,6.593274298e-05,11.2232534
0.116,0.0002427404638,8.401198747e-05,11.62371007
0.12,0.0002845563117,0.0001060835386,12.02410592
0.124,0.0003312909538,0.0001328184198,12.42452133
0.128,0.000373880478,0.0001609332748,12.72118819
0.132,0.0003913330813,0.000180397074,12.72025868
0.136,0.0003830006767,0.0001884026484,12.45824129
0.14,0.0003556801709,0.0001859145027,12.01025958
0.144,0.0003179984604,0.0001758413291,11.45116424
0.148,0.0002772965957,0.0001615106189,10.84349301
0.152,0.0002384125171,0.0001456762076,10.23305635
0.156,0.0002038003791,0.0001301603606,9.649184525
0.16,0.0001741943947,0.0001159068708,9.106977584
0.164,0.000149317866,0.0001032158068,8.610461202
0.168,0.000128436633,9.20008655e-05,8.156037828
0.172,0.0001107123664,8.199717927e-05,7.735711158
0.176,9.539139018e-05,7.290183072e-05,7.339733146
0.18,8.188577148e-05,6.445532867e-05,6.958530138
0.184,6.978792256e-05,5.647999643e-05,6.583916761
0.188,5.885134955e-05,4.888812716e-05,6.20969505
0.192,4.89517122e-05,4.167083352e-05,5.831779669
0.196,4.004477305e-05,3.487531703e-05,5.448000834
0.2,3.212664807e-05,2.857844971e-05,5.057724415
0.204,2.520316336e-05,2.286228969e-05,4.661402952
0.208,1.926913382e-05,1.779535792e-05,4.260140189
0.212,1.429796768e-05,1.342104812e-05,3.855320971
0.216,1.023938604e-05,9.753034229e-06,3.448331945
0.22,7.022092922e-06,6.776000355e-06,3.040377959
0.224,4.559121168e-06,4.449542252e-06,2.632385102
0.228,2.75357116e-06,2.713578494e-06,2.22497329
0.232,1.503398029e-06,1.49363069e-06,1.818478241
0.236,7.053249508e-07,7.052875183e-07,1.41300314
0.24,2.564250809e-07,2.576563021e-07,1.008483267
0.244,5.529446326e-08,5.574010899e-08,0.6047507419
0.248,2.048579692e-09,2.06871121e-09,0.2015909529
0.252,-1.997948797e-09,-2.017645841e-09,-0.1999161943
0.256,-5.27417322e-08,-5.316835637e-08,-0.5952970764
0.26,-2.435453829e-07,-2.44734019e-07,-0.9913072191
0.264,-6.735021707e-07,-6.735674569e-07,-1.391423159
0.268,-1.447620338e-06,-1.438564231e-06,-1.795705475
0.272,-2.674163584e-06,-2.636267187e-06,-2.20339111
0.276,-4.461693537e-06,-4.356290658e-06,-2.613496357
0.28,-6.915683288e-06,-6.676565636e-06,-3.024927744
0.284,-1.013608619e-05,-9.659856929e-06,-3.436667755
0.288,-1.421653244e-05,-1.335232046e-05,-3.847941341
0.292,-1.924488591e-05,-1.77835939e-05,-4.258286377
0.296,-2.53043035e-05,-2.29675912e-05,-4.667541073
0.3,-3.247399775e-05,-2.89031596e-05,-5.075780465
0.304,-4.082903629e-05,-3.557401722e-05,-5.483228106
0.308,-5.043875887e-05,-4.294758132e-05,-5.890163416
0.312,-6.136359055e-05,-5.09730061e-05,-6.296840509
0.316,-7.365071053e-05,-5.957859703e-05,-6.703428733
0.32,-8.73286089e-05,-6.866934507e-05,-7.109979399
0.324,-0.0001024014496,-7.812507799e-05,-7.516418114
0.328,-0.0001188435865,-8.780004242e-05,-7.92255861
0.332,-0.000136594584,-9.75233032e-05,-8.328131923
0.336,-0.0001555554411,-0.0001071016567,-8.732824331
0.34,-0.0001755856095,-0.0001163233422,-9.136318008
0.344,-0.0001965012203,-0.0001249633327,-9.538329735
0.348,-0.000218074233,-0.0001327894397,-9.938644579
0.352,-0.0002400322758,-0.0001395689858,-10.33714298
0.356,-0.000262058497,-0.0001450758085,-10.73382073
0.36,-0.0002837919971,-0.0001490969584,-11.12880184
0.364,-0.000304826887,-0.0001514394918,-11.52234426
0.368,-0.0003247110246,-0.0001519367011,-11.91483786
0.372,-0.0003429433367,-0.0001504537715,-12.30679372
0.376,-0.0003569157451,-0.0001460591444,-12.67447129
0.38,-0.0003463152297,-0.0001315153918,-12.77827627
0.384,-0.0003084126157,-0.0001082559649,-12.54314044
0.388,-0.0002571100194,-8.319492912e-05,-12.06275031
0.392,-0.0002053773141,-6.115766275e-05,-11.45083862
0.396,-0.0001606879494,-4.398144292e-05,-10.80636454
0.4,-0.0001251288859,-3.144082371e-05,-10.19204233
0.404,-9.782795649e-05,-2.252958723e-05,-9.635301541
0.408,-7.69955833e-05,-1.62165902e-05,-9.139772055
0.412,-6.09152646e-05,-1.169960359e-05,-8.696289158
0.416,-4.825176669e-05,-8.420385028e-06,-8.290326037
0.42,-3.807154657e-05,-6.010220327e-06,-7.906766955
0.424,-2.97672104e-05,-4.229361094e-06,-7.532886367
0.428,-2.295836559e-05,-2.918462067e-06,-7.159729558
0.432,-1.740116701e-05,-1.965919495e-06,-6.782157396
0.436,-1.292156317e-05,-1.287599494e-06,-6.398101218
0.44,-9.375074798e-06,-8.168568975e-07,-6.007567482
0.444,-6.627949239e-06,-4.999710595e-07,-5.611715733
0.448,-4.55166434e-06,-2.938413935e-07,-5.212141051
0.452,-3.024278809e-06,-1.648177096e-07,-4.810392967
0.456,-1.933846865e-06,-8.751830861e-08,-4.407714328
0.46,-1.181381251e-06,-4.351015249e-08,-4.004952895
0.464,-6.824183211e-07,-1.993742308e-08,-3.602585011
0.468,-3.672077369e-07,-8.228141614e-09,-3.20079576
0.472,-1.799264453e-07,-2.954758945e-09,-2.79957539
0.476,-7.732401916e-08,-8.658436561e-10,-2.398807665
0.48,-2.716064754e-08,-1.846277669e-10,-1.998338182
0.484,-6.551560853e-09,-2.03445376e-11,-1.598019357
0.488,-3.566306062e-10,9.845878978e-13,-1.197734393
0.492,4.005698062e-10,-6.345767079e-13,-0.7974053604
0.496,8.680736634e-11,-2.402653419e-13,-0.3969911379
0.5,-2.560255135e-16,-1.187440445e-17,0.003519877871
0.504,-1.568800824e-10,4.165863255e-13,0.4882257718
0.508,-7.322068837e-10,-1.088477752e-12,1.091318179
0.512,4.62202485e-09,6.053263412e-12,1.753787073
0.516,4.294619689e-08,2.522987091e-10,2.440835769
0.52,1.765782178e-07,2.026549363e-09,3.133334332
0.524,5.141854262e-07,9.480555978e-09,3.821094233
0.528,1.218092228e-06,3.260232957e-08,4.499349105
0.532,2.51038317e-06,9.148971536e-08,5.167054417
0.536,4.680644009e-06,2.221233658e-07,5.825548085
0.54,8.09608119e-06,4.84101277e-07,6.477251456
0.544,1.321274825e-05,9.705871116e-07,7.124684913
0.548,2.058596387e-05,1.820827747e-06,7.769947626
0.552,3.08790173e-05,3.235688926e-06,8.414552943
0.556,4.486840834e-05,5.495761681e-06,9.059446729
0.56,6.344546167e-05,8.982636435e-06,9.705102634
0.564,8.761384839e-05,1.420209385e-05,10.35164876
0.568,0.0001184819316,2.181137262e-05,10.99899836
0.572,0.0001572518855,3.264643858e-05,11.64696085
0.576,0.0002052028925,4.775283328e-05,12.29531921
0.58,0.0002636689782,6.841683303e-05,12.9438729
0.584,0.0003340098706,9.619716825e-05,13.59245361
0.588,0.0004175731482,0.0001329559438,14.24092324
0.592,0.0005156450988,0.0001808896239,14.88916213
0.596,0.0006294048672,0.0002425392052,15.5370536
0.6,0.0007598320319,0.0003208343875,16.18446859
0.604,0.0009076475,0.0004190755896,16.83125357
0.608,0.001073224548,0.0005409306345,17.47722217
0.612,0.001256464214,0.0006904329315,18.12215107
0.616,0.001456712302,0.0008719192791,18.76577992
0.62,0.001672649937,0.001089970464,19.4078148
0.624,0.001902157158,0.001349336105,20.04793474
0.628,0.002037390838,0.001573027843,20.34362097
0.632,0.001933807002,0.001621471758,19.87565673
0.636,0.001726534039,0.001566198129,19.07063296
0.64,0.001500551678,0.001466702365,18.17243288
0.644,0.00129065129,0.001354271319,17.28755594
0.648,0.001108432149,0.001244569064,16.46289758
0.652,0.0009532659988,0.00114228029,15.7059735
0.656,0.0008199998946,0.001046282926,15.00269857
0.66,0.0007037771968,0.0009543726531,14.33520027
0.664,0.0006013194373,0.0008651752462,13.68964201
0.668,0.0005105650354,0.0007782112538,13.05656907
0.672,0.0004301704952,0.0006935880344,12.42963344
0.676,0.0003591987789,0.0006117730635,11.80470838
0.68,0.0002969279063,0.0005334273013,11.17928506
0.684,0.0002427307099,0.0004592719511,10.55199057
0.688,0.0001960074976,0.0003899911482,9.922222106
0.692,0.0001561543423,0.0003261667932,9.289881097
0.696,0.0001225539852,0.0002682394083,8.655175947
0.7,9.457953425e-05,0.0002164892088,8.018473843
0.704,7.16050715e-05,0.0001710332219,7.380193148
0.708,5.301860264e-05,0.0001318339719,6.74073124
0.712,3.823438704e-05,9.871532478e-05,6.100422691
0.716,2.670277597e-05,7.13817753e-05,5.459521656
0.72,1.791701327e-05,4.943820115e-05,4.818201947
0.724,1.141641759e-05,3.240825086e-05,4.17656849
0.728,6.786597932e-06,1.975018e-05,3.534674537
0.732,3.657512517e-06,1.08707799e-05,2.892540224
0.736,1.698413053e-06,5.135214671e-06,2.250169345
0.74,6.128540942e-07,1.87724784e-06,1.60756264
0.744,1.315255689e-07,4.064197431e-07,0.9647267931
0.748,4.861220203e-09,1.508764095e-08,0.321679402
0.752,-4.911456266e-09,-1.524357759e-08,-0.3227840371
0.756,-1.391687156e-07,-4.300030227e-07,-0.9830388601
0.76,-6.669164468e-07,-2.042282998e-06,-1.653384965
0.764,-1.843853275e-06,-5.571373154e-06,-2.31225014
0.768,-3.900559152e-06,-1.158099315e-05,-2.954418816
0.772,-7.088502017e-06,-2.05997928e-05,-3.584996217
0.776,-1.17132456e-05,-3.31962794e-05,-4.210659283
0.78,-1.814468757e-05,-4.99779089e-05,-4.836334584
0.784,-2.681550119e-05,-7.155444063e-05,-5.464724586
0.788,-3.821443692e-05,-9.849096379e-05,-6.09672857
0.792,-5.287735019e-05,-0.0001312634379,-6.732037847
0.796,-7.137783509e-05,-0.0001702233614,-7.369676682
0.8,-9.431800457e-05,-0.000215574446,-8.008419702
0.804,-0.0001223201085,-0.0002673599194,-8.647075718
0.808,-0.0001560178042,-0.0003254585577,-9.284653308
0.812,-0.0001960468859,-0.0003895845449,-9.920433677
0.816,-0.0002430331507,-0.0004592890287,-10.55397849
0.82,-0.0002975781898,-0.0005339582532,-11.18509827
0.824,-0.0003602392418,-0.000612812134,-11.81380242
0.828,-0.0004315051675,-0.0006948986384,-12.44024628
0.832,-0.0005117669594,-0.0007790889779,-13.06468554
0.836,-0.0006012835311,-0.0008640744765,-13.68744296
0.84,-0.0007001430729,-0.000948367071,-14.30888918
0.844,-0.0008082211484,-0.001030305973,-14.92943614
0.848,-0.0009251353192,-0.001108070913,-15.54954054
0.852,-0.001050197713,-0.001179703638,-16.1697138
0.856,-0.001182365817,-0.001243137839,-16.79053486
0.86,-0.001320189465,-0.001296236818,-17.41266277
0.864,-0.001461755735,-0.001336840033,-18.03684607
0.868,-0.00160463024,-0.001362819947,-18.66392729
0.872,-0.001745792273,-0.00137214696,-19.29484055
0.876,-0.001865638954,-0.001351513865,-19.87409792
0.88,-0.001826971807,-0.001215442822,-19.93259152
0.884,-0.00165354617,-0.001008221646,-19.51920406
0.888,-0.001432549278,-0.0007996672638,-18.87920938
0.892,-0.001211116753,-0.0006183943268,-18.14924115
0.896,-0.001009166846,-0.000470839376,-17.39741175
0.9,-0.0008321317365,-0.0003542678759,-16.6504086
0.904,-0.0006797131678,-0.0002635790813,-15.91563666
0.908,-0.0005499099643,-0.0001937926899,-15.19369728
0.912,-0.0004403930121,-0.0001406532387,-14.48360239
0.916,-0.0003488683625,-0.000100648776,-13.78438503
0.92,-0.0002731434919,-7.090845809e-05,-13.0952729
0.924,-0.0002111428746,-4.91002748e-05,-12.41543755
0.928,-0.0001609298725,-3.334743865e-05,-11.74377062
0.932,-0.0001207329104,-2.21572576e-05,-11.07884134
0.936,-8.896293864e-05,-1.435729376e-05,-10.41902118
0.94,-6.421544337e-05,-9.037906932e-06,-9.762689716
0.944,-4.526061123e-05,-5.501232286e-06,-9.108433792
0.948,-3.102813994e-05,-3.219439468e-06,-8.455182605
0.952,-2.058930697e-05,-1.798532273e-06,-7.802258075
0.956,-1.314340267e-05,-9.503452179e-07,-7.149348724
0.96,-8.006402062e-06,-4.691120985e-07,-6.496431347
0.964,-4.602715621e-06,-2.12756226e-07,-5.843669216
0.968,-2.457523569e-06,-8.644072476e-08,-5.191311734
0.972,-1.18895886e-06,-3.024643243e-08,-4.539612378
0.976,-4.997867593e-07,-8.500415897e-09,-3.888772942
0.98,-1.677176524e-07,-1.662181709e-09,-3.238914613
0.984,-3.514631508e-08,-2.334055143e-10,-2.590071492
0.988,1.784879767e-09,-1.023618956e-12,-1.942199786
0.992,4.037220007e-09,-1.555192935e-11,-1.295195627
0.996,7.655462101e-10,-4.466696977e-12,-0.6489155339
1,-4.567774239e-14,3.468894828e-15,-0.003195299604
1.004,-3.394695929e-10,1.48015156e-12,0.4908785552
1.008,-8.242346436e-10,3.116828192e-12,0.7125187881
1.012,-6.035818161e-10,1.404605402e-12,0.7301667769
1.016,-2.10840228e-10,1.571180671e-13,0.6236968865
1.02,-3.20454118e-11,-6.022066225e-14,0.4619988203
1.024,1.290812002e-12,-3.733129063e-14,0.2933867891
1.028,8.397015382e-13,-1.851139109e-14,0.1467094583
1.032,1.442519384e-14,-5.272549413e-15,0.03573004322
1.036,-1.754869734e-14,6.27472864e-15,-0.03662844685
1.04,-1.275822604e-13,1.458959782e-14,-0.07450498115
1.044,-1.450340074e-13,1.880271051e-14,-0.08573825717
1.048,-7.60325982e-14,1.895464382e-14,-0.07918345627
1.052,-2.391688298e-14,1.595676199e-14,-0.06292146433
1.056,-6.578572431e-15,1.135499246e-14,-0.04331813685
1.06,-2.819270791e-15,6.560793658e-15,-0.02473101418
1.064,-1.116216215e-15,2.546227258e-15,-0.009638076253
1.068,1.194491498e-16,-2.718025079e-16,0.001000441827
1.072,7.370851146e-16,-1.903738475e-15,0.00729163357
1.076,9.258968806e-16,-2.566114506e-15,0.009972899494
1.08,8.950545806e-16,-2.562988168e-15,0.0100498407
1.084,7.490897597e-16,-2.156441809e-15,0.008535382386
1.088,5.514455766e-16,-1.582256192e-15,0.006290428614
1.092,3.497726053e-16,-9.964821537e-16,0.003950577188
1.096,1.744616464e-16,-4.861845962e-16,0.001916346694
1.1,4.056739388e-17,-1.035025056e-16,0.0003835159955
1.104,-4.780802897e-17,1.444458098e-16,-0.0006068086266
1.108,-9.423241447e-17,2.720356552e-16,-0.001113847258
1.112,-1.072174744e-16,3.062372865e-16,-0.001248589766
1.116,-9.740304636e-17,2.781061343e-16,-0.001136265816
1.12,-7.510499974e-17,2.168619195e-16,-0.0008913264057
1.124,-4.870686402e-17,1.442947831e-16,-0.0006039073631
1.128,-2.39932175e-17,7.670445982e-17,-0.0003353726668
1.132,-4.200283193e-18,2.253131062e-17,-0.0001200704724
1.136,9.50652668e-18,-1.511373232e-17,2.940518536e-05
1.14,1.738729436e-17,-3.680624695e-17,0.0001156374713
1.144,2.051404095e-17,-4.551456424e-17,0.0001500311746
1.148,2.027457359e-17,-4.483377039e-17,0.0001475787723
1.152,1.803155928e-17,-3.868972084e-17,0.0001231215516
1.156,1.492147261e-17,-3.014434934e-17,8.910066955e-05
1.16,1.176694773e-17,-2.143579254e-17,5.45635399e-05
1.164,9.075899651e-18,-1.401762635e-17,2.508779035e-05
1.168,7.084486754e-18,-8.525383991e-18,3.274785368e-06
1.172,5.828186382e-18,-5.063244373e-18,-1.048742058e-05
1.176,5.214153079e-18,-3.368692088e-18,-1.721605976e-05
1.18,5.086123463e-18,-3.013455914e-18,-1.862395084e-05
1.184,5.273380826e-18,-3.532041866e-18,-1.657998423e-05
1.188,5.623058414e-18,-4.488973655e-18,-1.27569905e-05
1.192,6.016997454e-18,-5.577680053e-18,-8.448284516e-06
1.196,6.376475804e-18,-6.566997563e-18,-4.515264281e-06
1.2,6.65903878e-18,-7.344978887e-18,-1.422803849e-06
1.204,6.850875045e-18,-7.873569776e-18,6.775150233e-07
1.208,6.957730989e-18,-8.168280699e-18,1.848059191e-06
1.212,6.996318563e-18,-8.274946921e-18,2.271475757e-06
1.216,6.987430227e-18,-8.250248244e-18,2.175054488e-06
1.22,6.951075817e-18,-8.150679417e-18,1.777821489e-06
1.224,6.903705633e-18,-8.020315886e-18,1.259681212e-06
1.228,6.857008537e-18,-7.891471829e-18,7.487590969e-07
1.232,6.817996042e-18,-7.783797775e-18,3.217732286e-07
1.236,6.78972806e-18,-7.705946725e-18,1.226419071e-08
1.24,6.772388112e-18,-7.658167256e-18,-1.77682095e-07
1.244,6.764387349e-18,-7.635952432e-18,-2.654145926e-07
1.248,6.763308307e-18,-7.633053159e-18,-2.773884897e-07
1.252,6.766601219e-18,-7.642095015e-18,-2.414721912e-07
1.256,6.772039467e-18,-7.657026887e-18,-1.820534451e-07
1.26,6.777934064e-18,-7.673248299e-18,-1.176080725e-07
1.264,6.78318862e-18,-7.687700261e-18,-6.014340181e-08
1.268,6.787236923e-18,-7.69883772e-18,-1.586731944e-08
1.272,6.789922375e-18,-7.706221021e-18,1.350224453e-08
1.276,6.791362362e-18,-7.710174119e-18,2.924264216e-08
1.28,6.791821936e-18,-7.711423414e-18,3.425205731e-08
1.284,6.791614788e-18,-7.710844415e-18,3.196210856e-08
1.288,6.791035602e-18,-7.709233747e-18,2.559416291e-08
1.292,6.790320478e-18,-7.707252327e-18,1.774026238e-08
1.296,6.789635397e-18,-7.705343371e-18,1.020651597e-08
1.3,6.789075275e-18,-7.703785202e-18,4.040332058e-09
1.304,6.788678855e-18,-7.702676621e-18,-3.349014576e-10
1.308,6.788444185e-18,-7.702013458e-18,-2.940830244e-09
1.312,6.788345088e-18,-7.701723644e-18,-4.066099004e-09
1.316,6.788343793e-18,-7.701703279e-18,-4.116616872e-09
1.32,6.788403121e-18,-7.701849132e-18,-3.506330912e-09
1.324,6.788490313e-18,-7.702072142e-18,-2.589616537e-09
1.328,6.788581382e-18,-7.702307034e-18,-1.629478857e-09
1.332,6.788661298e-18,-7.702510275e-18,-7.924613193e-10
1.336,6.788722243e-18,-7.702661934e-18,-1.605723768e-10
1.34,6.78876288e-18,-7.702757238e-18,2.483059807e-10
1.344,6.788785296e-18,-7.702802776e-18,4.580344634e-10
1.348,6.788793539e-18,-7.702809592e-18,5.141182162e-10
1.352,6.788792754e-18,-7.702790595e-18,4.681264458e-10
1.356,6.788786907e-18,-7.702757805e-18,3.672825724e-10
1.36,6.788779334e-18,-7.702720596e-18,2.488169195e-10
1.364,6.788772423e-18,-7.702685359e-18,1.380916261e-10
1.368,6.788767841e-18,-7.702655592e-18,4.930957252e-11
1.372,6.788765366e-18,-7.702632816e-18,-1.231739913e-11
1.376,6.788765324e-18,-7.702616449e-18,-4.785119306e-11
1.38,6.788767511e-18,-7.702605429e-18,-6.199987122e-11
1.384,6.788770662e-18,-7.702598146e-18,-6.095352269e-11
1.388,6.788775156e-18,-7.702593364e-18,-5.083876312e-11
1.392,6.788779705e-18,-7.702589676e-18,-3.67896628e-11
1.396,6.788784253e-18,-7.702585725e-18,-2.25379279e-11
1.4,6.788788773e-18,-7.702581485e-18,-1.038217751e-11
1.404,6.788792806e-18,-7.702576369e-18,-1.392532379e-12
1.408,6.788796737e-18,-7.702570526e-18,4.273875818e-12
1.412,6.788800395e-18,-7.702563745e-18,7.03900575e-12
1.416,6.788803608e-18,-7.702556478e-18,7.611009614e-12
1.42,6.788806819e-18,-7.702548933e-18,6.7615703e-12
1.424,6.788809974e-18,-7.702541266e-18,5.180835016e-12
1.428,6.788813353e-18,-7.702533338e-18,3.401959773e-12
1.432,6.788816302e-18,-7.702525533e-18,1.779698497e-12
1.436,6.788819574e-18,-7.702517885e-18,5.051571583e-13
1.44,6.788822894e-18,-7.702510198e-18,-3.596498761e-13
1.444,6.788826075e-18,-7.702502579e-18,-8.408964642e-13
1.448,6.788829057e-18,-7.702495293e-18,-1.01418714e-12
1.452,6.788832594e-18,-7.702487879e-18,-9.733912904e-13
1.456,6.7888358e-18,-7.702480556e-18,-8.089068985e-13
1.46,6.788839246e-18,-7.702473186e-18,-5.948791536e-13
1.464,6.788842557e-18,-7.702465898e-18,-3.840517688e-13
1.468,6.788845892e-18,-7.70245863e-18,-2.080264086e-13
1.472,6.788849094e-18,-7.702451271e-18,-8.055290305e-14
1.476,6.788852507e-18,-7.70244385e-18,-2.429413716e-15
1.48,6.788855793e-18,-7.702436553e-18,3.35719511e-14
1.484,6.788859279e-18,-7.702429192e-18,3.835503874e-14
1.488,6.78886237e-18,-7.70242167e-18,2.345191141e-14
1.492,6.788865672e-18,-7.702414194e-18,-1.110820953e-15
1.496,6.788868979e-18,-7.7024069e-18,-2.77178033e-14
1.5,6.78887233e-18,-7.702399511e-18,-5.140347108e-14
1.504,6.788875795e-18,-7.702392082e-18,-6.964233139e-14
1.508,6.788879025e-18,-7.702384738e-18,-8.172704355e-14
1.512,6.788882231e-18,-7.702377387e-18,-8.820002914e-14
1.516,6.788885673e-18,-7.702370049e-18,-9.024952672e-14
1.52,6.788888796e-18,-7.702362655e-18,-8.930913618e-14
1.524,6.788892271e-18,-7.7023552e-18,-8.668068166e-14
1.528,6.788895627e-18,-7.702347786e-18,-8.343699478e-14
1.532,6.788898854e-18,-7.702340425e-18,-8.032338688e-14
1.536,6.788902166e-18,-7.702333048e-18,-7.777641262e-14
1.54,6.788905314e-18,-7.702325691e-18,-7.595778297e-14
1.544,6.788908789e-18,-7.702318361e-18,-7.489140313e-14
1.548,6.788912207e-18,-7.702311045e-18,-7.44246963e-14
1.552,6.788915332e-18,-7.702303509e-18,-7.440468229e-14
1.556,6.788918798e-18,-7.702296108e-18,-7.465340203e-14
1.56,6.788921876e-18,-7.702288848e-18,-7.503690355e-14
1.564,6.788925271e-18,-7.702281413e-18,-7.544179543e-14
1.568,6.788928586e-18,-7.702274014e-18,-7.579498437e-14
1.572,6.788931914e-18,-7.702266742e-18,-7.605726324e-14
1.576,6.788935252e-18,-7.702259283e-18,-7.623940502e-14
1.58,6.788938549e-18,-7.702251697e-18,-7.631657111e-14
1.584,6.788941944e-18,-7.702244503e-18,-7.633636233e-14
1.588,6.788945204e-18,-7.702237282e-18,-7.631223158e-14
1.592,6.788948479e-18,-7.702229741e-18,-7.625961691e-14
1.596,6.788951737e-18,-7.702222294e-18,-7.620142041e-14
1.6,6.788955045e-18,-7.702214969e-18,-7.615112692e-14
1.604,6.788958451e-18,-7.702207657e-18,-7.612173848e-14
1.608,6.788961703e-18,-7.702200202e-18,-7.610424865e-14
1.612,6.788964874e-18,-7.702192729e-18,-7.610847116e-14
1.616,6.788968372e-18,-7.702185358e-18,-7.611406072e-14
1.62,6.788971596e-18,-7.702177981e-18,-7.610055888e-14
1.624,6.78897501e-18,-7.702170565e-18,-7.610120492e-14
1.628,6.788978343e-18,-7.702163213e-18,-7.609402773e-14
1.632,6.788981475e-18,-7.70215592e-18,-7.608792571e-14
1.636,6.788984796e-18,-7.702148497e-18,-7.607996928e-14
1.64,6.788988113e-18,-7.702141e-18,-7.608912578e-14
1.644,6.788991409e-18,-7.702133621e-18,-7.611772909e-14
1.648,6.788994751e-18,-7.702126332e-18,-7.612200741e-14
1.652,6.788997974e-18,-7.702118999e-18,-7.611799731e-14
1.656,6.789001382e-18,-7.702111501e-18,-7.612108123e-14
1.66,6.789004715e-18,-7.702104261e-18,-7.611687666e-14
1.664,6.78900789e-18,-7.702096831e-18,-7.610642762e-14
1.668,6.789011301e-18,-7.702089451e-18,-7.608611812e-14
1.672,6.789014601e-18,-7.702082014e-18,-7.611345355e-14
1.676,6.789017936e-18,-7.702074716e-18,-7.613101432e-14
1.68,6.789021364e-18,-7.702067317e-18,-7.613156335e-14
1.684,6.789024318e-18,-7.702059976e-18,-7.613695988e-14
1.688,6.789027805e-18,-7.702052556e-18,-7.613899758e-14
1.692,6.789031208e-18,-7.702045069e-18,-7.612962761e-14
1.696,6.789034465e-18,-7.70203781e-18,-7.611131429e-14
1.7,6.789037843e-18,-7.702030197e-18,-7.610810218e-14
1.704,6.789041018e-18,-7.70202288e-18,-7.609633091e-14
1.708,6.789044314e-18,-7.702015597e-18,-7.608800623e-14
1.712,6.789047576e-18,-7.702008286e-18,-7.609425468e-14
1.716,6.789050874e-18,-7.702000871e-18,-7.609840644e-14
1.72,6.789054222e-18,-7.701993471e-18,-7.611219664e-14
1.724,6.789057576e-18,-7.701986117e-18,-7.611512152e-14
1.728,6.789060988e-18,-7.701978769e-18,-7.611921e-14
1.732,6.789064117e-18,-7.701971208e-18,-7.612821214e-14
1.736,6.78906738e-18,-7.701963954e-18,-7.612313803e-14
1.74,6.789070791e-18,-7.701956528e-18,-7.612132828e-14
1.744,6.789074044e-18,-7.701949231e-18,-7.611680516e-14
1.748,6.789077362e-18,-7.701941749e-18,-7.611401337e-14
1.752,6.789080648e-18,-7.701934497e-18,-7.610953858e-14
1.756,6.789084038e-18,-7.701926944e-18,-7.612058952e-14
1.76,6.789087362e-18,-7.701919606e-18,-7.612073362e-14
1.764,6.789090791e-18,-7.701912215e-18,-7.611756656e-14
1.768,6.789093887e-18,-7.701904954e-18,-7.610756266e-14
1.772,6.789097316e-18,-7.701897411e-18,-7.610933708e-14
1.776,6.789100785e-18,-7.701890052e-18,-7.611540854e-14
1.78,6.789103919e-18,-7.701882712e-18,-7.612998597e-14
1.784,6.789107136e-18,-7.701875365e-18,-7.612262288e-14
1.788,6.789110503e-18,-7.701867934e-18,-7.611417841e-14
1.792,6.789113851e-18,-7.701860533e-18,-7.610972427e-14
1.796,6.789117103e-18,-7.701853115e-18,-7.610288443e-14
1.8,6.789120506e-18,-7.701845806e-18,-7.610150727e-14
1.804,6.78912377e-18,-7.701838434e-18,-7.611453301e-14
1.808,6.789127151e-18,-7.701830999e-18,-7.611044498e-14
1.812,6.789130293e-18,-7.701823659e-18,-7.611712638e-14
1.816,6.789133922e-18,-7.701816305e-18,-7.610835305e-14
1.82,6.789136894e-18,-7.701808831e-18,-7.611575985e-14
1.824,6.789140289e-18,-7.701801454e-18,-7.610928435e-14
1.828,6.789143476e-18,-7.701794074e-18,-7.611284768e-14
1.832,6.789147026e-18,-7.701786691e-18,-7.611262215e-14
1.836,6.789150444e-18,-7.70177925e-18,-7.609869574e-14
1.84,6.78915344e-18,-7.701771993e-18,-7.609504523e-14
1.844,6.789156744e-18,-7.701764519e-18,-7.610899224e-14
1.848,6.789160263e-18,-7.701757215e-18,-7.610256752e-14
1.852,6.789163465e-18,-7.701749762e-18,-7.611745071e-14
1.856,6.789166591e-18,-7.701742382e-18,-7.611964326e-14
1.86,6.789170103e-18,-7.70173503e-18,-7.612853794e-14
1.864,6.789173267e-18,-7.701727705e-18,-7.612661318e-14
1.868,6.789176684e-18,-7.701720333e-18,-7.611231073e-14
1.872,6.789180015e-18,-7.701712972e-18,-7.611030873e-14
1.876,6.789183497e-18,-7.701705421e-18,-7.610280222e-14
1.88,6.789186641e-18,-7.701698243e-18,-7.611459981e-14
1.884,6.789189983e-18,-7.701690712e-18,-7.609740338e-14
1.888,6.789193263e-18,-7.701683335e-18,-7.609858866e-14
1.892,6.789196647e-18,-7.701676073e-18,-7.611148515e-14
1.896,6.789199789e-18,-7.701668484e-18,-7.612423878e-14
1.9,6.789203036e-18,-7.701661262e-18,-7.611921053e-14
1.904,6.789206419e-18,-7.701653833e-18,-7.612469794e-14
1.908,6.789209683e-18,-7.701646375e-18,-7.612555688e-14
1.912,6.789213071e-18,-7.701638966e-18,-7.611441131e-14
1.916,6.789216349e-18,-7.701631683e-18,-7.611366939e-14
1.92,6.789219678e-18,-7.701624301e-18,-7.611126803e-14
1.924,6.789223099e-18,-7.701616947e-18,-7.610065139e-14
1.928,6.789226262e-18,-7.701609385e-18,-7.610376489e-14
1.932,6.789229646e-18,-7.70160215e-18,-7.61122372e-14
1.936,6.789232766e-18,-7.701594721e-18,-7.611737878e-14
1.94,6.789236179e-18,-7.70158745e-18,-7.612226753e-14
1.944,6.789239506e-18,-7.701579923e-18,-7.612536926e-14
1.948,6.789242804e-18,-7.701572551e-18,-7.6131735e-14
1.952,6.789246041e-18,-7.701565245e-18,-7.611523331e-14
1.956,6.789249494e-18,-7.701557775e-18,-7.611290871e-14
1.96,6.789252772e-18,-7.701550466e-18,-7.611411021e-14
1.964,6.789255975e-18,-7.701543025e-18,-7.612269871e-14
1.968,6.789259318e-18,-7.701535827e-18,-7.611526097e-14
1.972,6.789262766e-18,-7.701528201e-18,-7.611326725e-14
1.976,6.789265802e-18,-7.701520929e-18,-7.610969218e-14
1.98,6.789269324e-18,-7.701513514e-18,-7.610953277e-14
1.984,6.789272618e-18,-7.701506104e-18,-7.610010098e-14
1.988,6.789275993e-18,-7.701498666e-18,-7.609156909e-14
1.992,6.789279184e-18,-7.701491363e-18,-7.610037506e-14
1.996,6.789282293e-18,-7.7014841e-18,-7.613113333e-14
2,6.789285887e-18,-7.701476673e-18,-7.611961997e-14
