#Exudyn implicit second order time integration sensor output file
#measure Object number = 7
#OutputVariableType = Rotation
#simulation started = 2025-07-21,19:12:19
#columns contain: time, comma separated sensor values (e.g, x,y,z position coordinates)
#number of sensor values = 1
#Exudyn version = 1.10.0; Python3.13.2; Windows AVX2 FLOAT64
#
0,-0
0.004,-1.283990769e-05
0.008,0.0001013657341
0.012,0.0003169449625
0.016,0.0005498290236
0.02,0.0007458353448
0.024,0.0008843608855
0.028,0.0009632706068
0.032,0.0009893105716
0.036,0.0009743216861
0.04,0.0009323694519
0.044,0.0008767070466
0.048,0.0008176195588
0.052,0.0007616625239
0.056,0.0007119447464
0.06,0.0006689090972
0.064,0.000631242762
0.068,0.0005967221355
0.072,0.0005628886984
0.076,0.0005275102817
0.08,0.0004888319237
0.084,0.0004456555844
0.088,0.0003973023237
0.092,0.0003435090746
0.096,0.0002843020861
0.1,0.0002198765219
0.104,0.0001504994231
0.108,7.64432334e-05
0.112,-2.050477745e-06
0.116,-8.478189646e-05
0.12,-0.0001715852713
0.124,-0.000262309668
0.128,-0.0003940185992
0.132,-0.0007316750232
0.136,-0.001278878255
0.14,-0.001856458612
0.144,-0.002323945363
0.148,-0.002626136671
0.152,-0.002759785689
0.156,-0.002748399769
0.16,-0.002630001348
0.164,-0.002447257898
0.168,-0.002238955119
0.172,-0.002034853864
0.176,-0.001854089549
0.18,-0.001705994173
0.184,-0.001592191831
0.188,-0.001509131087
0.192,-0.001450492904
0.196,-0.001409142744
0.2,-0.001378490829
0.204,-0.001353269468
0.208,-0.001329824493
0.212,-0.001306056676
0.216,-0.001281152092
0.22,-0.001255220941
0.224,-0.001228933521
0.228,-0.001203209307
0.232,-0.001178985979
0.236,-0.00115707288
0.24,-0.001138078925
0.244,-0.001122397594
0.248,-0.001110229633
0.252,-0.001107458236
0.256,-0.001153453923
0.26,-0.00111538468
0.264,-0.0007195683825
0.268,0.0002189366561
0.272,0.001768275097
0.276,0.003926064911
0.28,0.006655105056
0.284,0.009904972544
0.288,0.01362635288
0.292,0.0177795849
0.296,0.02233796657
0.3,0.02728726437
0.304,0.03262312962
0.308,0.038347801
0.312,0.04446700655
0.316,0.05098755467
0.32,0.05791577224
0.324,0.0652567226
0.328,0.07301401477
0.332,0.08118997685
0.336,0.08978598663
0.34,0.09880280271
0.344,0.1082407991
0.348,0.1181000616
0.352,0.1283803441
0.356,0.1390809116
0.36,0.1502003066
0.364,0.1617360791
0.368,0.1736845183
0.372,0.186040416
0.376,0.1987963311
0.38,0.211905533
0.384,0.2250771354
0.388,0.2377937701
0.392,0.2497077207
0.396,0.2607668954
0.4,0.2710759263
0.404,0.2807587476
0.408,0.289912012
0.412,0.2986067727
0.416,0.3068942788
0.42,0.3148073105
0.424,0.3223622865
0.428,0.3295638011
0.432,0.3364095084
0.436,0.3428937443
0.44,0.3490097838
0.444,0.3547511539
0.448,0.3601123004
0.452,0.3650887873
0.456,0.3696772034
0.46,0.3738749409
0.464,0.3776799527
0.468,0.3810905465
0.472,0.3841052325
0.476,0.3867226306
0.48,0.3889414279
0.484,0.3907603734
0.488,0.3921782946
0.492,0.3931941248
0.496,0.3938069302
0.5,0.3940159343
0.504,0.394114667
0.508,0.3950537967
0.512,0.3973527348
0.516,0.4011123796
0.52,0.4062830799
0.524,0.4127859011
0.528,0.4205577703
0.532,0.4295601528
0.536,0.4397737389
0.54,0.4511907288
0.544,0.4638090326
0.548,0.4776288499
0.552,0.4926509194
0.556,0.5088757856
0.56,0.5263036625
0.564,0.5449345911
0.568,0.5647686686
0.572,0.5858062325
0.576,0.6080479709
0.58,0.6314949674
0.584,0.6561486973
0.588,0.6820109896
0.592,0.7090839696
0.596,0.7373699939
0.6,0.7668715852
0.604,0.7975913694
0.608,0.8295320131
0.612,0.8626961615
0.616,0.8970863774
0.62,0.9327050806
0.624,0.9695544878
0.628,1.00722628
0.632,1.043863158
0.636,1.078595335
0.64,1.111848763
0.644,1.143979433
0.648,1.175082935
0.652,1.205175979
0.656,1.234250655
0.66,1.26226201
0.664,1.289141942
0.668,1.314825954
0.672,1.33926772
0.676,1.362441312
0.68,1.384338063
0.684,1.404961783
0.688,1.424323811
0.692,1.442438707
0.696,1.459321029
0.7,1.474983299
0.704,1.48943499
0.708,1.502682335
0.712,1.51472866
0.716,1.525575016
0.72,1.535220914
0.724,1.543665006
0.728,1.550905643
0.732,1.556941272
0.736,1.561770663
0.74,1.565393002
0.744,1.567807883
0.748,1.569015236
0.752,1.569023857
0.756,1.567893516
0.76,1.565484098
0.764,1.561531288
0.768,1.55586233
0.772,1.548399018
0.776,1.539123574
0.78,1.528054375
0.784,1.515228941
0.788,1.500691086
0.792,1.484481755
0.796,1.466633495
0.8,1.447168086
0.804,1.426096584
0.808,1.403420927
0.812,1.379136299
0.816,1.353233646
0.82,1.325701913
0.824,1.296529786
0.828,1.26570688
0.832,1.233224416
0.836,1.199075502
0.84,1.163255165
0.844,1.125760237
0.848,1.086589227
0.852,1.045742229
0.856,1.003220923
0.86,0.9590286653
0.864,0.9131706746
0.868,0.8656542767
0.872,0.8164891903
0.876,0.7657503202
0.88,0.7146016768
0.884,0.66484309
0.888,0.6171557989
0.892,0.5718417856
0.896,0.5289806013
0.9,0.488435187
0.904,0.4499624302
0.908,0.4133193424
0.912,0.3783172419
0.916,0.3448358392
0.92,0.3128163773
0.924,0.2822458414
0.928,0.2531392413
0.932,0.2255242135
0.936,0.1994300226
0.94,0.1748812674
0.944,0.151895471
0.948,0.1304832821
0.952,0.1106500443
0.956,0.09239776558
0.96,0.07572687929
0.964,0.0606375104
0.968,0.04713019812
0.972,0.03520616493
0.976,0.02486727781
0.98,0.01611584639
0.984,0.008954370592
0.988,0.00338530951
0.992,-0.0005890938934
0.996,-0.002966924877
1,-0.00374665423
1.004,-0.003200885416
1.008,-0.002223845723
1.012,-0.001317672876
1.016,-0.0006293326718
1.02,-0.0001925141192
1.024,2.057426893e-05
1.028,7.880689787e-05
1.032,5.804681008e-05
1.036,1.472469635e-05
1.04,-2.072777737e-05
1.044,-3.788323377e-05
1.048,-3.782632279e-05
1.052,-2.661304064e-05
1.056,-1.112293231e-05
1.06,3.21998909e-06
1.064,1.330458149e-05
1.068,1.82022018e-05
1.072,1.852410155e-05
1.076,1.566918555e-05
1.08,1.120337348e-05
1.084,6.459577071e-06
1.088,2.351388626e-06
1.092,-6.507436187e-07
1.096,-2.443793207e-06
1.1,-3.173455385e-06
1.104,-3.113929344e-06
1.108,-2.570473606e-06
1.112,-1.814259745e-06
1.116,-1.048754372e-06
1.12,-4.011669727e-07
1.124,6.950940632e-08
1.128,3.559038475e-07
1.132,4.834229956e-07
1.136,4.933002575e-07
1.14,4.296742879e-07
1.144,3.312740672e-07
1.148,2.272688694e-07
1.152,1.36315603e-07
1.156,6.768957502e-08
1.16,2.3485798e-08
1.164,1.107391939e-09
1.168,-4.475823142e-09
1.172,1.028589352e-09
1.176,1.240640441e-08
1.18,2.556696922e-08
1.184,3.774659124e-08
1.188,4.742175104e-08
1.192,5.406072614e-08
1.196,5.781682496e-08
1.2,5.923474293e-08
1.204,5.901113448e-08
1.208,5.782566752e-08
1.212,5.624129053e-08
1.216,5.466206184e-08
1.22,5.333245541e-08
1.224,5.236190473e-08
1.228,5.176080053e-08
1.232,5.147780211e-08
1.236,5.143211399e-08
1.24,5.153766805e-08
1.244,5.171862066e-08
1.248,5.191716281e-08
1.252,5.209544791e-08
1.256,5.223364951e-08
1.26,5.232597311e-08
1.264,5.237604785e-08
1.268,5.239266009e-08
1.272,5.238635916e-08
1.276,5.236712174e-08
1.28,5.234302255e-08
1.284,5.23197235e-08
1.288,5.230053907e-08
1.292,5.228684181e-08
1.296,5.227861088e-08
1.3,5.227498237e-08
1.304,5.227471477e-08
1.308,5.227653054e-08
1.312,5.227932918e-08
1.316,5.228228911e-08
1.32,5.228488612e-08
1.324,5.228685828e-08
1.328,5.228814375e-08
1.332,5.22888119e-08
1.336,5.228900099e-08
1.34,5.228886961e-08
1.344,5.2288564e-08
1.348,5.228820014e-08
1.352,5.228785755e-08
1.356,5.228758123e-08
1.36,5.22873882e-08
1.364,5.228727584e-08
1.368,5.228722998e-08
1.372,5.228723167e-08
1.376,5.228726198e-08
1.38,5.228730498e-08
1.384,5.228734898e-08
1.388,5.228738676e-08
1.392,5.228741487e-08
1.396,5.228743274e-08
1.4,5.228744161e-08
1.404,5.228744363e-08
1.408,5.228744119e-08
1.412,5.228743642e-08
1.416,5.228743098e-08
1.42,5.228742599e-08
1.424,5.228742205e-08
1.428,5.228741937e-08
1.432,5.228741788e-08
1.436,5.228741734e-08
1.44,5.228741748e-08
1.444,5.228741801e-08
1.448,5.22874187e-08
1.452,5.228741938e-08
1.456,5.228741996e-08
1.46,5.228742039e-08
1.464,5.228742067e-08
1.468,5.228742082e-08
1.472,5.228742087e-08
1.476,5.228742086e-08
1.48,5.228742081e-08
1.484,5.228742076e-08
1.488,5.228742072e-08
1.492,5.22874207e-08
1.496,5.228742069e-08
1.5,5.228742071e-08
1.504,5.228742073e-08
1.508,5.228742077e-08
1.512,5.228742081e-08
1.516,5.228742085e-08
1.52,5.228742089e-08
1.524,5.228742093e-08
1.528,5.228742097e-08
1.532,5.2287421e-08
1.536,5.228742104e-08
1.54,5.228742107e-08
1.544,5.22874211e-08
1.548,5.228742113e-08
1.552,5.228742117e-08
1.556,5.22874212e-08
1.56,5.228742123e-08
1.564,5.228742126e-08
1.568,5.228742129e-08
1.572,5.228742133e-08
1.576,5.228742136e-08
1.58,5.228742139e-08
1.584,5.228742142e-08
1.588,5.228742145e-08
1.592,5.228742149e-08
1.596,5.228742152e-08
1.6,5.228742155e-08
1.604,5.228742158e-08
1.608,5.228742162e-08
1.612,5.228742165e-08
1.616,5.228742168e-08
1.62,5.228742171e-08
1.624,5.228742175e-08
1.628,5.228742178e-08
1.632,5.228742181e-08
1.636,5.228742184e-08
1.64,5.228742188e-08
1.644,5.228742191e-08
1.648,5.228742194e-08
1.652,5.228742197e-08
1.656,5.228742201e-08
1.66,5.228742204e-08
1.664,5.228742207e-08
1.668,5.22874221e-08
1.672,5.228742214e-08
1.676,5.228742217e-08
1.68,5.22874222e-08
1.684,5.228742223e-08
1.688,5.228742227e-08
1.692,5.22874223e-08
1.696,5.228742233e-08
1.7,5.228742236e-08
1.704,5.22874224e-08
1.708,5.228742243e-08
1.712,5.228742246e-08
1.716,5.228742249e-08
1.72,5.228742253e-08
1.724,5.228742256e-08
1.728,5.228742259e-08
1.732,5.228742262e-08
1.736,5.228742265e-08
1.74,5.228742269e-08
1.744,5.228742272e-08
1.748,5.228742275e-08
1.752,5.228742278e-08
1.756,5.228742282e-08
1.76,5.228742285e-08
1.764,5.228742288e-08
1.768,5.228742291e-08
1.772,5.228742295e-08
1.776,5.228742298e-08
1.78,5.228742301e-08
1.784,5.228742304e-08
1.788,5.228742308e-08
1.792,5.228742311e-08
1.796,5.228742314e-08
1.8,5.228742317e-08
1.804,5.228742321e-08
1.808,5.228742324e-08
1.812,5.228742327e-08
1.816,5.22874233e-08
1.82,5.228742334e-08
1.824,5.228742337e-08
1.828,5.22874234e-08
1.832,5.228742343e-08
1.836,5.228742347e-08
1.84,5.22874235e-08
1.844,5.228742353e-08
1.848,5.228742356e-08
1.852,5.22874236e-08
1.856,5.228742363e-08
1.86,5.228742366e-08
1.864,5.228742369e-08
1.868,5.228742373e-08
1.872,5.228742376e-08
1.876,5.228742379e-08
1.88,5.228742382e-08
1.884,5.228742385e-08
1.888,5.228742389e-08
1.892,5.228742392e-08
1.896,5.228742395e-08
1.9,5.228742398e-08
1.904,5.228742402e-08
1.908,5.228742405e-08
1.912,5.228742408e-08
1.916,5.228742411e-08
1.92,5.228742415e-08
1.924,5.228742418e-08
1.928,5.228742421e-08
1.932,5.228742424e-08
1.936,5.228742428e-08
1.94,5.228742431e-08
1.944,5.228742434e-08
1.948,5.228742437e-08
1.952,5.228742441e-08
1.956,5.228742444e-08
1.96,5.228742447e-08
1.964,5.22874245e-08
1.968,5.228742454e-08
1.972,5.228742457e-08
1.976,5.22874246e-08
1.98,5.228742463e-08
1.984,5.228742467e-08
1.988,5.22874247e-08
1.992,5.228742473e-08
1.996,5.228742476e-08
2,5.22874248e-08
