#Exudyn implicit second order time integration sensor output file
#measure Object number = 18
#OutputVariableType = AngularVelocityLocal
#simulation started = 2025-07-16,10:20:48
#columns contain: time, comma separated sensor values (e.g, x,y,z position coordinates)
#number of sensor values = 3
#Exudyn version = 1.10.0; Python3.13.2; Windows AVX2 FLOAT64
#
0,0,0,0
0.004,-3.139554573e-14,-1.313921147e-15,-0.009262443144
0.008,-1.398166604e-10,4.014913058e-13,-0.02154364032
0.012,-5.652697355e-09,-2.702308703e-12,-0.0258060077
0.016,5.434195804e-10,3.087479956e-11,-0.02375071209
0.02,5.575382996e-09,1.822462825e-10,-0.01826091329
0.024,1.534878698e-09,7.46597424e-11,-0.01174976901
0.028,9.110607802e-09,4.011612214e-10,-0.005789892473
0.032,-1.178101385e-09,8.57740217e-10,-0.001169590294
0.036,4.048582638e-10,1.856879379e-09,0.001888358942
0.04,1.28139575e-09,3.526238643e-09,0.003509569692
0.044,2.626824624e-09,5.964758748e-09,0.00400134209
0.048,7.110094536e-09,9.065395644e-09,0.003732118588
0.052,1.681374753e-08,1.24939136e-08,0.003049052402
0.056,3.52180243e-08,1.607872895e-08,0.002230732314
0.06,6.25419565e-08,1.767746685e-08,0.001469731446
0.064,1.165648156e-07,1.633359233e-08,0.0008762943089
0.068,2.044124403e-07,9.448647678e-09,0.0004939124654
0.072,3.430726118e-07,-9.289805552e-09,0.0003188571609
0.076,5.712030227e-07,-4.547266446e-08,0.0003195418694
0.08,9.124899206e-07,-1.15064915e-07,0.0004526064725
0.084,1.431943879e-06,-2.364133681e-07,0.0006739309819
0.088,2.192479167e-06,-4.402600604e-07,0.0009461387141
0.092,3.298044801e-06,-7.675431191e-07,0.001241480123
0.096,4.864302725e-06,-1.284645719e-06,0.001542551711
0.1,7.058490698e-06,-2.074738507e-06,0.001840642729
0.104,1.008905251e-05,-3.256177573e-06,0.002133623372
0.108,1.421324775e-05,-4.988202896e-06,0.002424102221
0.112,1.977053997e-05,-7.478649063e-06,0.002716496345
0.116,2.716755117e-05,-1.099729539e-05,0.003015994624
0.12,3.6898605e-05,-1.589425955e-05,0.00332732692
0.124,4.960379205e-05,-2.260074869e-05,0.003654055156
0.128,6.471439607e-05,-3.139114817e-05,0.01364772967
0.132,7.671589434e-05,-3.443887379e-05,0.03530233832
0.136,8.364272174e-05,-3.336181028e-05,0.04506615278
0.14,8.63776552e-05,-3.376680191e-05,0.04345867401
0.144,8.567844582e-05,-3.530929478e-05,0.035134413
0.148,8.238194426e-05,-3.647636493e-05,0.02413992362
0.152,7.758082509e-05,-3.683829434e-05,0.0132964178
0.156,7.220594512e-05,-3.652434907e-05,0.004217186675
0.16,6.682395221e-05,-3.57034927e-05,-0.002427918733
0.164,6.169686076e-05,-3.44712214e-05,-0.006602324149
0.168,5.686300469e-05,-3.288733549e-05,-0.008641908793
0.172,5.22554798e-05,-3.09940192e-05,-0.0090566532
0.176,4.775608833e-05,-2.883633439e-05,-0.008389752101
0.18,4.328359052e-05,-2.643629665e-05,-0.007128959503
0.184,3.877806624e-05,-2.384024901e-05,-0.00565927048
0.188,3.42391319e-05,-2.111477146e-05,-0.00424942125
0.192,2.970431424e-05,-1.83439153e-05,-0.003058206311
0.196,2.526078115e-05,-1.559941358e-05,-0.00215481186
0.2,2.099927159e-05,-1.296358476e-05,-0.00154246187
0.204,1.702285099e-05,-1.050003068e-05,-0.001183117316
0.208,1.341101991e-05,-8.265302262e-06,-0.001017468643
0.212,1.02229225e-05,-6.303539165e-06,-0.0009810635013
0.216,7.501858274e-06,-4.627752607e-06,-0.001015072754
0.22,5.257930472e-06,-3.245079968e-06,-0.001071564752
0.224,3.479383014e-06,-2.148937227e-06,-0.001116334375
0.228,2.136676353e-06,-1.319828703e-06,-0.001128296499
0.232,1.179543647e-06,-7.327568155e-07,-0.001097608229
0.236,5.558175377e-07,-3.515287223e-07,-0.001023300852
0.24,2.050384184e-07,-1.26130516e-07,-0.0009096568316
0.244,4.425175181e-08,-2.711487643e-08,-0.0007645619725
0.248,1.507626237e-09,-1.150266166e-09,-0.0005969870552
0.252,-2.424793869e-09,1.59545427e-09,-0.0005271525218
0.256,-1.097499836e-07,1.795549426e-07,-0.0006452871168
0.26,-8.079626992e-07,1.6366463e-06,-6.504884534e-05
0.264,-2.788515945e-06,6.181946021e-06,0.0008149337895
0.268,-6.636306991e-06,1.565071152e-05,0.001652496152
0.272,-1.278489372e-05,3.173731772e-05,0.002379388887
0.276,-2.138418681e-05,5.580407331e-05,0.002991576956
0.28,-3.231724416e-05,8.886661247e-05,0.003486268429
0.284,-4.527349511e-05,0.0001318163511,0.003869079382
0.288,-5.977182041e-05,0.0001856430163,0.004153878975
0.292,-7.525501688e-05,0.0002515033012,0.004352997543
0.296,-9.095670827e-05,0.000330737923,0.004471817705
0.3,-0.0001060638681,0.0004247740538,0.004504250332
0.304,-0.0001195082515,0.0005350231009,0.004432793371
0.308,-0.000130030084,0.0006627429593,0.00423024419
0.312,-0.0001363264263,0.0008088800452,0.003862406948
0.316,-0.0001370178977,0.0009739491646,0.003291650726
0.32,-0.0001308153961,0.001157905821,0.002480633916
0.324,-0.0001166236071,0.001359963644,0.001395248197
0.328,-9.422144452e-05,0.001578449042,6.847246399e-06
0.332,-6.36628033e-05,0.001810499687,-0.001705433238
0.336,-2.656651666e-05,0.00205183901,-0.00375444282
0.34,1.394204073e-05,0.002296419899,-0.006143590658
0.344,5.23981653e-05,0.00253610044,-0.008866650198
0.348,8.058527575e-05,0.002760364261,-0.01190684179
0.352,8.679360102e-05,0.002956128828,-0.01523596554
0.356,5.51973539e-05,0.003107912965,-0.01881327391
0.36,-3.45842102e-05,0.003198078882,-0.02258392545
0.364,-0.0002077629772,0.003207924538,-0.0264779527
0.368,-0.000494015228,0.00311913044,-0.03040867997
0.372,-0.0009267320953,0.002915477394,-0.03427214863
0.376,-0.001536897552,0.002579943626,-0.03966733099
0.38,-0.002202834334,0.001994266475,-0.05520101591
0.384,-0.002599230313,0.001219969175,-0.05719584321
0.388,-0.002745993912,0.000593135397,-0.04322623011
0.392,-0.002785778719,0.0001820295924,-0.02393128597
0.396,-0.002770770421,-7.387771651e-05,-0.005909139448
0.4,-0.002694348749,-0.0002256662104,0.008128587188
0.404,-0.002560614843,-0.0003038336205,0.01740663424
0.408,-0.002392028105,-0.0003317943861,0.02230100836
0.412,-0.002207377913,-0.0003279638687,0.02396883193
0.416,-0.002013077209,-0.0003048149069,0.02379811076
0.42,-0.001810238208,-0.0002703730562,0.0228882993
0.424,-0.001601702495,-0.0002304043402,0.02184862048
0.428,-0.001392981853,-0.0001893464977,0.02089067752
0.432,-0.001190172662,-0.0001503812073,0.02001521233
0.436,-0.0009985181855,-0.0001155414273,0.01915101143
0.44,-0.0008220437097,-8.58743841e-05,0.01822432434
0.444,-0.0006635669948,-6.168690433e-05,0.01718716323
0.448,-0.0005247044153,-4.275568323e-05,0.01602714977
0.452,-0.000405873892,-2.851461545e-05,0.01476428314
0.456,-0.0003065028052,-1.821992025e-05,0.01343861906
0.46,-0.0002252888836,-1.108434381e-05,0.01209568519
0.464,-0.0001604832663,-6.361631158e-06,0.01077571339
0.468,-0.0001101058496,-3.395820271e-06,0.009508336403
0.472,-7.208930882e-05,-1.651259173e-06,0.008311662243
0.476,-4.442510453e-05,-7.053508697e-07,0.007193693393
0.48,-2.520587717e-05,-2.476507528e-07,0.006154672453
0.484,-1.26859119e-05,-6.01538738e-08,0.005189672332
0.488,-5.280490214e-06,-2.086486982e-09,0.004290678562
0.492,-1.544210408e-06,3.026399135e-09,0.003448112712
0.496,-1.910056685e-07,6.719611381e-10,0.002651687734
0.5,9.800803409e-11,-3.50566489e-11,0.001890802859
0.504,5.26988724e-07,-1.538165681e-09,0.2627995827
0.508,5.383008082e-06,-2.134140992e-08,0.6050056052
0.512,2.011666603e-05,-1.780785474e-07,0.9433056839
0.516,4.92805832e-05,-7.241598124e-07,1.273235848
0.52,9.746697347e-05,-2.161641072e-06,1.598285023
0.524,0.0001705829243,-5.413058202e-06,1.920865359
0.528,0.0002748142069,-1.206614412e-05,2.242129794
0.532,0.0004151327571,-2.466630965e-05,2.562674461
0.536,0.000595216826,-4.710099943e-05,2.882849619
0.54,0.0008177646076,-8.516082135e-05,3.202803929
0.544,0.001084255925,-0.0001473805895,3.522537608
0.548,0.001393563922,-0.000245861364,3.842005796
0.552,0.001740428993,-0.0003973573012,4.161193846
0.556,0.002114160668,-0.0006245338201,4.480132419
0.56,0.002497524999,-0.0009571277065,4.798884812
0.564,0.002865361071,-0.001432982392,5.117539937
0.568,0.003183244633,-0.002098778681,5.436213242
0.572,0.003407172518,-0.003009400671,5.755043756
0.576,0.003483881891,-0.004226425596,6.074190725
0.58,0.003352856761,-0.005814449016,6.393825694
0.584,0.002950211782,-0.007835424608,6.71412564
0.588,0.002214743626,-0.01034088957,7.035266639
0.592,0.001097057015,-0.01336266011,7.357412168
0.596,-0.0004304272061,-0.01689994651,7.680700697
0.6,-0.002357256692,-0.02091609819,8.005233609
0.604,-0.004623445892,-0.02532542609,8.331058741
0.608,-0.007109408969,-0.03001272774,8.658162317
0.612,-0.009624650203,-0.03481386603,8.98645898
0.616,-0.01191984186,-0.0395711343,9.315797992
0.62,-0.01369742279,-0.04412398983,9.645966843
0.624,-0.01466279509,-0.04837842991,9.976717844
0.628,-0.01360383417,-0.04827482865,10.0344152
0.632,-0.01011890093,-0.04252672055,9.730421465
0.636,-0.006779133524,-0.03680959752,9.346778039
0.64,-0.00433861896,-0.03187976718,8.975014216
0.644,-0.002557057613,-0.02737148312,8.619781253
0.648,-0.001283042549,-0.02323818937,8.269021735
0.652,-0.0004813409133,-0.0195574976,7.922245143
0.656,-7.979295193e-05,-0.0163194126,7.582223222
0.66,3.17024821e-05,-0.01347020168,7.248322897
0.664,-3.863912867e-05,-0.0109680295,6.91843023
0.668,-0.0002019993833,-0.008788178137,6.591052963
0.672,-0.0003923735957,-0.006913583666,6.265364445
0.676,-0.0005655600675,-0.005328306972,5.940828396
0.68,-0.0006962964751,-0.004013961621,5.617072434
0.684,-0.0007741217028,-0.002948372389,5.293860622
0.688,-0.000799145175,-0.002105311306,4.971056982
0.692,-0.0007780959263,-0.001455902865,4.648589683
0.696,-0.0007212253711,-0.0009700708789,4.326423243
0.7,-0.0006398362307,-0.0006182371431,4.004540091
0.704,-0.0005448441507,-0.0003727259088,3.68292752
0.708,-0.0004456347384,-0.0002087563694,3.361571004
0.712,-0.0003496160796,-0.0001050299148,3.040451031
0.716,-0.0002622008591,-4.39664798e-05,2.719541939
0.72,-0.0001867969624,-1.155975427e-05,2.398814253
0.724,-0.0001251267373,2.824095916e-06,2.078236161
0.728,-7.747524263e-05,6.961308015e-06,1.757776647
0.732,-4.31737195e-05,6.155223872e-06,1.437406518
0.736,-2.057423706e-05,3.76441356e-06,1.117100721
0.74,-7.572073746e-06,1.605565567e-06,0.7968385132
0.744,-1.653832741e-06,3.725270268e-07,0.4766038827
0.748,-6.356400966e-08,1.629917323e-08,0.1563851891
0.752,5.405413977e-08,-2.356478538e-08,-0.1762662977
0.756,1.570841834e-06,-4.386840366e-07,-0.5077371967
0.76,7.955550946e-06,-2.599015196e-06,-0.8233525997
0.764,2.305359781e-05,-7.950559823e-06,-1.138881696
0.768,4.992808786e-05,-1.730688141e-05,-1.455478002
0.772,9.069734517e-05,-3.070668669e-05,-1.772525355
0.776,0.000146574192,-4.717085382e-05,-2.089975724
0.78,0.0002177304114,-6.446505881e-05,-2.407994065
0.784,0.0003030654368,-7.87412186e-05,-2.726684959
0.788,0.000399923947,-8.417175782e-05,-3.046045152
0.792,0.0005037825032,-7.25501879e-05,-3.365991089
0.796,0.0006079395677,-3.302030676e-05,-3.686397837
0.8,0.0007031638434,4.824359904e-05,-4.007132687
0.804,0.0007774305455,0.000188142025,-4.328078764
0.808,0.0008157271387,0.0004066085579,-4.649148728
0.812,0.0008001236996,0.0007261940547,-4.970289322
0.816,0.0007097488691,0.00117105601,-5.291479628
0.82,0.0005215196106,0.001765899681,-5.612724639
0.824,0.0002110251513,0.002533708941,-5.934045231
0.828,-0.000246369288,0.003493155534,-6.255469701
0.832,-0.0008734867879,0.004655387893,-6.577023385
0.836,-0.001689363097,0.006020083676,-6.898721176
0.84,-0.002706376694,0.007571771487,-7.220561485
0.844,-0.00392734507,0.009275689089,-7.542520689
0.848,-0.005342687075,0.01107511472,-7.864554043
0.852,-0.006926378071,0.01289046148,-8.186592772
0.856,-0.008635222267,0.01461861357,-8.508550122
0.86,-0.01040545912,0.01613832591,-8.830325125
0.864,-0.01215397039,0.01731711245,-9.151815064
0.868,-0.01377954637,0.01802258519,-9.472923712
0.872,-0.01516849664,0.018137542,-9.79358627
0.876,-0.01612856176,0.01724439024,-10.03725262
0.88,-0.01566622881,0.01365086381,-9.811960441
0.884,-0.01340104977,0.009892076227,-9.460071188
0.888,-0.01046237266,0.0070707285,-9.111028397
0.892,-0.007801680669,0.005028780488,-8.764964872
0.896,-0.005701608676,0.003512407749,-8.420874057
0.9,-0.00412009962,0.00237566901,-8.0816677
0.904,-0.002947320488,0.001534655847,-7.74800587
0.908,-0.002082938723,0.0009300323678,-7.418701772
0.912,-0.001449369667,0.0005144892128,-7.092315879
0.916,-0.0009885872647,0.0002464140156,-6.767745552
0.92,-0.0006586238799,8.693640443e-05,-6.444253448
0.924,-0.0004270053674,2.338127802e-06,-6.121376387
0.928,-0.0002685811918,-3.512438099e-05,-5.798836277
0.932,-0.0001634282804,-4.564004987e-05,-5.476474461
0.936,-9.579862298e-05,-4.250835087e-05,-5.154199035
0.94,-5.391329862e-05,-3.425986484e-05,-4.831950603
0.944,-2.900519122e-05,-2.516161244e-05,-4.509694602
0.948,-1.485689618e-05,-1.718536342e-05,-4.187410463
0.952,-7.073225932e-06,-1.096089019e-05,-3.865092322
0.956,-3.155623774e-06,-6.688107844e-06,-3.542745012
0.96,-1.267480607e-06,-3.82778165e-06,-3.220387597
0.964,-4.916393852e-07,-2.058087543e-06,-2.898041981
0.968,-1.76431161e-07,-1.001867149e-06,-2.575732652
0.972,-2.000097633e-07,-4.304721297e-07,-2.253481785
0.976,3.120026181e-08,-1.293700366e-07,-1.931305364
0.98,6.157193672e-08,6.44062801e-08,-1.609214332
0.984,1.867861074e-11,-1.280904615e-08,-1.287207917
0.988,1.575286039e-09,-1.287377458e-09,-0.9652878537
0.992,7.248462844e-09,1.225920664e-09,-0.6434432151
0.996,1.512740531e-08,1.53161351e-09,-0.3216623333
1,1.818751558e-08,1.426604241e-09,6.850655463e-05
1.004,1.363973449e-09,5.564907442e-10,0.08484474939
1.008,-9.600479353e-10,1.23171163e-10,0.08721409401
1.012,3.308173374e-11,-3.996715759e-12,0.07517893265
1.016,1.2779719e-10,-1.945700664e-11,0.05833544114
1.02,-3.339475683e-10,-2.675275511e-11,0.04085072372
1.024,-5.912838044e-10,-3.485653134e-11,0.025394934
1.028,-5.74172459e-10,-3.705480759e-11,0.01314790708
1.032,-4.421029969e-10,-3.315108829e-11,0.00433256131
1.036,-2.938107301e-10,-2.567977674e-11,-0.00130894335
1.04,-1.579900579e-10,-1.696150905e-11,-0.004300400787
1.044,-4.174008795e-11,-8.754570043e-12,-0.005307806608
1.048,4.680989416e-11,-2.340903083e-12,-0.005014238529
1.052,1.003889893e-10,1.593497433e-12,-0.00401556117
1.056,1.190321613e-10,3.047228596e-12,-0.002765810487
1.06,1.104726985e-10,2.552990245e-12,-0.00156817924
1.064,8.588478378e-11,8.741778071e-13,-0.0005927408853
1.068,5.565615245e-11,-1.265100144e-12,9.433912173e-05
1.072,2.72590791e-11,-3.325813862e-12,0.0004987764571
1.076,4.882178109e-12,-4.98929729e-12,0.0006684068635
1.08,-1.003193042e-11,-6.129092803e-12,0.0006688908309
1.084,-1.792412876e-11,-6.757201152e-12,0.0005663691619
1.088,-2.025856204e-11,-6.967122239e-12,0.0004169777161
1.092,-1.883995233e-11,-6.885599055e-12,0.0002620885144
1.096,-1.53664375e-11,-6.63811636e-12,0.0001277146989
1.1,-1.119441132e-11,-6.328505543e-12,2.65170297e-05
1.104,-7.258523272e-12,-6.030351306e-12,-3.891940326e-05
1.108,-4.090568588e-12,-5.786804137e-12,-7.253867031e-05
1.112,-1.893157726e-12,-5.615449787e-12,-8.164883025e-05
1.116,-6.357978398e-13,-5.515443213e-12,-7.447662739e-05
1.12,-1.504459652e-13,-5.474845573e-12,-5.853744053e-05
1.124,-2.119570683e-13,-5.47689352e-12,-3.97529652e-05
1.128,-5.964109863e-13,-5.504585848e-12,-2.216033742e-05
1.132,-1.116443519e-12,-5.543505692e-12,-8.026350838e-06
1.136,-1.636804236e-12,-5.58310995e-12,1.809272284e-06
1.14,-2.075389029e-12,-5.61688706e-12,7.504209218e-06
1.144,-2.395332557e-12,-5.64180547e-12,9.797742755e-06
1.148,-2.592996056e-12,-5.657423556e-12,9.667786388e-06
1.152,-2.685424244e-12,-5.664939276e-12,8.085352477e-06
1.156,-2.699491635e-12,-5.666354742e-12,5.866362806e-06
1.16,-2.663794008e-12,-5.663843716e-12,3.605653864e-06
1.164,-2.603475427e-12,-5.659341687e-12,1.671211811e-06
1.168,-2.537645131e-12,-5.654335439e-12,2.359267997e-07
1.172,-2.478758811e-12,-5.649806222e-12,-6.727738785e-07
1.176,-2.433288407e-12,-5.646274823e-12,-1.120137011e-06
1.18,-2.403063967e-12,-5.643901165e-12,-1.217583443e-06
1.184,-2.386814804e-12,-5.642601257e-12,-1.087262272e-06
1.188,-2.381586308e-12,-5.642156279e-12,-8.388379837e-07
1.192,-2.383865221e-12,-5.642299865e-12,-5.573245935e-07
1.196,-2.390347131e-12,-5.642778403e-12,-2.995273387e-07
1.2,-2.398370137e-12,-5.643385649e-12,-9.62697864e-08
1.204,-2.406077999e-12,-5.643976325e-12,4.220937168e-08
1.208,-2.412392837e-12,-5.644464801e-12,1.197730215e-07
1.212,-2.416877492e-12,-5.644815042e-12,1.482510853e-07
1.216,-2.419551792e-12,-5.645026713e-12,1.424727562e-07
1.22,-2.42070992e-12,-5.64512122e-12,1.167810395e-07
1.224,-2.420766581e-12,-5.645129824e-12,8.299060637e-08
1.228,-2.420145802e-12,-5.645084898e-12,4.954057823e-08
1.232,-2.419209998e-12,-5.645014437e-12,2.150528386e-08
1.236,-2.41822857e-12,-5.644939427e-12,1.124657339e-09
1.24,-2.4173726e-12,-5.644873321e-12,-1.143220458e-08
1.244,-2.416726038e-12,-5.644822902e-12,-1.728070133e-08
1.248,-2.416307124e-12,-5.644789843e-12,-1.814297627e-08
1.252,-2.416092145e-12,-5.644772465e-12,-1.584166732e-08
1.256,-2.416034197e-12,-5.644767295e-12,-1.197668149e-08
1.26,-2.416080939e-12,-5.64477033e-12,-7.763497247e-09
1.264,-2.416183736e-12,-5.644777856e-12,-3.994781253e-09
1.268,-2.416304821e-12,-5.64478692e-12,-1.082902431e-09
1.272,-2.416417975e-12,-5.644795491e-12,8.550242395e-10
1.276,-2.416508734e-12,-5.644802401e-12,1.899497335e-09
1.28,-2.416571877e-12,-5.644807217e-12,2.238538653e-09
1.284,-2.416608246e-12,-5.644809984e-12,2.096217853e-09
1.288,-2.416622717e-12,-5.644811063e-12,1.683615615e-09
1.292,-2.416621838e-12,-5.644810926e-12,1.171054563e-09
1.296,-2.416611481e-12,-5.644810054e-12,6.775750495e-10
1.3,-2.416597319e-12,-5.644808854e-12,2.725263603e-10
1.304,-2.416582756e-12,-5.644807622e-12,-1.572917577e-11
1.308,-2.416570272e-12,-5.644806543e-12,-1.881462183e-10
1.312,-2.416561218e-12,-5.644805707e-12,-2.633416946e-10
1.316,-2.41655531e-12,-5.644805129e-12,-2.677640684e-10
1.32,-2.416552576e-12,-5.644804781e-12,-2.285013614e-10
1.324,-2.416552078e-12,-5.644804605e-12,-1.688123372e-10
1.328,-2.41655278e-12,-5.644804546e-12,-1.060078479e-10
1.332,-2.416554518e-12,-5.644804545e-12,-5.10898429e-11
1.336,-2.416556386e-12,-5.644804564e-12,-9.514196736e-12
1.34,-2.41655826e-12,-5.644804575e-12,1.748198803e-11
1.344,-2.416559343e-12,-5.644804553e-12,3.141731309e-11
1.348,-2.416560159e-12,-5.644804502e-12,3.524795524e-11
1.352,-2.4165608e-12,-5.644804422e-12,3.234329252e-11
1.356,-2.416561093e-12,-5.644804318e-12,2.579905524e-11
1.36,-2.41656089e-12,-5.644804193e-12,1.806271263e-11
1.364,-2.416560739e-12,-5.644804058e-12,1.080667281e-11
1.368,-2.416560632e-12,-5.644803926e-12,4.972308001e-12
1.372,-2.41656045e-12,-5.644803789e-12,9.100517746e-13
1.376,-2.416560266e-12,-5.644803655e-12,-1.443002085e-12
1.38,-2.416560262e-12,-5.644803524e-12,-2.391332267e-12
1.384,-2.416560148e-12,-5.644803397e-12,-2.338612007e-12
1.388,-2.416560066e-12,-5.644803276e-12,-1.685875221e-12
1.392,-2.416560081e-12,-5.644803155e-12,-7.703127681e-13
1.396,-2.416560183e-12,-5.644803037e-12,1.623606086e-13
1.4,-2.416560317e-12,-5.64480292e-12,9.602186481e-13
1.404,-2.416560296e-12,-5.6448028e-12,1.551930576e-12
1.408,-2.416560354e-12,-5.644802681e-12,1.926291234e-12
1.412,-2.416560406e-12,-5.644802563e-12,2.110310419e-12
1.416,-2.416560402e-12,-5.644802445e-12,2.150054057e-12
1.42,-2.416560355e-12,-5.644802322e-12,2.095933869e-12
1.424,-2.416560294e-12,-5.644802202e-12,1.993242515e-12
1.428,-2.416560515e-12,-5.644802085e-12,1.876971271e-12
1.432,-2.416560443e-12,-5.644801964e-12,1.770599554e-12
1.436,-2.416560451e-12,-5.644801842e-12,1.686818817e-12
1.44,-2.416560535e-12,-5.644801724e-12,1.629798452e-12
1.444,-2.416560493e-12,-5.644801602e-12,1.597918437e-12
1.448,-2.416560419e-12,-5.64480148e-12,1.586256371e-12
1.452,-2.416560682e-12,-5.644801364e-12,1.58867245e-12
1.456,-2.416560485e-12,-5.644801244e-12,1.599364318e-12
1.46,-2.41656064e-12,-5.644801121e-12,1.613290557e-12
1.464,-2.416560632e-12,-5.644801001e-12,1.627096271e-12
1.468,-2.416560919e-12,-5.644800883e-12,1.638627418e-12
1.472,-2.416560793e-12,-5.644800763e-12,1.647040022e-12
1.476,-2.416560772e-12,-5.644800643e-12,1.652206308e-12
1.48,-2.416560814e-12,-5.644800523e-12,1.654603378e-12
1.484,-2.416560791e-12,-5.644800402e-12,1.654967679e-12
1.488,-2.416560721e-12,-5.644800283e-12,1.654005282e-12
1.492,-2.416560837e-12,-5.644800162e-12,1.652402745e-12
1.496,-2.416560867e-12,-5.644800041e-12,1.65068398e-12
1.5,-2.416560946e-12,-5.644799923e-12,1.649131004e-12
1.504,-2.416561025e-12,-5.644799805e-12,1.647931488e-12
1.508,-2.416561058e-12,-5.644799683e-12,1.647137822e-12
1.512,-2.416560984e-12,-5.644799563e-12,1.646692425e-12
1.516,-2.416561111e-12,-5.644799442e-12,1.646556734e-12
1.52,-2.416560978e-12,-5.64479932e-12,1.646615151e-12
1.524,-2.416561193e-12,-5.644799202e-12,1.6467791e-12
1.528,-2.416561114e-12,-5.644799081e-12,1.646995537e-12
1.532,-2.416561253e-12,-5.644798961e-12,1.647180923e-12
1.536,-2.416561135e-12,-5.64479884e-12,1.647365496e-12
1.54,-2.416561286e-12,-5.644798724e-12,1.647431004e-12
1.544,-2.416561261e-12,-5.644798602e-12,1.647534035e-12
1.548,-2.416561235e-12,-5.644798481e-12,1.647587325e-12
1.552,-2.416561157e-12,-5.64479836e-12,1.647609623e-12
1.556,-2.416561311e-12,-5.644798243e-12,1.647562661e-12
1.56,-2.416561304e-12,-5.644798121e-12,1.647507287e-12
1.564,-2.416561242e-12,-5.644798001e-12,1.647501494e-12
1.568,-2.416561383e-12,-5.644797879e-12,1.647462546e-12
1.572,-2.416561388e-12,-5.644797761e-12,1.64746035e-12
1.576,-2.416561287e-12,-5.644797639e-12,1.647443432e-12
1.58,-2.416561437e-12,-5.644797521e-12,1.647433206e-12
1.584,-2.416561357e-12,-5.6447974e-12,1.647463297e-12
1.588,-2.416561539e-12,-5.644797283e-12,1.64742815e-12
1.592,-2.416561526e-12,-5.64479716e-12,1.647460379e-12
1.596,-2.416561601e-12,-5.644797042e-12,1.647446808e-12
1.6,-2.416561623e-12,-5.644796921e-12,1.647462303e-12
1.604,-2.416561635e-12,-5.6447968e-12,1.647443356e-12
1.608,-2.4165617e-12,-5.644796682e-12,1.647463185e-12
1.612,-2.416561537e-12,-5.64479656e-12,1.647459884e-12
1.616,-2.416561568e-12,-5.644796439e-12,1.647457716e-12
1.62,-2.416561678e-12,-5.64479632e-12,1.647442269e-12
1.624,-2.416561598e-12,-5.644796199e-12,1.647460569e-12
1.628,-2.416561718e-12,-5.644796078e-12,1.647480664e-12
1.632,-2.416561743e-12,-5.644795961e-12,1.647475012e-12
1.636,-2.416561845e-12,-5.64479584e-12,1.647464863e-12
1.64,-2.416561795e-12,-5.644795719e-12,1.647472815e-12
1.644,-2.416561874e-12,-5.644795599e-12,1.647453098e-12
1.648,-2.416561764e-12,-5.64479548e-12,1.647453267e-12
1.652,-2.416561887e-12,-5.644795363e-12,1.647466652e-12
1.656,-2.416561851e-12,-5.644795239e-12,1.647450383e-12
1.66,-2.416561935e-12,-5.644795118e-12,1.647470165e-12
1.664,-2.416561889e-12,-5.644794998e-12,1.647440752e-12
1.668,-2.416561896e-12,-5.644794879e-12,1.647471e-12
1.672,-2.416561997e-12,-5.644794762e-12,1.647481877e-12
1.676,-2.416561974e-12,-5.644794638e-12,1.647469098e-12
1.68,-2.416561898e-12,-5.644794517e-12,1.647455717e-12
1.684,-2.416561986e-12,-5.644794399e-12,1.647425928e-12
1.688,-2.416561884e-12,-5.644794277e-12,1.64744946e-12
1.692,-2.416562036e-12,-5.644794158e-12,1.647435422e-12
1.696,-2.416562229e-12,-5.644794039e-12,1.64742237e-12
1.7,-2.416562145e-12,-5.644793921e-12,1.647447478e-12
1.704,-2.416562124e-12,-5.644793796e-12,1.647458941e-12
1.708,-2.416562221e-12,-5.644793679e-12,1.647451724e-12
1.712,-2.416562192e-12,-5.64479356e-12,1.64743188e-12
1.716,-2.416562265e-12,-5.644793439e-12,1.64741575e-12
1.72,-2.416562214e-12,-5.644793318e-12,1.647434535e-12
1.724,-2.416562439e-12,-5.6447932e-12,1.647446843e-12
1.728,-2.416562388e-12,-5.644793077e-12,1.647458903e-12
1.732,-2.416562266e-12,-5.644792956e-12,1.647466403e-12
1.736,-2.416562369e-12,-5.644792838e-12,1.647481752e-12
1.74,-2.416562355e-12,-5.644792719e-12,1.647473455e-12
1.744,-2.41656248e-12,-5.644792597e-12,1.647469971e-12
1.748,-2.416562414e-12,-5.644792477e-12,1.647462771e-12
1.752,-2.416562396e-12,-5.64479236e-12,1.647430085e-12
1.756,-2.416562442e-12,-5.644792237e-12,1.647424831e-12
1.76,-2.416562571e-12,-5.644792117e-12,1.647413662e-12
1.764,-2.416562681e-12,-5.644791999e-12,1.647430091e-12
1.768,-2.416562594e-12,-5.644791879e-12,1.647437809e-12
1.772,-2.41656267e-12,-5.644791758e-12,1.647452337e-12
1.776,-2.416562606e-12,-5.644791638e-12,1.647481328e-12
1.78,-2.416562681e-12,-5.644791516e-12,1.647473691e-12
1.784,-2.41656259e-12,-5.644791397e-12,1.647456287e-12
1.788,-2.41656266e-12,-5.644791278e-12,1.647460194e-12
1.792,-2.416562814e-12,-5.644791155e-12,1.647449522e-12
1.796,-2.416562706e-12,-5.644791038e-12,1.647456932e-12
1.8,-2.416562727e-12,-5.644790914e-12,1.647457117e-12
1.804,-2.416562742e-12,-5.644790796e-12,1.647458917e-12
1.808,-2.416562739e-12,-5.644790676e-12,1.647478785e-12
1.812,-2.416562871e-12,-5.644790558e-12,1.647492397e-12
1.816,-2.4165628e-12,-5.644790434e-12,1.647474809e-12
1.82,-2.41656283e-12,-5.644790316e-12,1.647448341e-12
1.824,-2.416562932e-12,-5.644790196e-12,1.647448623e-12
1.828,-2.416562869e-12,-5.644790075e-12,1.647443957e-12
1.832,-2.416562953e-12,-5.644789956e-12,1.64741647e-12
1.836,-2.416562951e-12,-5.644789837e-12,1.647437403e-12
1.84,-2.416562913e-12,-5.644789715e-12,1.647453771e-12
1.844,-2.416562929e-12,-5.644789595e-12,1.647467386e-12
1.848,-2.416562948e-12,-5.644789477e-12,1.647465694e-12
1.852,-2.416563077e-12,-5.644789357e-12,1.647483507e-12
1.856,-2.416563097e-12,-5.644789237e-12,1.647464127e-12
1.86,-2.416563161e-12,-5.644789118e-12,1.647453163e-12
1.864,-2.416563222e-12,-5.644788997e-12,1.647443721e-12
1.868,-2.416563121e-12,-5.644788876e-12,1.647428431e-12
1.872,-2.41656306e-12,-5.644788755e-12,1.647456964e-12
1.876,-2.416563199e-12,-5.644788636e-12,1.647447069e-12
1.88,-2.416563155e-12,-5.644788513e-12,1.647504795e-12
1.884,-2.416563338e-12,-5.644788395e-12,1.647474887e-12
1.888,-2.416563284e-12,-5.644788276e-12,1.647482274e-12
1.892,-2.416563371e-12,-5.644788154e-12,1.647492067e-12
1.896,-2.416563364e-12,-5.644788036e-12,1.647456266e-12
1.9,-2.416563306e-12,-5.644787914e-12,1.647458185e-12
1.904,-2.416563332e-12,-5.644787792e-12,1.647455812e-12
1.908,-2.416563465e-12,-5.644787678e-12,1.647465103e-12
1.912,-2.416563363e-12,-5.644787556e-12,1.647478634e-12
1.916,-2.416563469e-12,-5.644787436e-12,1.647478468e-12
1.92,-2.416563652e-12,-5.644787316e-12,1.647470334e-12
1.924,-2.416563525e-12,-5.644787196e-12,1.647494273e-12
1.928,-2.416563738e-12,-5.644787077e-12,1.647479094e-12
1.932,-2.416563571e-12,-5.644786956e-12,1.647491318e-12
1.936,-2.41656355e-12,-5.644786834e-12,1.647471236e-12
1.94,-2.416563573e-12,-5.644786714e-12,1.647440653e-12
1.944,-2.416563579e-12,-5.644786597e-12,1.647443144e-12
1.948,-2.416563639e-12,-5.644786476e-12,1.647427182e-12
1.952,-2.416563776e-12,-5.644786355e-12,1.647418386e-12
1.956,-2.416563749e-12,-5.644786233e-12,1.647436237e-12
1.96,-2.4165638e-12,-5.644786117e-12,1.647450931e-12
1.964,-2.416563826e-12,-5.644785996e-12,1.647434008e-12
1.968,-2.416563756e-12,-5.644785877e-12,1.647452838e-12
1.972,-2.416563763e-12,-5.644785754e-12,1.647455761e-12
1.976,-2.416563866e-12,-5.644785637e-12,1.647460184e-12
1.98,-2.416563933e-12,-5.644785513e-12,1.647452943e-12
1.984,-2.416564088e-12,-5.644785397e-12,1.64745335e-12
1.988,-2.416563957e-12,-5.644785275e-12,1.64745221e-12
1.992,-2.416564021e-12,-5.644785157e-12,1.647426387e-12
1.996,-2.416563948e-12,-5.644785034e-12,1.647456637e-12
2,-2.416564008e-12,-5.644784913e-12,1.647454303e-12
