#Exudyn implicit second order time integration sensor output file
#measure Body number = 3
#OutputVariableType = Rotation
#simulation started = 2025-07-22,11:20:04
#columns contain: time, comma separated sensor values (e.g, x,y,z position coordinates)
#number of sensor values = 3
#Exudyn version = 1.10.0; Python3.13.2; Windows AVX2 FLOAT64
#
0,-0,0,-0
0.01,-0,0,9.295630831e-05
0.02,-0,0,0.0003902248017
0.03,-0,0,0.0009471000185
0.04,-0,0,0.001856062972
0.05,-0,0,0.003247280045
0.06,-0,0,0.005289327723
0.07,-0,0,0.008190166614
0.08,-0,0,0.01219839045
0.09,-0,0,0.01760477402
0.1,-0,0,0.02474413666
0.11,-0,0,0.03399752323
0.12,-0,0,0.04579468028
0.13,-0,0,0.06061676902
0.14,-0,0,0.07899920708
0.15,-0,0,0.101534466
0.16,-0,0,0.1288745708
0.17,-0,0,0.161732953
0.18,-0,0,0.2008852009
0.19,-0,0,0.24716814
0.2,-0,0,0.301476565
0.21,-0,0,0.3647568449
0.22,-0,0,0.4379965452
0.23,-0,0,0.5222091605
0.24,-0,0,0.6184130411
0.25,-0,0,0.7276036193
0.26,-0,0,0.8507181222
0.27,-0,0,0.9885920767
0.28,-0,0,1.141907113
0.29,-0,0,1.311129858
0.3,-0,0,1.496442157
0.31,-0,0,1.697663536
0.32,-0,0,1.914168055
0.33,-0,0,2.144799946
0.34,-0,0,2.38779659
0.35,-0,0,2.640733926
0.36,-0,0,2.900516519
0.37,-0,0,-3.119749355
0.38,-0,0,-2.857876983
0.39,-0,0,-2.601511627
0.4,-0,0,-2.355171595
0.41,-0,0,-2.123245109
0.42,-0,0,-1.909857868
0.43,-0,0,-1.718797138
0.44,-0,0,-1.553478269
0.45,-0,0,-1.416937798
0.46,-0,0,-1.311840941
0.47,-0,0,-1.240502502
0.48,-0,0,-1.204932252
0.49,-0,0,-1.206814808
0.5,-0,0,-1.247470818
0.51,-0,0,-1.327788332
0.52,-0,0,-1.44807641
0.53,-0,0,-1.607859119
0.54,-0,0,-1.805632286
0.55,-0,0,-2.03856843
0.56,-0,0,-2.302210067
0.57,-0,0,-2.590237094
0.58,-0,0,-2.894424575
0.59,-0,0,3.078293719
0.6,-0,0,2.772527269
0.61,-0,0,2.482785111
0.62,-0,0,2.219971907
0.63,-0,0,1.993964178
0.64,-0,0,1.813211992
0.65,-0,0,1.684519328
0.66,-0,0,1.612926522
0.67,-0,0,1.601608725
0.68,-0,0,1.651719803
0.69,-0,0,1.762136894
0.7,-0,0,1.929093548
0.71,-0,0,2.145794524
0.72,-0,0,2.402364533
0.73,-0,0,2.68662217
0.74,-0,0,2.985513971
0.75,-0,0,-2.99660221
0.76,-0,0,-2.704720959
0.77,-0,0,-2.432586767
0.78,-0,0,-2.19000283
0.79,-0,0,-1.985650607
0.8,-0,0,-1.826644596
0.81,-0,0,-1.718285188
0.82,-0,0,-1.664026574
0.83,-0,0,-1.665552543
0.84,-0,0,-1.722868022
0.85,-0,0,-1.834359202
0.86,-0,0,-1.996808563
0.87,-0,0,-2.205388929
0.88,-0,0,-2.453696285
0.89,-0,0,-2.733826889
0.9,-0,0,-3.03630086
0.91,-0,0,2.93362003
0.92,-0,0,2.623764205
0.93,-0,0,2.333544029
0.94,-0,0,2.078796319
0.95,-0,0,1.87236332
0.96,-0,0,1.723106339
0.97,-0,0,1.636304803
0.98,-0,0,1.614364429
0.99,-0,0,1.657324273
1,-0,0,1.763117733
1.01,-0,0,1.927634014
1.02,-0,0,2.144641872
1.03,-0,0,2.405685295
1.04,-0,0,2.700103799
1.05,-0,0,3.015322047
1.06,-0,0,-2.945707408
1.07,-0,0,-2.630854337
1.08,-0,0,-2.33691302
1.09,-0,0,-2.075974054
1.1,-0,0,-1.858023421
1.11,-0,0,-1.690728162
1.12,-0,0,-1.579526845
1.13,-0,0,-1.527860921
1.14,-0,0,-1.537385417
1.15,-0,0,-1.608062967
1.16,-0,0,-1.738109431
1.17,-0,0,-1.923800661
1.18,-0,0,-2.159182498
1.19,-0,0,-2.435773263
1.2,-0,0,-2.742424334
1.21,-0,0,-3.065576485
1.22,-0,0,2.893088637
1.23,-0,0,2.582587841
1.24,-0,0,2.300374102
1.25,-0,0,2.058601429
1.26,-0,0,1.866822124
1.27,-0,0,1.731871947
1.28,-0,0,1.657944773
1.29,-0,0,1.646722085
1.3,-0,0,1.697478281
1.31,-0,0,1.807132414
1.32,-0,0,1.970286021
1.33,-0,0,2.179386947
1.34,-0,0,2.425190707
1.35,-0,0,2.697475089
1.36,-0,0,2.985632666
1.37,-0,0,-3.004351154
1.38,-0,0,-2.717214816
1.39,-0,0,-2.447328973
1.4,-0,0,-2.205330991
1.41,-0,0,-2.000558643
1.42,-0,0,-1.840532028
1.43,-0,0,-1.730785225
1.44,-0,0,-1.674951532
1.45,-0,0,-1.674955765
1.46,-0,0,-1.731199493
1.47,-0,0,-1.842661879
1.48,-0,0,-2.006874745
1.49,-0,0,-2.219780714
1.5,-0,0,-2.47549533
1.51,-0,0,-2.765873392
1.52,-0,0,-3.079704276
1.53,-0,0,2.881222381
1.54,-0,0,2.568526876
1.55,-0,0,2.283161534
1.56,-0,0,2.039406882
1.57,-0,0,1.847094128
1.58,-0,0,1.712359179
1.59,-0,0,1.638591666
1.6,-0,0,1.627031834
1.61,-0,0,1.677074203
1.62,-0,0,1.786367332
1.63,-0,0,1.950751804
1.64,-0,0,2.164106913
1.65,-0,0,2.418232206
1.66,-0,0,2.702916265
1.67,-0,0,3.006302079
1.68,-0,0,-2.967649033
1.69,-0,0,-2.665629103
1.7,-0,0,-2.383341982
1.71,-0,0,-2.132124157
1.72,-0,0,-1.921635399
1.73,-0,0,-1.759567089
1.74,-0,0,-1.65158925
1.75,-0,0,-1.601460593
1.76,-0,0,-1.611160254
1.77,-0,0,-1.680932815
1.78,-0,0,-1.809206225
1.79,-0,0,-1.99239327
1.8,-0,0,-2.224620924
1.81,-0,0,-2.497470827
1.82,-0,0,-2.799877852
1.83,-0,0,-3.11840465
1.84,-0,0,2.845106163
1.85,-0,0,2.539463405
1.86,-0,0,2.261840457
1.87,-0,0,2.024024126
1.88,-0,0,1.835132962
1.89,-0,0,1.701563747
1.9,-0,0,1.627154539
1.91,-0,0,1.613416971
1.92,-0,0,1.659748572
1.93,-0,0,1.763582582
1.94,-0,0,1.920484374
1.95,-0,0,2.124258865
1.96,-0,0,2.36714027
1.97,-0,0,2.6400413
1.98,-0,0,2.932738485
1.99,-0,0,-3.049217761
2,-0,0,-2.751537062
2.01,-0,0,-2.469700739
2.02,-0,0,-2.21532088
2.03,-0,0,-1.998491778
2.04,-0,0,-1.827321128
2.05,-0,0,-1.707858299
2.06,-0,0,-1.644270948
2.07,-0,0,-1.639089203
2.08,-0,0,-1.693371423
2.09,-0,0,-1.80669612
2.1,-0,0,-1.976955177
2.11,-0,0,-2.199988165
2.12,-0,0,-2.469052464
2.13,-0,0,-2.774011231
2.14,-0,0,-3.100495168
2.15,-0,0,2.852761663
2.16,-0,0,2.538142851
2.17,-0,0,2.254623322
2.18,-0,0,2.013675632
2.19,-0,0,1.823164382
2.2,-0,0,1.688349096
2.21,-0,0,1.612459189
2.22,-0,0,1.59695942
2.23,-0,0,1.641664485
2.24,-0,0,1.744731074
2.25,-0,0,1.902535072
2.26,-0,0,2.109493631
2.27,-0,0,2.357950606
2.28,-0,0,2.638267721
2.29,-0,0,2.93920484
2.3,-0,0,-3.034663952
2.31,-0,0,-2.729579227
2.32,-0,0,-2.441171104
2.33,-0,0,-2.181197115
2.34,-0,0,-1.960137936
2.35,-0,0,-1.786675833
2.36,-0,0,-1.667445799
2.37,-0,0,-1.607054764
2.38,-0,0,-1.60818963
2.39,-0,0,-1.671658638
2.4,-0,0,-1.796311492
2.41,-0,0,-1.978850093
2.42,-0,0,-2.213572349
2.43,-0,0,-2.492121359
2.44,-0,0,-2.803367624
2.45,-0,0,-3.133631452
2.46,-0,0,2.815717371
2.47,-0,0,2.494167156
2.48,-0,0,2.19965477
2.49,-0,0,1.944677556
2.5,-0,0,1.738956397
2.51,-0,0,1.589422805
2.52,-0,0,1.500471725
2.53,-0,0,1.474281381
2.54,-0,0,1.51107667
2.55,-0,0,1.609269205
2.56,-0,0,1.765456491
2.57,-0,0,1.974321921
2.58,-0,0,2.228534726
2.59,-0,0,2.518753465
2.6,-0,0,2.83377088
2.61,-0,0,-3.122376191
2.62,-0,0,-2.79712735
2.63,-0,0,-2.487634986
2.64,-0,0,-2.206961409
2.65,-0,0,-1.96638402
2.66,-0,0,-1.774956464
2.67,-0,0,-1.639492118
2.68,-0,0,-1.564775352
2.69,-0,0,-1.553784785
2.7,-0,0,-1.60777308
2.71,-0,0,-1.726141465
2.72,-0,0,-1.906140775
2.73,-0,0,-2.142442239
2.74,-0,0,-2.426518423
2.75,-0,0,-2.745894526
2.76,-0,0,-3.084144047
2.77,-0,0,2.86025576
2.78,-0,0,2.537846252
2.79,-0,0,2.245356438
2.8,-0,0,1.993140713
2.81,-0,0,1.789166357
2.82,-0,0,1.639441284
2.83,-0,0,1.548129278
2.84,-0,0,1.517610915
2.85,-0,0,1.548542669
2.86,-0,0,1.63985443
2.87,-0,0,1.788651371
2.88,-0,0,1.990058597
2.89,-0,0,2.237117509
2.9,-0,0,2.520869376
2.91,-0,0,2.830670362
2.92,-0,0,-3.128602686
2.93,-0,0,-2.803558537
2.94,-0,0,-2.491170982
2.95,-0,0,-2.205347613
2.96,-0,0,-1.958869202
2.97,-0,0,-1.762262561
2.98,-0,0,-1.623384086
2.99,-0,0,-1.547557793
3,-0,0,-1.537824495
3.01,-0,0,-1.595078542
3.02,-0,0,-1.718069796
3.03,-0,0,-1.903293325
3.04,-0,0,-2.144793348
3.05,-0,0,-2.433944292
3.06,-0,0,-2.759337583
3.07,-0,0,-3.106972604
3.08,-0,0,2.822220775
3.09,-0,0,2.478370973
3.1,-0,0,2.160252611
3.11,-0,0,1.881287574
3.12,-0,0,1.65207744
3.13,-0,0,1.480339097
3.14,-0,0,1.371195397
3.15,-0,0,1.327566718
3.16,-0,0,1.350487118
3.17,-0,0,1.439252477
3.18,-0,0,1.591367629
3.19,-0,0,1.802309152
3.2,-0,0,2.065185507
3.21,-0,0,2.370456465
3.22,-0,0,2.705922792
3.23,-0,0,3.057155449
3.24,-0,0,-2.87477707
3.25,-0,0,-2.539306654
3.26,-0,0,-2.234199409
3.27,-0,0,-1.971887598
3.28,-0,0,-1.76223495
3.29,-0,0,-1.612524945
3.3,-0,0,-1.527647554
3.31,-0,0,-1.510292443
3.32,-0,0,-1.56103552
3.33,-0,0,-1.678291864
3.34,-0,0,-1.85814558
3.35,-0,0,-2.094035089
3.36,-0,0,-2.376312416
3.37,-0,0,-2.692061306
3.38,-0,0,-3.025948421
3.39,-0,0,2.920997116
3.4,-0,0,2.596866346
3.41,-0,0,2.297420989
3.42,-0,0,2.033509051
3.43,-0,0,1.81429766
3.44,-0,0,1.647092685
3.45,-0,0,1.537196295
3.46,-0,0,1.487930141
3.47,-0,0,1.500749758
3.48,-0,0,1.575330508
3.49,-0,0,1.709561878
3.5,-0,0,1.89946744
3.51,-0,0,2.139138908
3.52,-0,0,2.420770865
3.53,-0,0,2.734719443
3.54,-0,0,3.069305047
3.55,-0,0,-2.872830363
3.56,-0,0,-2.54178331
3.57,-0,0,-2.237643013
3.58,-0,0,-1.975134675
3.59,-0,0,-1.765391237
3.6,-0,0,-1.616038066
3.61,-0,0,-1.531766708
3.62,-0,0,-1.514791033
3.63,-0,0,-1.565143498
3.64,-0,0,-1.680847082
3.65,-0,0,-1.857932649
3.66,-0,0,-2.090294599
3.67,-0,0,-2.369470746
3.68,-0,0,-2.684526973
3.69,-0,0,-3.022270196
3.7,-0,0,2.915246085
3.71,-0,0,2.576890128
3.72,-0,0,2.260391618
3.73,-0,0,1.978663617
3.74,-0,0,1.742407164
3.75,-0,0,1.559881365
3.76,-0,0,1.436971631
3.77,-0,0,1.377431374
3.78,-0,0,1.383129747
3.79,-0,0,1.454175736
3.8,-0,0,1.588861704
3.81,-0,0,1.783431138
3.82,-0,0,2.031725396
3.83,-0,0,2.324825399
3.84,-0,0,2.650888708
3.85,-0,0,2.99545031
3.86,-0,0,-2.940804651
3.87,-0,0,-2.607813779
3.88,-0,0,-2.303739195
3.89,-0,0,-2.041195878
3.9,-0,0,-1.830013324
3.91,-0,0,-1.677238236
3.92,-0,0,-1.587335448
3.93,-0,0,-1.56242975
3.94,-0,0,-1.602500334
3.95,-0,0,-1.705480427
3.96,-0,0,-1.86723253
3.97,-0,0,-2.081403999
3.98,-0,0,-2.339287641
3.99,-0,0,-2.629976101
4,-0,0,-2.941020916
4.01,-0,0,3.023823442
4.02,-0,0,2.711136361
4.03,-0,0,2.416527924
4.04,-0,0,2.151508228
4.05,-0,0,1.926171431
4.06,-0,0,1.748744579
4.07,-0,0,1.625373038
4.08,-0,0,1.560153554
4.09,-0,0,1.555294029
4.1,-0,0,1.611266526
4.11,-0,0,1.726873836
4.12,-0,0,1.89921952
4.13,-0,0,2.123616009
4.14,-0,0,2.393405431
4.15,-0,0,2.699485269
4.16,-0,0,3.029397838
4.17,-0,0,-2.916400372
4.18,-0,0,-2.590254899
4.19,-0,0,-2.292885821
4.2,-0,0,-2.037969896
4.21,-0,0,-1.835000081
4.22,-0,0,-1.690078395
4.23,-0,0,-1.606648136
4.24,-0,0,-1.585995773
4.25,-0,0,-1.627610521
4.26,-0,0,-1.729375727
4.27,-0,0,-1.88754784
4.28,-0,0,-2.096561028
4.29,-0,0,-2.348782345
4.3,-0,0,-2.634405306
4.31,-0,0,-2.941687309
4.32,-0,0,3.025550142
4.33,-0,0,2.714196237
4.34,-0,0,2.420050282
4.35,-0,0,2.154512877
4.36,-0,0,1.92749788
4.37,-0,0,1.747263026
4.38,-0,0,1.620281149
4.39,-0,0,1.551189972
4.4,-0,0,1.542807005
4.41,-0,0,1.596127179
4.42,-0,0,1.710229865
4.43,-0,0,1.882076965
4.44,-0,0,2.106237675
4.45,-0,0,2.374623059
4.46,-0,0,2.676372078
4.47,-0,0,2.998097075
4.48,-0,0,-2.958498395
4.49,-0,0,-2.642545607
4.5,-0,0,-2.351657308
4.51,-0,0,-2.098100313
4.52,-0,0,-1.89148761
4.53,-0,0,-1.738749943
4.54,-0,0,-1.644342927
4.55,-0,0,-1.610518191
4.56,-0,0,-1.637558349
4.57,-0,0,-1.72391856
4.58,-0,0,-1.866247194
4.59,-0,0,-2.059302734
4.6,-0,0,-2.295859685
4.61,-0,0,-2.566758646
4.62,-0,0,-2.861201698
4.63,-0,0,3.115954831
4.64,-0,0,2.81092481
4.65,-0,0,2.519522535
4.66,-0,0,2.253745186
4.67,-0,0,2.0242686
4.68,-0,0,1.839932884
4.69,-0,0,1.707521728
4.7,-0,0,1.631800459
4.71,-0,0,1.615680627
4.72,-0,0,1.660371198
4.73,-0,0,1.765422229
4.74,-0,0,1.928623576
4.75,-0,0,2.145730705
4.76,-0,0,2.409899971
4.77,-0,0,2.710711195
4.78,-0,0,3.033319607
4.79,-0,0,-2.923786069
4.8,-0,0,-2.612628387
4.81,-0,0,-2.331501982
4.82,-0,0,-2.091338433
4.83,-0,0,-1.899656461
4.84,-0,0,-1.761424016
4.85,-0,0,-1.679597901
4.86,-0,0,-1.655473103
4.87,-0,0,-1.688892226
4.88,-0,0,-1.778281324
4.89,-0,0,-1.920519675
4.9,-0,0,-2.11071413
4.91,-0,0,-2.341992884
4.92,-0,0,-2.605472158
4.93,-0,0,-2.890557182
4.94,-0,0,3.097557388
4.95,-0,0,2.804279307
4.96,-0,0,2.524067091
4.97,-0,0,2.267436614
4.98,-0,0,2.044108925
4.99,-0,0,1.862848934
5,-0,0,1.731105436
5.01,-0,0,1.65464107
5.02,-0,0,1.637299555
5.03,-0,0,1.680880878
5.04,-0,0,1.785026474
5.05,-0,0,1.947059842
5.06,-0,0,2.161791425
5.07,-0,0,2.42134613
5.08,-0,0,2.715122485
5.09,-0,0,3.030052734
5.1,-0,0,-2.931839611
5.11,-0,0,-2.619457781
5.12,-0,0,-2.330325428
5.13,-0,0,-2.076738751
5.14,-0,0,-1.868419287
5.15,-0,0,-1.712471974
5.16,-0,0,-1.613604567
5.17,-0,0,-1.574416338
5.18,-0,0,-1.595641046
5.19,-0,0,-1.676282591
5.2,-0,0,-1.813616288
5.21,-0,0,-2.003066885
5.22,-0,0,-2.238033255
5.23,-0,0,-2.509792916
5.24,-0,0,-2.807626068
5.25,-0,0,-3.11921474
5.26,-0,0,2.851907968
5.27,-0,0,2.552817505
5.28,-0,0,2.279448421
5.29,-0,0,2.043095693
5.3,-0,0,1.853107616
5.31,-0,0,1.716708817
5.32,-0,0,1.639058055
5.33,-0,0,1.623390321
5.34,-0,0,1.67109828
5.35,-0,0,1.781658884
5.36,-0,0,1.952353459
5.37,-0,0,2.177712779
5.38,-0,0,2.448651167
5.39,-0,0,2.751751991
5.4,-0,0,3.070041222
5.41,-0,0,-2.897266385
5.42,-0,0,-2.598932621
5.43,-0,0,-2.329818046
5.44,-0,0,-2.098779348
5.45,-0,0,-1.912603518
5.46,-0,0,-1.776356883
5.47,-0,0,-1.693525266
5.48,-0,0,-1.666099868
5.49,-0,0,-1.694602415
5.5,-0,0,-1.778020696
5.51,-0,0,-1.913668672
5.52,-0,0,-2.09702093
5.53,-0,0,-2.321605537
5.54,-0,0,-2.579081428
5.55,-0,0,-2.859617802
5.56,-0,0,3.130654812
5.57,-0,0,2.836322559
5.58,-0,0,2.551621987
5.59,-0,0,2.28783083
5.6,-0,0,2.056319274
5.61,-0,0,1.86778224
5.62,-0,0,1.7312094
5.63,-0,0,1.653204515
5.64,-0,0,1.637795608
5.65,-0,0,1.68648548
5.66,-0,0,1.798309152
5.67,-0,0,1.969814869
5.68,-0,0,2.194980373
5.69,-0,0,2.465129583
5.7,-0,0,2.76896506
5.71,-0,0,3.092882366
5.72,-0,0,-2.861450516
5.73,-0,0,-2.54312692
5.74,-0,0,-2.249731942
5.75,-0,0,-1.993532483
5.76,-0,0,-1.784169763
5.77,-0,0,-1.628666117
5.78,-0,0,-1.531692437
5.79,-0,0,-1.495885436
5.8,-0,0,-1.522089986
5.81,-0,0,-1.609467141
5.82,-0,0,-1.755446831
5.83,-0,0,-1.955536324
5.84,-0,0,-2.203044936
5.85,-0,0,-2.488859044
5.86,-0,0,-2.801462054
5.87,-0,0,-3.127365507
5.88,-0,0,2.831217284
5.89,-0,0,2.522522521
5.9,-0,0,2.243284183
5.91,-0,0,2.005215637
5.92,-0,0,1.817787215
5.93,-0,0,1.68812498
5.94,-0,0,1.621076043
5.95,-0,0,1.619287404
5.96,-0,0,1.683180157
5.97,-0,0,1.810750513
5.98,-0,0,1.997163395
5.99,-0,0,2.234204017
6,-0,0,2.510025478
6.01,-0,0,2.810034644
6.02,-0,0,3.11907082
6.03,-0,0,-2.859742715
6.04,-0,0,-2.57169192
6.05,-0,0,-2.310025457
6.06,-0,0,-2.083554917
6.07,-0,0,-1.899751199
6.08,-0,0,-1.764512662
6.09,-0,0,-1.682038375
6.1,-0,0,-1.654818376
6.11,-0,0,-1.683659281
6.12,-0,0,-1.767689481
6.13,-0,0,-1.904330307
6.14,-0,0,-2.089252724
6.15,-0,0,-2.31638124
6.16,-0,0,-2.578036999
6.17,-0,0,-2.865229779
6.18,-0,0,3.115314522
6.19,-0,0,2.808607584
6.2,-0,0,2.51093842
6.21,-0,0,2.236826951
6.22,-0,0,2.000533414
6.23,-0,0,1.81397556
6.24,-0,0,1.685662452
6.25,-0,0,1.620758738
6.26,-0,0,1.621550186
6.27,-0,0,1.687829471
6.28,-0,0,1.817094231
6.29,-0,0,2.004579232
6.3,-0,0,2.243185859
6.31,-0,0,2.523420494
6.32,-0,0,2.833491423
6.33,-0,0,-3.123474014
6.34,-0,0,-2.795899165
6.35,-0,0,-2.48176588
6.36,-0,0,-2.194714304
6.37,-0,0,-1.946340929
6.38,-0,0,-1.74577428
6.39,-0,0,-1.599678835
6.4,-0,0,-1.512500824
6.41,-0,0,-1.486755859
6.42,-0,0,-1.523227647
6.43,-0,0,-1.621020204
6.44,-0,0,-1.777452601
6.45,-0,0,-1.987816557
6.46,-0,0,-2.24505726
6.47,-0,0,-2.539506219
6.48,-0,0,-2.858880667
6.49,-0,0,3.094401559
6.5,-0,0,2.769416106
6.51,-0,0,2.464482094
6.52,-0,0,2.193217778
6.53,-0,0,1.966972118
6.54,-0,0,1.794510692
6.55,-0,0,1.681978914
6.56,-0,0,1.632977754
6.57,-0,0,1.64863288
6.58,-0,0,1.72758739
6.59,-0,0,1.865900267
6.6,-0,0,2.056927699
6.61,-0,0,2.291439811
6.62,-0,0,2.558299543
6.63,-0,0,2.845629786
6.64,-0,0,-3.141403314
6.65,-0,0,-2.847611217
6.66,-0,0,-2.567068249
6.67,-0,0,-2.310297489
6.68,-0,0,-2.086958775
6.69,-0,0,-1.905248773
6.7,-0,0,-1.771525447
6.71,-0,0,-1.690219509
6.72,-0,0,-1.663924103
6.73,-0,0,-1.693541456
6.74,-0,0,-1.778408358
6.75,-0,0,-1.916357408
6.76,-0,0,-2.103705384
6.77,-0,0,-2.335202121
6.78,-0,0,-2.603955976
6.79,-0,0,-2.901191205
6.8,-0,0,3.067581888
6.81,-0,0,2.750524826
6.82,-0,0,2.447939756
6.83,-0,0,2.176770916
6.84,-0,0,1.950778781
6.85,-0,0,1.779456183
6.86,-0,0,1.668569015
6.87,-0,0,1.621006784
6.88,-0,0,1.637367199
6.89,-0,0,1.716262224
6.9,-0,0,1.854410851
6.91,-0,0,2.046571882
6.92,-0,0,2.285410062
6.93,-0,0,2.561440326
6.94,-0,0,2.86320271
6.95,-0,0,-3.105430127
6.96,-0,0,-2.791739965
6.97,-0,0,-2.49237886
6.98,-0,0,-2.219785745
6.99,-0,0,-1.984712576
7,-0,0,-1.795834227
7.01,-0,0,-1.659655039
7.02,-0,0,-1.580633884
7.03,-0,0,-1.561377105
7.04,-0,0,-1.602767916
7.05,-0,0,-1.703966917
7.06,-0,0,-1.862274769
7.07,-0,0,-2.072884843
7.08,-0,0,-2.328588994
7.09,-0,0,-2.619556076
7.1,-0,0,-2.933381822
7.11,-0,0,3.027544767
7.12,-0,0,2.712175193
7.13,-0,0,2.418494283
7.14,-0,0,2.159555131
7.15,-0,0,1.94593965
7.16,-0,0,1.785504784
7.17,-0,0,1.683416869
7.18,-0,0,1.642309162
7.19,-0,0,1.662457739
7.2,-0,0,1.741921363
7.21,-0,0,1.876642657
7.22,-0,0,2.06057714
7.23,-0,0,2.285964293
7.24,-0,0,2.543770888
7.25,-0,0,2.824124886
7.26,-0,0,3.116505158
7.27,-0,0,-2.873432871
7.28,-0,0,-2.590915555
7.29,-0,0,-2.330545043
7.3,-0,0,-2.102718734
7.31,-0,0,-1.916139842
7.32,-0,0,-1.777515489
7.33,-0,0,-1.691581825
7.34,-0,0,-1.661300391
7.35,-0,0,-1.688079267
7.36,-0,0,-1.771910632
7.37,-0,0,-1.911356358
7.38,-0,0,-2.103370597
7.39,-0,0,-2.342990186
7.4,-0,0,-2.622846296
7.41,-0,0,-2.932345329
7.42,-0,0,3.026352502
7.43,-0,0,2.704971253
7.44,-0,0,2.405110412
7.45,-0,0,2.141952896
7.46,-0,0,1.926212078
7.47,-0,0,1.764858117
7.48,-0,0,1.662127301
7.49,-0,0,1.620144678
7.5,-0,0,1.63923539
7.51,-0,0,1.718045112
7.52,-0,0,1.853505775
7.53,-0,0,2.040688893
7.54,-0,0,2.272644241
7.55,-0,0,2.540366262
7.56,-0,0,2.833021264
7.57,-0,0,3.138472188
7.58,-0,0,-2.839197785
7.59,-0,0,-2.546236982
7.6,-0,0,-2.277726414
7.61,-0,0,-2.044302044
7.62,-0,0,-1.854896078
7.63,-0,0,-1.716489153
7.64,-0,0,-1.634092881
7.65,-0,0,-1.610855285
7.66,-0,0,-1.648143448
7.67,-0,0,-1.745518934
7.68,-0,0,-1.900591734
7.69,-0,0,-2.10878118
7.7,-0,0,-2.363043278
7.71,-0,0,-2.653669415
7.72,-0,0,-2.968333916
7.73,-0,0,2.990567314
7.74,-0,0,2.6720669
7.75,-0,0,2.374283132
7.76,-0,0,2.110386119
7.77,-0,0,1.891019314
7.78,-0,0,1.724070849
7.79,-0,0,1.614783285
7.8,-0,0,1.566005318
7.81,-0,0,1.578453642
7.82,-0,0,1.650908331
7.83,-0,0,1.780312037
7.84,-0,0,1.961797754
7.85,-0,0,2.188719818
7.86,-0,0,2.452755128
7.87,-0,0,2.744057498
7.88,-0,0,3.051410412
7.89,-0,0,-2.920726349
7.9,-0,0,-2.618946692
7.91,-0,0,-2.33912592
7.92,-0,0,-2.092717325
7.93,-0,0,-1.889267171
7.94,-0,0,-1.73618356
7.95,-0,0,-1.638842467
7.96,-0,0,-1.60083221
7.97,-0,0,-1.624154854
7.98,-0,0,-1.709260219
7.99,-0,0,-1.854867865
8,-0,0,-2.057615038
8.01,-0,0,-2.311560439
8.02,-0,0,-2.607454473
8.03,-0,0,-2.931891891
8.04,-0,0,3.015717939
8.05,-0,0,2.687868586
8.06,-0,0,2.384392411
8.07,-0,0,2.117919815
8.08,-0,0,1.897520448
8.09,-0,0,1.729679045
8.1,-0,0,1.618856463
8.11,-0,0,1.567719582
8.12,-0,0,1.5772508
8.13,-0,0,1.646777548
8.14,-0,0,1.773898487
8.15,-0,0,1.954323955
8.16,-0,0,2.181715304
8.17,-0,0,2.447658452
8.18,-0,0,2.741892714
8.19,-0,0,3.052788657
8.2,-0,0,-2.915286862
8.21,-0,0,-2.608775981
8.22,-0,0,-2.323598396
8.23,-0,0,-2.071751023
8.24,-0,0,-1.863689079
8.25,-0,0,-1.707758167
8.26,-0,0,-1.610056136
8.27,-0,0,-1.574550127
8.28,-0,0,-1.603196711
8.29,-0,0,-1.695947144
8.3,-0,0,-1.85062981
8.31,-0,0,-2.062740494
8.32,-0,0,-2.32519154
8.33,-0,0,-2.628110835
8.34,-0,0,-2.958851525
8.35,-0,0,2.980740417
8.36,-0,0,2.640516983
8.37,-0,0,2.319613369
8.38,-0,0,2.032246546
8.39,-0,0,1.78999233
8.4,-0,0,1.601522328
8.41,-0,0,1.47277642
8.42,-0,0,1.407310832
8.43,-0,0,1.406635823
8.44,-0,0,1.470436153
8.45,-0,0,1.596624014
8.46,-0,0,1.781224949
8.47,-0,0,2.018161542
8.48,-0,0,2.299065625
8.49,-0,0,2.613264051
8.5,-0,0,2.948023229
8.51,-0,0,-2.994094722
8.52,-0,0,-2.661617156
8.53,-0,0,-2.352151618
8.54,-0,0,-2.078583552
8.55,-0,0,-1.85158726
8.56,-0,0,-1.67942537
8.57,-0,0,-1.568074731
8.58,-0,0,-1.521453186
8.59,-0,0,-1.541562618
8.6,-0,0,-1.628457458
8.61,-0,0,-1.780046186
8.62,-0,0,-1.991766376
8.63,-0,0,-2.256101224
8.64,-0,0,-2.561946722
8.65,-0,0,-2.894413798
8.66,-0,0,3.046983533
8.67,-0,0,2.712779628
8.68,-0,0,2.400550367
8.69,-0,0,2.121909446
8.7,-0,0,1.886257633
8.71,-0,0,1.701101717
8.72,-0,0,1.572065713
8.73,-0,0,1.502880032
8.74,-0,0,1.495444768
8.75,-0,0,1.549893893
8.76,-0,0,1.664580633
8.77,-0,0,1.835973401
8.78,-0,0,2.058531304
8.79,-0,0,2.324684606
8.8,-0,0,2.625004361
8.81,-0,0,2.948452217
8.82,-0,0,-3.000733439
8.83,-0,0,-2.670350355
8.84,-0,0,-2.358840589
8.85,-0,0,-2.081011503
8.86,-0,0,-1.84945112
8.87,-0,0,-1.673681091
8.88,-0,0,-1.560257678
8.89,-0,0,-1.513155277
8.9,-0,0,-1.534046553
8.91,-0,0,-1.622437463
8.92,-0,0,-1.7756803
8.93,-0,0,-1.988865432
8.94,-0,0,-2.254622489
8.95,-0,0,-2.562938957
8.96,-0,0,-2.901180626
8.97,-0,0,3.028661015
8.98,-0,0,2.676270082
8.99,-0,0,2.340781672
9,-0,0,2.03671549
9.01,-0,0,1.776222934
9.02,-0,0,1.568688344
9.03,-0,0,1.42079509
9.04,-0,0,1.336848513
9.05,-0,0,1.319133453
9.06,-0,0,1.368152918
9.07,-0,0,1.482675596
9.08,-0,0,1.659579589
9.09,-0,0,1.893529479
9.1,-0,0,2.176588831
9.11,-0,0,2.497956564
9.12,-0,0,2.844078808
9.13,-0,0,-3.083846204
9.14,-0,0,-2.735876136
9.15,-0,0,-2.410959219
9.16,-0,0,-2.122972443
9.17,-0,0,-1.883227013
9.18,-0,0,-1.700288424
9.19,-0,0,-1.580093045
9.2,-0,0,-1.526162123
9.21,-0,0,-1.539780482
9.22,-0,0,-1.620079018
9.23,-0,0,-1.764002291
9.24,-0,0,-1.966140935
9.25,-0,0,-2.218439021
9.26,-0,0,-2.510002473
9.27,-0,0,-2.827522589
9.28,-0,0,3.126636727
9.29,-0,0,2.800252306
9.3,-0,0,2.489585549
9.31,-0,0,2.206474446
9.32,-0,0,1.961367826
9.33,-0,0,1.763001072
9.34,-0,0,1.618111903
9.35,-0,0,1.531367837
9.36,-0,0,1.505468755
9.37,-0,0,1.541291844
9.38,-0,0,1.637973971
9.39,-0,0,1.792899391
9.4,-0,0,2.001635566
9.41,-0,0,2.257890209
9.42,-0,0,2.553455229
9.43,-0,0,2.877885257
9.44,-0,0,-3.06539375
9.45,-0,0,-2.726579686
9.46,-0,0,-2.406913537
9.47,-0,0,-2.122783073
9.48,-0,0,-1.886800358
9.49,-0,0,-1.707669065
9.5,-0,0,-1.590872465
9.51,-0,0,-1.539275819
9.52,-0,0,-1.553540248
9.53,-0,0,-1.632408634
9.54,-0,0,-1.772828201
9.55,-0,0,-1.969874948
9.56,-0,0,-2.216535773
9.57,-0,0,-2.503502634
9.58,-0,0,-2.819197388
9.59,-0,0,3.132960906
9.6,-0,0,2.800914631
9.61,-0,0,2.481988855
9.62,-0,0,2.189230788
9.63,-0,0,1.9340039
9.64,-0,0,1.725660863
9.65,-0,0,1.571414391
9.66,-0,0,1.476384408
9.67,-0,0,1.44374896
9.68,-0,0,1.474874692
9.69,-0,0,1.569327419
9.7,-0,0,1.724727564
9.71,-0,0,1.936473322
9.72,-0,0,2.197404068
9.73,-0,0,2.49753757
9.74,-0,0,2.824094255
9.75,-0,0,-3.121125341
9.76,-0,0,-2.787800215
9.77,-0,0,-2.474652449
9.78,-0,0,-2.195369681
9.79,-0,0,-1.961039735
9.8,-0,0,-1.779954144
9.81,-0,0,-1.657736016
9.82,-0,0,-1.597589849
9.83,-0,0,-1.600550801
9.84,-0,0,-1.665664474
9.85,-0,0,-1.790056149
9.86,-0,0,-1.968877329
9.87,-0,0,-2.19518848
9.88,-0,0,-2.459951615
9.89,-0,0,-2.752333012
9.9,-0,0,-3.060305602
9.91,-0,0,2.911893738
9.92,-0,0,2.610508467
9.93,-0,0,2.330878426
9.94,-0,0,2.084107062
9.95,-0,0,1.879668577
9.96,-0,0,1.725041366
9.97,-0,0,1.625625606
9.98,-0,0,1.584861695
9.99,-0,0,1.604407753
10,-0,0,1.684261185
10.01,-0,0,1.822770199
10.02,-0,0,2.016535795
10.03,-0,0,2.260187934
10.04,-0,0,2.545882019
10.05,-0,0,2.862350376
10.06,-0,0,-3.089082636
10.07,-0,0,-2.760673972
10.08,-0,0,-2.453886498
10.09,-0,0,-2.183445489
10.1,-0,0,-1.959784365
10.11,-0,0,-1.789814554
10.12,-0,0,-1.677754087
10.13,-0,0,-1.625681641
10.14,-0,0,-1.633924011
10.15,-0,0,-1.701285959
10.16,-0,0,-1.825077034
10.17,-0,0,-2.00095397
10.18,-0,0,-2.222674679
10.19,-0,0,-2.481916152
10.2,-0,0,-2.76834476
10.21,-0,0,-3.070092699
10.22,-0,0,2.908576096
10.23,-0,0,2.613598918
10.24,-0,0,2.339590223
10.25,-0,0,2.096834526
10.26,-0,0,1.894351127
10.27,-0,0,1.739723265
10.28,-0,0,1.638898851
10.29,-0,0,1.596055564
10.3,-0,0,1.613528709
10.31,-0,0,1.691726989
10.32,-0,0,1.828979014
10.33,-0,0,2.021308907
10.34,-0,0,2.262189499
10.35,-0,0,2.542368982
10.36,-0,0,2.849926863
10.37,-0,0,-3.112423155
10.38,-0,0,-2.793550035
10.39,-0,0,-2.491599673
10.4,-0,0,-2.219936364
10.41,-0,0,-1.989517575
10.42,-0,0,-1.808641355
10.43,-0,0,-1.683056376
10.44,-0,0,-1.616220954
10.45,-0,0,-1.609570081
10.46,-0,0,-1.662710506
10.47,-0,0,-1.773500851
10.48,-0,0,-1.938007818
10.49,-0,0,-2.150383479
10.5,-0,0,-2.402778487
10.51,-0,0,-2.685431055
10.52,-0,0,-2.986988964
10.53,-0,0,2.988178819
10.54,-0,0,2.686629412
10.55,-0,0,2.404238437
10.56,-0,0,2.152694823
10.57,-0,0,1.942046962
10.58,-0,0,1.780340916
10.59,-0,0,1.673553982
10.6,-0,0,1.625716673
10.61,-0,0,1.639072706
10.62,-0,0,1.714152941
10.63,-0,0,1.84969511
10.64,-0,0,2.042372361
10.65,-0,0,2.286243456
10.66,-0,0,2.571824547
10.67,-0,0,2.885207379
10.68,-0,0,-3.074470415
10.69,-0,0,-2.759175121
10.7,-0,0,-2.467643837
10.71,-0,0,-2.211466963
10.72,-0,0,-1.998932478
10.73,-0,0,-1.835893683
10.74,-0,0,-1.726279561
10.75,-0,0,-1.672386812
10.76,-0,0,-1.675058518
10.77,-0,0,-1.733730447
10.78,-0,0,-1.846335612
10.79,-0,0,-2.009111806
10.8,-0,0,-2.216396018
10.81,-0,0,-2.460526298
10.82,-0,0,-2.732002916
10.83,-0,0,-3.020011529
10.84,-0,0,2.969982662
10.85,-0,0,2.682811777
10.86,-0,0,2.412442131
10.87,-0,0,2.169254197
10.88,-0,0,1.963110549
10.89,-0,0,1.802876706
10.9,-0,0,1.695809131
10.91,-0,0,1.647131368
10.92,-0,0,1.659855148
10.93,-0,0,1.734709896
10.94,-0,0,1.870059688
10.95,-0,0,2.061772925
10.96,-0,0,2.303074934
10.97,-0,0,2.584462905
10.98,-0,0,2.893819065
10.99,-0,0,-3.066277757
11,-0,0,-2.744801402
11.01,-0,0,-2.440006202
11.02,-0,0,-2.165371548
11.03,-0,0,-1.931964257
11.04,-0,0,-1.748191153
11.05,-0,0,-1.619937759
11.06,-0,0,-1.550860016
11.07,-0,0,-1.542669196
11.08,-0,0,-1.595323287
11.09,-0,0,-1.707082994
11.1,-0,0,-1.87442324
11.11,-0,0,-2.091834615
11.12,-0,0,-2.35161475
11.13,-0,0,-2.643808458
11.14,-0,0,-2.956442933
11.15,-0,0,3.007082675
11.16,-0,0,2.694412938
11.17,-0,0,2.40238675
11.18,-0,0,2.143413795
11.19,-0,0,1.928034548
11.2,-0,0,1.76462521
11.21,-0,0,1.659376375
11.22,-0,0,1.616404492
11.23,-0,0,1.637841454
11.24,-0,0,1.723789052
11.25,-0,0,1.872074885
11.26,-0,0,2.077756651
11.27,-0,0,2.332373582
11.28,-0,0,2.623363041
11.29,-0,0,2.934766143
11.3,-0,0,-3.033386955
11.31,-0,0,-2.729560523
11.32,-0,0,-2.448859462
11.33,-0,0,-2.200812558
11.34,-0,0,-1.993181997
11.35,-0,0,-1.832165457
11.36,-0,0,-1.722390366
11.37,-0,0,-1.666911496
11.38,-0,0,-1.667223124
11.39,-0,0,-1.723234355
11.4,-0,0,-1.833189687
11.41,-0,0,-1.993555022
11.42,-0,0,-2.198922047
11.43,-0,0,-2.442028202
11.44,-0,0,-2.71400875
11.45,-0,0,-3.004884549
11.46,-0,0,2.979156787
11.47,-0,0,2.682937732
11.48,-0,0,2.401647245
11.49,-0,0,2.147975543
11.5,-0,0,1.934259905
11.51,-0,0,1.771021857
11.52,-0,0,1.666028759
11.53,-0,0,1.624121868
11.54,-0,0,1.647413877
11.55,-0,0,1.735494115
11.56,-0,0,1.885517763
11.57,-0,0,2.09218278
11.58,-0,0,2.347653934
11.59,-0,0,2.641541284
11.6,-0,0,2.961083502
11.61,-0,0,-2.991484716
11.62,-0,0,-2.665186332
11.63,-0,0,-2.358109827
11.64,-0,0,-2.083461351
11.65,-0,0,-1.852008065
11.66,-0,0,-1.671882196
11.67,-0,0,-1.548758605
11.68,-0,0,-1.486170446
11.69,-0,0,-1.485791966
11.7,-0,0,-1.547599907
11.71,-0,0,-1.669879472
11.72,-0,0,-1.849073669
11.73,-0,0,-2.079509776
11.74,-0,0,-2.353095523
11.75,-0,0,-2.659159514
11.76,-0,0,-2.984660078
11.77,-0,0,2.968277798
11.78,-0,0,2.648476116
11.79,-0,0,2.35357898
11.8,-0,0,2.096337163
11.81,-0,0,1.887235155
11.82,-0,0,1.734293532
11.83,-0,0,1.64308499
11.84,-0,0,1.616810417
11.85,-0,0,1.656314788
11.86,-0,0,1.759970679
11.87,-0,0,1.923403818
11.88,-0,0,2.139137238
11.89,-0,0,2.39650792
11.9,-0,0,2.682450392
11.91,-0,0,2.98320239
11.92,-0,0,-2.997312127
11.93,-0,0,-2.704287703
11.94,-0,0,-2.431456668
11.95,-0,0,-2.188510268
11.96,-0,0,-1.9840117
11.97,-0,0,-1.824989834
11.98,-0,0,-1.716695234
11.99,-0,0,-1.662557306
12,-0,0,-1.664244479
12.01,-0,0,-1.721738469
12.02,-0,0,-1.833378908
12.03,-0,0,-1.995868843
12.04,-0,0,-2.204269012
12.05,-0,0,-2.452046835
12.06,-0,0,-2.731201567
12.07,-0,0,-3.032286224
12.08,-0,0,2.939158278
12.09,-0,0,2.630443036
12.1,-0,0,2.340487562
12.11,-0,0,2.084983651
12.12,-0,0,1.876998669
12.13,-0,0,1.725762865
12.14,-0,0,1.636892105
12.15,-0,0,1.613046844
12.16,-0,0,1.654444527
12.17,-0,0,1.759134677
12.18,-0,0,1.923074594
12.19,-0,0,2.140064892
12.2,-0,0,2.401650048
12.21,-0,0,2.697133799
12.22,-0,0,3.013857465
12.23,-0,0,-2.945362623
12.24,-0,0,-2.628569252
12.25,-0,0,-2.332728317
12.26,-0,0,-2.070062021
12.27,-0,0,-1.850632066
12.28,-0,0,-1.682133546
12.29,-0,0,-1.57000295
12.3,-0,0,-1.517664704
12.31,-0,0,-1.526752351
12.32,-0,0,-1.597209848
12.33,-0,0,-1.727241964
12.34,-0,0,-1.913122738
12.35,-0,0,-2.148903371
12.36,-0,0,-2.426109494
12.37,-0,0,-2.733595777
12.38,-0,0,-3.057797757
12.39,-0,0,2.899620671
12.4,-0,0,2.587712017
12.41,-0,0,2.3039882
12.42,-0,0,2.060686716
12.43,-0,0,1.867464049
12.44,-0,0,1.731273582
12.45,-0,0,1.656430671
12.46,-0,0,1.644729149
12.47,-0,0,1.695528395
12.48,-0,0,1.805779847
12.49,-0,0,1.970032423
12.5,-0,0,2.180568062
12.51,-0,0,2.427872862
12.52,-0,0,2.701428786
12.53,-0,0,2.990416759
12.54,-0,0,-2.999243002
12.55,-0,0,-2.712230103
12.56,-0,0,-2.442800717
12.57,-0,0,-2.201480127
12.58,-0,0,-1.997520245
12.59,-0,0,-1.838379527
12.6,-0,0,-1.729542239
12.61,-0,0,-1.674589502
12.62,-0,0,-1.675379284
12.63,-0,0,-1.732225034
12.64,-0,0,-1.84400005
12.65,-0,0,-2.008128726
12.66,-0,0,-2.22047326
12.67,-0,0,-2.475139913
12.68,-0,0,-2.764113912
12.69,-0,0,-3.076523257
12.7,-0,0,2.885351518
12.71,-0,0,2.572774594
12.72,-0,0,2.286748694
12.73,-0,0,2.041912841
12.74,-0,0,1.84847453
12.75,-0,0,1.712819613
12.76,-0,0,1.638467377
12.77,-0,0,1.626707703
12.78,-0,0,1.676934525
12.79,-0,0,1.786765227
12.8,-0,0,1.951991713
12.81,-0,0,2.166433864
12.82,-0,0,2.421821632
12.83,-0,0,2.707859624
12.84,-0,0,3.012587552
12.85,-0,0,-2.960153727
12.86,-0,0,-2.657177124
12.87,-0,0,-2.374278915
12.88,-0,0,-2.122834862
12.89,-0,0,-1.912486725
12.9,-0,0,-1.750866591
12.91,-0,0,-1.643565579
12.92,-0,0,-1.594259694
12.93,-0,0,-1.604850036
12.94,-0,0,-1.67551184
12.95,-0,0,-1.804613968
12.96,-0,0,-1.988519867
12.97,-0,0,-2.221314639
12.98,-0,0,-2.49454291
12.99,-0,0,-2.797107512
13,-0,0,-3.115549209
13.01,-0,0,2.848293775
13.02,-0,0,2.543215849
13.03,-0,0,2.266365431
13.04,-0,0,2.029504343
13.05,-0,0,1.841729738
13.06,-0,0,1.709415184
13.07,-0,0,1.636362891
13.08,-0,0,1.624024152
13.09,-0,0,1.671702323
13.1,-0,0,1.776699359
13.11,-0,0,1.934419913
13.12,-0,0,2.138503174
13.13,-0,0,2.381053693
13.14,-0,0,2.652932857
13.15,-0,0,2.943962869
13.16,-0,0,-3.040179021
13.17,-0,0,-2.745031841
13.18,-0,0,-2.46590011
13.19,-0,0,-2.214236815
13.2,-0,0,-2.000002595
13.21,-0,0,-1.831193131
13.22,-0,0,-1.713758449
13.23,-0,0,-1.651771203
13.24,-0,0,-1.64766853
13.25,-0,0,-1.702425713
13.26,-0,0,-1.81556641
13.27,-0,0,-1.984979133
13.28,-0,0,-2.206574642
13.29,-0,0,-2.473783482
13.3,-0,0,-2.77677043
13.31,-0,0,-3.101547945
13.32,-0,0,2.852898898
13.33,-0,0,2.539036731
13.34,-0,0,2.256153382
13.35,-0,0,2.015994627
13.36,-0,0,1.826540339
13.37,-0,0,1.693042049
13.38,-0,0,1.618659358
13.39,-0,0,1.60476295
13.4,-0,0,1.651066508
13.41,-0,0,1.755626138
13.42,-0,0,1.914720223
13.43,-0,0,2.122672144
13.44,-0,0,2.37173599
13.45,-0,0,2.65218837
13.46,-0,0,2.952712043
13.47,-0,0,-3.022175468
13.48,-0,0,-2.718724072
13.49,-0,0,-2.432495782
13.5,-0,0,-2.175096063
13.51,-0,0,-1.956801505
13.52,-0,0,-1.786086965
13.53,-0,0,-1.669408813
13.54,-0,0,-1.611231994
13.55,-0,0,-1.614134507
13.56,-0,0,-1.678844102
13.57,-0,0,-1.804154456
13.58,-0,0,-1.98673207
13.59,-0,0,-2.220856793
13.6,-0,0,-2.498170044
13.61,-0,0,-2.807561142
13.62,-0,0,-3.13540067
13.63,-0,0,2.816847548
13.64,-0,0,2.498534618
13.65,-0,0,2.20743769
13.66,-0,0,1.955899439
13.67,-0,0,1.753506813
13.68,-0,0,1.607076671
13.69,-0,0,1.520897185
13.7,-0,0,1.497035406
13.71,-0,0,1.535593168
13.72,-0,0,1.634847708
13.73,-0,0,1.79126268
13.74,-0,0,1.999414468
13.75,-0,0,2.251930032
13.76,-0,0,2.539523194
13.77,-0,0,2.851143876
13.78,-0,0,-3.108941694
13.79,-0,0,-2.787915636
13.8,-0,0,-2.482681108
13.81,-0,0,-2.206080203
13.82,-0,0,-1.969206895
13.83,-0,0,-1.780968423
13.84,-0,0,-1.648066802
13.85,-0,0,-1.575210385
13.86,-0,0,-1.565342522
13.87,-0,0,-1.619730464
13.88,-0,0,-1.737846146
13.89,-0,0,-1.917065276
13.9,-0,0,-2.152233205
13.91,-0,0,-2.435042762
13.92,-0,0,-2.753246094
13.93,-0,0,-3.09051602
13.94,-0,0,2.854825157
13.95,-0,0,2.533623864
13.96,-0,0,2.242820076
13.97,-0,0,1.992783329
13.98,-0,0,1.79136051
13.99,-0,0,1.644392273
14,-0,0,1.555879336
14.01,-0,0,1.52805967
14.02,-0,0,1.561466353
14.03,-0,0,1.654917385
14.04,-0,0,1.805408976
14.05,-0,0,2.00795396
14.06,-0,0,2.255475905
14.07,-0,0,2.538896103
14.08,-0,0,2.847465394
14.09,-0,0,-3.113985177
14.1,-0,0,-2.791978962
14.11,-0,0,-2.483227752
14.12,-0,0,-2.201256667
14.13,-0,0,-1.958481921
14.14,-0,0,-1.765182783
14.15,-0,0,-1.629088315
14.16,-0,0,-1.555477061
14.17,-0,0,-1.547396521
14.18,-0,0,-1.605780777
14.19,-0,0,-1.729434261
14.2,-0,0,-1.914904293
14.21,-0,0,-2.156273561
14.22,-0,0,-2.444936208
14.23,-0,0,-2.769482979
14.24,-0,0,-3.115893712
14.25,-0,0,2.814928309
14.26,-0,0,2.473119199
14.27,-0,0,2.157417198
14.28,-0,0,1.881161304
14.29,-0,0,1.654843872
14.3,-0,0,1.4860678
14.31,-0,0,1.379845602
14.32,-0,0,1.33898856
14.33,-0,0,1.36441787
14.34,-0,0,1.45531001
14.35,-0,0,1.609045019
14.36,-0,0,1.820977331
14.37,-0,0,2.084116383
14.38,-0,0,2.388881099
14.39,-0,0,2.723124114
14.4,-0,0,3.072565032
14.41,-0,0,-2.861521229
14.42,-0,0,-2.528358551
14.43,-0,0,-2.225541157
14.44,-0,0,-1.965376336
14.45,-0,0,-1.757649126
14.46,-0,0,-1.6096119
14.47,-0,0,-1.526174613
14.48,-0,0,-1.510096971
14.49,-0,0,-1.562063231
14.5,-0,0,-1.680612859
14.51,-0,0,-1.861946082
14.52,-0,0,-2.099587367
14.53,-0,0,-2.383904085
14.54,-0,0,-2.701843344
14.55,-0,0,-3.03773686
14.56,-0,0,2.907798198
14.57,-0,0,2.583126037
14.58,-0,0,2.284053427
14.59,-0,0,2.021313507
14.6,-0,0,1.803900598
14.61,-0,0,1.638950737
14.62,-0,0,1.531619692
14.63,-0,0,1.485105989
14.64,-0,0,1.50075641
14.65,-0,0,1.578138909
14.66,-0,0,1.715022912
14.67,-0,0,1.907287843
14.68,-0,0,2.148852926
14.69,-0,0,2.431725414
14.7,-0,0,2.746109785
14.71,-0,0,3.080307927
14.72,-0,0,-2.862833692
14.73,-0,0,-2.533034712
14.74,-0,0,-2.23005345
14.75,-0,0,-1.96849329
14.76,-0,0,-1.759537999
14.77,-0,0,-1.61093449
14.78,-0,0,-1.527514678
14.79,-0,0,-1.511631348
14.8,-0,0,-1.563433273
14.81,-0,0,-1.681016176
14.82,-0,0,-1.860428854
14.83,-0,0,-2.095528181
14.84,-0,0,-2.377763562
14.85,-0,0,-2.696065415
14.86,-0,0,-3.037058575
14.87,-0,0,2.897429527
14.88,-0,0,2.556517619
14.89,-0,0,2.238164488
14.9,-0,0,1.955435041
14.91,-0,0,1.719074185
14.92,-0,0,1.537289817
14.93,-0,0,1.415859906
14.94,-0,0,1.358410233
14.95,-0,0,1.366682976
14.96,-0,0,1.440668796
14.97,-0,0,1.578550287
14.98,-0,0,1.776463972
14.99,-0,0,2.028138086
15,-0,0,2.324528233
15.01,-0,0,2.653660315
15.02,-0,0,3.000951351
15.03,-0,0,-2.932997015
15.04,-0,0,-2.598168287
15.05,-0,0,-2.292748238
15.06,-0,0,-2.029370967
15.07,-0,0,-1.817889537
15.08,-0,0,-1.66538006
15.09,-0,0,-1.57633956
15.1,-0,0,-1.55292013
15.11,-0,0,-1.595111281
15.12,-0,0,-1.700825724
15.13,-0,0,-1.865860244
15.14,-0,0,-2.083731486
15.15,-0,0,-2.345510378
15.16,-0,0,-2.639972172
15.17,-0,0,-2.954317284
15.18,-0,0,3.007974383
15.19,-0,0,2.693610839
15.2,-0,0,2.398201098
15.21,-0,0,2.133182212
15.22,-0,0,1.908548468
15.23,-0,0,1.732420255
15.24,-0,0,1.610835512
15.25,-0,0,1.547783391
15.26,-0,0,1.545361284
15.27,-0,0,1.603922536
15.28,-0,0,1.722137645
15.29,-0,0,1.896963309
15.3,-0,0,2.12356231
15.31,-0,0,2.395163833
15.32,-0,0,2.702665066
15.33,-0,0,3.033788705
15.34,-0,0,-2.91071394
15.35,-0,0,-2.583017032
15.36,-0,0,-2.283943936
15.37,-0,0,-2.027435479
15.38,-0,0,-1.823241033
15.39,-0,0,-1.677652726
15.4,-0,0,-1.594238715
15.41,-0,0,-1.574348662
15.42,-0,0,-1.617477163
15.43,-0,0,-1.721465777
15.44,-0,0,-1.88249474
15.45,-0,0,-2.094895069
15.46,-0,0,-2.350903918
15.47,-0,0,-2.640554149
15.48,-0,0,-2.95190884
15.49,-0,0,3.011435079
15.5,-0,0,2.696607532
15.51,-0,0,2.399637453
15.52,-0,0,2.132105445
15.53,-0,0,1.904018921
15.54,-0,0,1.723629115
15.55,-0,0,1.597321351
15.56,-0,0,1.529601973
15.57,-0,0,1.523146899
15.58,-0,0,1.578819066
15.59,-0,0,1.695581925
15.6,-0,0,1.870294251
15.61,-0,0,2.097425138
15.62,-0,0,2.368776399
15.63,-0,0,2.673360714
15.64,-0,0,2.997651952
15.65,-0,0,-2.956776684
15.66,-0,0,-2.639154043
15.67,-0,0,-2.347146558
15.68,-0,0,-2.09303739
15.69,-0,0,-1.886430852
15.7,-0,0,-1.734231576
15.71,-0,0,-1.640853228
15.72,-0,0,-1.608488166
15.73,-0,0,-1.637340226
15.74,-0,0,-1.725764395
15.75,-0,0,-1.870285825
15.76,-0,0,-2.065516106
15.77,-0,0,-2.304064856
15.78,-0,0,-2.576610696
15.79,-0,0,-2.872232114
15.8,-0,0,3.104270255
15.81,-0,0,2.799096588
15.82,-0,0,2.508001487
15.83,-0,0,2.242902793
15.84,-0,0,2.014391964
15.85,-0,0,1.831223474
15.86,-0,0,1.700093872
15.87,-0,0,1.625679536
15.88,-0,0,1.610802325
15.89,-0,0,1.656584459
15.9,-0,0,1.762500376
15.91,-0,0,1.926291286
15.92,-0,0,2.143721982
15.93,-0,0,2.408069003
15.94,-0,0,2.709185697
15.95,-0,0,3.032571427
15.96,-0,0,-2.923133778
15.97,-0,0,-2.610166514
15.98,-0,0,-2.327230952
15.99,-0,0,-2.08560435
16,-0,0,-1.893000611
16.01,-0,0,-1.754460345
16.02,-0,0,-1.672929886
16.03,-0,0,-1.649640682
16.04,-0,0,-1.684345316
16.05,-0,0,-1.775374302
16.06,-0,0,-1.919516051
16.07,-0,0,-2.111790308
16.08,-0,0,-2.345233646
16.09,-0,0,-2.610855403
16.1,-0,0,-2.897930628
16.11,-0,0,3.088497946
16.12,-0,0,2.793992698
16.13,-0,0,2.513131394
16.14,-0,0,2.256469845
16.15,-0,0,2.033665931
16.16,-0,0,1.853334728
16.17,-0,0,1.722737188
16.18,-0,0,1.647460394
16.19,-0,0,1.631214161
16.2,-0,0,1.675713822
16.21,-0,0,1.78056012
16.22,-0,0,1.943068713
16.23,-0,0,2.158061965
16.24,-0,0,2.41768408
16.25,-0,0,2.711351416
16.26,-0,0,3.0260102
16.27,-0,0,-2.936301358
16.28,-0,0,-2.624464683
16.29,-0,0,-2.335973415
16.3,-0,0,-2.083090211
16.31,-0,0,-1.875503784
16.32,-0,0,-1.720286557
16.33,-0,0,-1.622110313
16.34,-0,0,-1.583531197
16.35,-0,0,-1.605231128
16.36,-0,0,-1.686154551
16.37,-0,0,-1.823513432
16.38,-0,0,-2.012672585
16.39,-0,0,-2.246987513
16.4,-0,0,-2.517728436
16.41,-0,0,-2.814222678
16.42,-0,0,-3.124256162
16.43,-0,0,2.848498447
16.44,-0,0,2.550974388
16.45,-0,0,2.278986066
16.46,-0,0,2.043737376
16.47,-0,0,1.854509528
16.48,-0,0,1.718477274
16.49,-0,0,1.640764843
16.5,-0,0,1.624593409
16.51,-0,0,1.671374897
16.52,-0,0,1.7806568
16.53,-0,0,1.94986755
16.54,-0,0,2.173795052
16.55,-0,0,2.443730278
16.56,-0,0,2.746635493
16.57,-0,0,3.065639143
16.58,-0,0,-2.900368954
16.59,-0,0,-2.600667818
16.6,-0,0,-2.330499439
16.61,-0,0,-2.098869479
16.62,-0,0,-1.912551498
16.63,-0,0,-1.776521023
16.64,-0,0,-1.694149234
16.65,-0,0,-1.667319386
16.66,-0,0,-1.696467699
16.67,-0,0,-1.780521775
16.68,-0,0,-1.916753325
16.69,-0,0,-2.100599466
16.7,-0,0,-2.325540462
16.71,-0,0,-2.583163127
16.72,-0,0,-2.863534388
16.73,-0,0,3.127328934
16.74,-0,0,2.834079258
16.75,-0,0,2.550889354
16.76,-0,0,2.288801304
16.77,-0,0,2.058840509
16.78,-0,0,1.871388368
16.79,-0,0,1.735258772
16.8,-0,0,1.657027903
16.81,-0,0,1.640798283
16.82,-0,0,1.688201452
16.83,-0,0,1.798423048
16.84,-0,0,1.968163667
16.85,-0,0,2.191542648
16.86,-0,0,2.460006289
16.87,-0,0,2.76235272
16.88,-0,0,3.085039544
16.89,-0,0,-2.870238399
16.9,-0,0,-2.552575852
16.91,-0,0,-2.259575528
16.92,-0,0,-2.003528285
16.93,-0,0,-1.794099896
16.94,-0,0,-1.638333285
16.95,-0,0,-1.540911671
16.96,-0,0,-1.504473681
16.97,-0,0,-1.529857082
16.98,-0,0,-1.616211426
16.99,-0,0,-1.760957471
17,-0,0,-1.959604133
17.01,-0,0,-2.205484555
17.02,-0,0,-2.489545978
17.03,-0,0,-2.800382185
17.04,-0,0,-3.124660184
17.05,-0,0,2.835236554
17.06,-0,0,2.527401637
17.07,-0,0,2.248481161
17.08,-0,0,2.01015702
17.09,-0,0,1.821913094
17.1,-0,0,1.690925566
17.11,-0,0,1.622129426
17.12,-0,0,1.618305947
17.13,-0,0,1.680067435
17.14,-0,0,1.805666382
17.15,-0,0,1.990587045
17.16,-0,0,2.226950463
17.17,-0,0,2.503112367
17.18,-0,0,2.804347411
17.19,-0,0,3.115024395
17.2,-0,0,-2.862256138
17.21,-0,0,-2.573081664
17.22,-0,0,-2.310746996
17.23,-0,0,-2.083967664
17.24,-0,0,-1.900084653
17.25,-0,0,-1.764886482
17.26,-0,0,-1.682497976
17.27,-0,0,-1.655368299
17.28,-0,0,-1.684285373
17.29,-0,0,-1.768364712
17.3,-0,0,-1.905002946
17.31,-0,0,-2.08981931
17.32,-0,0,-2.316650076
17.33,-0,0,-2.577694949
17.34,-0,0,-2.863844231
17.35,-0,0,3.118203851
17.36,-0,0,2.813274789
17.37,-0,0,2.517220883
17.38,-0,0,2.244051213
17.39,-0,0,2.007731432
17.4,-0,0,1.82021525
17.41,-0,0,1.690257086
17.42,-0,0,1.623319327
17.43,-0,0,1.621959705
17.44,-0,0,1.686195074
17.45,-0,0,1.813697149
17.46,-0,0,1.999829131
17.47,-0,0,2.23758093
17.48,-0,0,2.517508217
17.49,-0,0,2.827821321
17.5,-0,0,-3.128408898
17.51,-0,0,-2.799719806
17.52,-0,0,-2.484239432
17.53,-0,0,-2.195746734
17.54,-0,0,-1.945941693
17.55,-0,0,-1.744016305
17.56,-0,0,-1.596667577
17.57,-0,0,-1.508354006
17.58,-0,0,-1.481591768
17.59,-0,0,-1.517160945
17.6,-0,0,-1.614164827
17.61,-0,0,-1.769930471
17.62,-0,0,-1.979769585
17.63,-0,0,-2.236659922
17.64,-0,0,-2.530977326
17.65,-0,0,-2.850493381
17.66,-0,0,3.10231665
17.67,-0,0,2.776484795
17.68,-0,0,2.470321386
17.69,-0,0,2.19748247
17.7,-0,0,1.969399362
17.71,-0,0,1.79495626
17.72,-0,0,1.680446579
17.73,-0,0,1.62964379
17.74,-0,0,1.643863227
17.75,-0,0,1.721939722
17.76,-0,0,1.860096235
17.77,-0,0,2.051768958
17.78,-0,0,2.287644092
17.79,-0,0,2.556294912
17.8,-0,0,2.845435559
17.81,-0,0,-3.140110563
17.82,-0,0,-2.845305775
17.83,-0,0,-2.564199115
17.84,-0,0,-2.307206218
17.85,-0,0,-2.083877658
17.86,-0,0,-1.902331993
17.87,-0,0,-1.768879996
17.88,-0,0,-1.687923316
17.89,-0,0,-1.662028344
17.9,-0,0,-1.692057221
17.91,-0,0,-1.777281156
17.92,-0,0,-1.915437449
17.93,-0,0,-2.102725291
17.94,-0,0,-2.333777291
17.95,-0,0,-2.601632778
17.96,-0,0,-2.897582732
17.97,-0,0,3.072559376
17.98,-0,0,2.756437293
17.99,-0,0,2.453898826
18,-0,0,2.18182103
18.01,-0,0,1.954265565
18.02,-0,0,1.781125683
18.03,-0,0,1.668488768
18.04,-0,0,1.619458159
18.05,-0,0,1.634760336
18.06,-0,0,1.713074292
18.07,-0,0,1.851142775
18.08,-0,0,2.043718969
18.09,-0,0,2.283439639
18.1,-0,0,2.560767779
18.11,-0,0,2.864159158
18.12,-0,0,-3.102637578
18.13,-0,0,-2.78706178
18.14,-0,0,-2.485929538
18.15,-0,0,-2.211812879
18.16,-0,0,-1.975541027
18.17,-0,0,-1.785810337
18.18,-0,0,-1.649107865
18.19,-0,0,-1.569855407
18.2,-0,0,-1.550615904
18.21,-0,0,-1.592231002
18.22,-0,0,-1.69382623
18.23,-0,0,-1.852675435
18.24,-0,0,-2.063951911
18.25,-0,0,-2.320429639
18.26,-0,0,-2.612256169
18.27,-0,0,-2.926999155
18.28,-0,0,3.032986553
18.29,-0,0,2.716690626
18.3,-0,0,2.422140903
18.31,-0,0,2.162441598
18.32,-0,0,1.948234946
18.33,-0,0,1.787443197
18.34,-0,0,1.6852938
18.35,-0,0,1.644464161
18.36,-0,0,1.665242259
18.37,-0,0,1.745650007
18.38,-0,0,1.881529391
18.39,-0,0,2.066665961
18.4,-0,0,2.293079691
18.41,-0,0,2.551523832
18.42,-0,0,2.831989207
18.43,-0,0,3.123933456
18.44,-0,0,-2.866908594
18.45,-0,0,-2.585633238
18.46,-0,0,-2.326709649
18.47,-0,0,-2.100423583
18.48,-0,0,-1.915390052
18.49,-0,0,-1.778242129
18.5,-0,0,-1.693643813
18.51,-0,0,-1.664475921
18.52,-0,0,-1.692052898
18.53,-0,0,-1.776266488
18.54,-0,0,-1.915589528
18.55,-0,0,-2.106926056
18.56,-0,0,-2.34533677
18.57,-0,0,-2.623599489
18.58,-0,0,-2.931439995
18.59,-0,0,3.028535386
18.6,-0,0,2.707726968
18.61,-0,0,2.407786878
18.62,-0,0,2.144238648
18.63,-0,0,1.92813747
18.64,-0,0,1.766654174
18.65,-0,0,1.664100153
18.66,-0,0,1.622600082
18.67,-0,0,1.642437448
18.68,-0,0,1.722194621
18.69,-0,0,1.858730245
18.7,-0,0,2.047038696
18.71,-0,0,2.28009052
18.72,-0,0,2.548797529
18.73,-0,0,2.842237622
18.74,-0,0,-3.135004576
18.75,-0,0,-2.829375841
18.76,-0,0,-2.536735045
18.77,-0,0,-2.268976573
18.78,-0,0,-2.036672973
18.79,-0,0,-1.848648965
18.8,-0,0,-1.711761111
18.81,-0,0,-1.630900353
18.82,-0,0,-1.609106344
18.83,-0,0,-1.647652828
18.84,-0,0,-1.74602367
18.85,-0,0,-1.901766309
18.86,-0,0,-2.110251262
18.87,-0,0,-2.364398065
18.88,-0,0,-2.654475031
18.89,-0,0,-2.96815319
18.9,-0,0,2.992144559
18.91,-0,0,2.675388226
18.92,-0,0,2.379607137
18.93,-0,0,2.117875447
18.94,-0,0,1.900748309
18.95,-0,0,1.736034943
18.96,-0,0,1.628900065
18.97,-0,0,1.582104071
18.98,-0,0,1.59625568
18.99,-0,0,1.670004227
19,-0,0,1.800145495
19.01,-0,0,1.981669756
19.02,-0,0,2.207827093
19.03,-0,0,2.470266161
19.04,-0,0,2.759208198
19.05,-0,0,3.063588272
19.06,-0,0,-2.911931943
19.07,-0,0,-2.613730888
19.08,-0,0,-2.337481815
19.09,-0,0,-2.094463147
19.1,-0,0,-1.894075642
19.11,-0,0,-1.743606266
19.12,-0,0,-1.648327675
19.13,-0,0,-1.611740431
19.14,-0,0,-1.635780761
19.15,-0,0,-1.720869483
19.16,-0,0,-1.865751343
19.17,-0,0,-2.067156048
19.18,-0,0,-2.31931428
19.19,-0,0,-2.61324151
19.2,-0,0,-2.935855193
19.21,-0,0,3.01322091
19.22,-0,0,2.686556506
19.23,-0,0,2.384272185
19.24,-0,0,2.119241756
19.25,-0,0,1.900608836
19.26,-0,0,1.734801469
19.27,-0,0,1.626166218
19.28,-0,0,1.577242597
19.29,-0,0,1.58889004
19.3,-0,0,1.660321391
19.31,-0,0,1.789027808
19.32,-0,0,1.970616843
19.33,-0,0,2.198650636
19.34,-0,0,2.464620358
19.35,-0,0,2.758179159
19.36,-0,0,3.067633682
19.37,-0,0,-2.902658579
19.38,-0,0,-2.59905023
19.39,-0,0,-2.317253135
19.4,-0,0,-2.068979057
19.41,-0,0,-1.864400189
19.42,-0,0,-1.711637611
19.43,-0,0,-1.61663278
19.44,-0,0,-1.583251273
19.45,-0,0,-1.613389554
19.46,-0,0,-1.706970437
19.47,-0,0,-1.861816596
19.48,-0,0,-2.073432748
19.49,-0,0,-2.33474935
19.5,-0,0,-2.635920167
19.51,-0,0,-2.964336534
19.52,-0,0,2.978093141
19.53,-0,0,2.641120858
19.54,-0,0,2.323744219
19.55,-0,0,2.040024389
19.56,-0,0,1.801388358
19.57,-0,0,1.616379
19.58,-0,0,1.490824492
19.59,-0,0,1.428175002
19.6,-0,0,1.42982957
19.61,-0,0,1.495351188
19.62,-0,0,1.622522194
19.63,-0,0,1.807243752
19.64,-0,0,2.043348
19.65,-0,0,2.322450317
19.66,-0,0,2.633966874
19.67,-0,0,2.965356401
19.68,-0,0,-2.980564167
19.69,-0,0,-2.652056776
19.7,-0,0,-2.346489463
19.71,-0,0,-2.076549069
19.72,-0,0,-1.852754779
19.73,-0,0,-1.683257951
19.74,-0,0,-1.573970728
19.75,-0,0,-1.528797902
19.76,-0,0,-1.549784195
19.77,-0,0,-1.637080163
19.78,-0,0,-1.788730905
19.79,-0,0,-2.000334785
19.8,-0,0,-2.26454675
19.81,-0,0,-2.570407825
19.82,-0,0,-2.903039487
19.83,-0,0,3.038265915
19.84,-0,0,2.704393295
19.85,-0,0,2.393158273
19.86,-0,0,2.116196062
19.87,-0,0,1.882775208
19.88,-0,0,1.700217661
19.89,-0,0,1.573970329
19.9,-0,0,1.507613744
19.91,-0,0,1.502923545
19.92,-0,0,1.55992442
19.93,-0,0,1.676862896
19.94,-0,0,1.850091977
19.95,-0,0,2.073939281
19.96,-0,0,2.340686903
19.97,-0,0,2.640755632
19.98,-0,0,2.963002288
19.99,-0,0,-2.988305953
20,-0,0,-2.66072805
20.01,-0,0,-2.352302393
20.02,-0,0,-2.077446676
20.03,-0,0,-1.848517559
20.04,-0,0,-1.674963477
20.05,-0,0,-1.563360984
20.06,-0,0,-1.51775424
20.07,-0,0,-1.539911539
20.08,-0,0,-1.629437343
20.09,-0,0,-1.783762263
20.1,-0,0,-1.99801961
20.11,-0,0,-2.264841714
20.12,-0,0,-2.574178968
20.13,-0,0,-2.913319527
20.14,-0,0,3.015863223
20.15,-0,0,2.663196391
20.16,-0,0,2.32794207
20.17,-0,0,2.024684092
20.18,-0,0,1.765557078
20.19,-0,0,1.559866753
20.2,-0,0,1.414187968
20.21,-0,0,1.332709403
20.22,-0,0,1.317599456
20.23,-0,0,1.369246384
20.24,-0,0,1.486305186
20.25,-0,0,1.665540271
20.26,-0,0,1.901503474
20.27,-0,0,2.186155853
20.28,-0,0,2.508627196
20.29,-0,0,2.855356154
20.3,-0,0,-3.072397121
20.31,-0,0,-2.724586641
20.32,-0,0,-2.400058544
20.33,-0,0,-2.112617318
20.34,-0,0,-1.873537931
20.35,-0,0,-1.691384656
20.36,-0,0,-1.572127062
20.37,-0,0,-1.51935101
20.38,-0,0,-1.534426031
20.39,-0,0,-1.616567725
20.4,-0,0,-1.762782816
20.41,-0,0,-1.967680188
20.42,-0,0,-2.22314574
20.43,-0,0,-2.51809564
20.44,-0,0,-2.838871838
20.45,-0,0,3.112579133
20.46,-0,0,2.78434354
20.47,-0,0,2.472789197
20.48,-0,0,2.189698775
20.49,-0,0,1.945392576
20.5,-0,0,1.748464134
20.51,-0,0,1.605519192
20.52,-0,0,1.521107089
20.53,-0,0,1.497819146
20.54,-0,0,1.536424792
20.55,-0,0,1.635942525
20.56,-0,0,1.793616789
20.57,-0,0,2.004848492
20.58,-0,0,2.263162277
20.59,-0,0,2.560194191
20.6,-0,0,2.88545896
20.61,-0,0,-3.057453014
20.62,-0,0,-2.718413936
20.63,-0,0,-2.398401214
20.64,-0,0,-2.113773401
20.65,-0,0,-1.877288832
20.66,-0,0,-1.697840771
20.67,-0,0,-1.581086562
20.68,-0,0,-1.530036963
20.69,-0,0,-1.54545795
20.7,-0,0,-1.626144717
20.71,-0,0,-1.769041347
20.72,-0,0,-1.969169855
20.73,-0,0,-2.219418025
20.74,-0,0,-2.510336597
20.75,-0,0,-2.830164483
20.76,-0,0,3.117903285
20.77,-0,0,2.782066399
20.78,-0,0,2.459916388
20.79,-0,0,2.164732528
20.8,-0,0,1.908027283
20.81,-0,0,1.699193993
20.82,-0,0,1.545391514
20.83,-0,0,1.45162941
20.84,-0,0,1.420955327
20.85,-0,0,1.454607686
20.86,-0,0,1.552034757
20.87,-0,0,1.710748689
20.88,-0,0,1.926040099
20.89,-0,0,2.190628968
20.9,-0,0,2.494392113
20.91,-0,0,2.824390183
20.92,-0,0,-3.117735038
20.93,-0,0,-2.781793472
20.94,-0,0,-2.466596085
20.95,-0,0,-2.18588291
20.96,-0,0,-1.950771317
20.97,-0,0,-1.769568634
20.98,-0,0,-1.647902019
20.99,-0,0,-1.588965349
21,-0,0,-1.593762691
21.01,-0,0,-1.661281089
21.02,-0,0,-1.788552419
21.03,-0,0,-1.970590646
21.04,-0,0,-2.200263566
21.05,-0,0,-2.468285802
21.06,-0,0,-2.763556473
21.07,-0,0,-3.073828651
21.08,-0,0,2.896780407
21.09,-0,0,2.594532659
21.1,-0,0,2.31472131
21.11,-0,0,2.068373294
21.12,-0,0,1.864874422
21.13,-0,0,1.711608689
21.14,-0,0,1.613877489
21.15,-0,0,1.57501804
21.16,-0,0,1.596579748
21.17,-0,0,1.678445115
21.18,-0,0,1.818844212
21.19,-0,0,2.014269051
21.2,-0,0,2.259282886
21.21,-0,0,2.546079829
21.22,-0,0,2.863595797
21.23,-0,0,-3.086538319
21.24,-0,0,-2.756412654
21.25,-0,0,-2.447636193
21.26,-0,0,-2.175266211
21.27,-0,0,-1.950042332
21.28,-0,0,-1.779079487
21.29,-0,0,-1.666706651
21.3,-0,0,-1.615039146
21.31,-0,0,-1.624381456
21.32,-0,0,-1.69347579
21.33,-0,0,-1.819546854
21.34,-0,0,-1.99815428
21.35,-0,0,-2.222946801
21.36,-0,0,-2.485473827
21.37,-0,0,-2.775248482
21.38,-0,0,-3.080221705
21.39,-0,0,2.895543843
21.4,-0,0,2.598185097
21.41,-0,0,2.322480557
21.42,-0,0,2.078806243
21.43,-0,0,1.876178698
21.44,-0,0,1.722092829
21.45,-0,0,1.622356797
21.46,-0,0,1.580995701
21.47,-0,0,1.600206106
21.48,-0,0,1.680283362
21.49,-0,0,1.819468199
21.5,-0,0,2.013715062
21.51,-0,0,2.256434248
21.52,-0,0,2.538308023
21.53,-0,0,2.847342485
21.54,-0,0,-3.113822205
21.55,-0,0,-2.794112347
21.56,-0,0,-2.491701848
21.57,-0,0,-2.21995361
21.58,-0,0,-1.989803339
21.59,-0,0,-1.809514797
21.6,-0,0,-1.684792233
21.61,-0,0,-1.619038276
21.62,-0,0,-1.613619281
21.63,-0,0,-1.668059704
21.64,-0,0,-1.78012287
21.65,-0,0,-1.945769612
21.66,-0,0,-2.159042161
21.67,-0,0,-2.411992522
21.68,-0,0,-2.694795495
21.69,-0,0,-2.996092047
21.7,-0,0,2.97969724
21.71,-0,0,2.679039797
21.72,-0,0,2.3977104
21.73,-0,0,2.147303064
21.74,-0,0,1.937781237
21.75,-0,0,1.777113383
21.76,-0,0,1.671203749
21.77,-0,0,1.624014589
21.78,-0,0,1.637730984
21.79,-0,0,1.712845141
21.8,-0,0,1.848093139
21.81,-0,0,2.040211477
21.82,-0,0,2.283431646
21.83,-0,0,2.568586268
21.84,-0,0,2.882145251
21.85,-0,0,-3.076581123
21.86,-0,0,-2.759787695
21.87,-0,0,-2.466668674
21.88,-0,0,-2.209196616
21.89,-0,0,-1.995854632
21.9,-0,0,-1.832543245
21.91,-0,0,-1.723150271
21.92,-0,0,-1.669885049
21.93,-0,0,-1.673487867
21.94,-0,0,-1.733297642
21.95,-0,0,-1.847165844
21.96,-0,0,-2.011261961
21.97,-0,0,-2.219858377
21.98,-0,0,-2.465219543
21.99,-0,0,-2.737751304
22,-0,0,-3.026520023
22.01,-0,0,2.963137658
22.02,-0,0,2.676148288
22.03,-0,0,2.406480781
22.04,-0,0,2.164393274
22.05,-0,0,1.959527646
22.06,-0,0,1.800505978
22.07,-0,0,1.694390586
22.08,-0,0,1.646291039
22.09,-0,0,1.659180658
22.1,-0,0,1.733807696
22.11,-0,0,1.868592748
22.12,-0,0,2.059481227
22.13,-0,0,2.299781867
22.14,-0,0,2.580070925
22.15,-0,0,2.888298499
22.16,-0,0,-3.072901969
22.17,-0,0,-2.752460979
22.18,-0,0,-2.448598294
22.19,-0,0,-2.174767243
22.2,-0,0,-1.942017297
22.21,-0,0,-1.75874392
22.22,-0,0,-1.630821558
22.23,-0,0,-1.561889717
22.24,-0,0,-1.553634997
22.25,-0,0,-1.605983131
22.26,-0,0,-1.71715879
22.27,-0,0,-1.883603849
22.28,-0,0,-2.09978977
22.29,-0,0,-2.358025579
22.3,-0,0,-2.648417049
22.31,-0,0,-2.959110849
22.32,-0,0,3.006330911
22.33,-0,0,2.695382583
22.34,-0,0,2.404741171
22.35,-0,0,2.146718434
22.36,-0,0,1.931797079
22.37,-0,0,1.768325614
22.38,-0,0,1.662491868
22.39,-0,0,1.618438274
22.4,-0,0,1.638363177
22.41,-0,0,1.72249173
22.42,-0,0,1.868851575
22.43,-0,0,2.072798124
22.44,-0,0,2.326256746
22.45,-0,0,2.617011324
22.46,-0,0,2.92914846
22.47,-0,0,-3.037676984
22.48,-0,0,-2.732473849
22.49,-0,0,-2.450726568
22.5,-0,0,-2.202085335
22.51,-0,0,-1.994263467
22.52,-0,0,-1.833343045
22.53,-0,0,-1.723829757
22.54,-0,0,-1.668678106
22.55,-0,0,-1.669313049
22.56,-0,0,-1.725602553
22.57,-0,0,-1.835766716
22.58,-0,0,-1.996248018
22.59,-0,0,-2.201599403
22.6,-0,0,-2.444490181
22.61,-0,0,-2.715952791
22.62,-0,0,-3.00589198
22.63,-0,0,2.979564414
22.64,-0,0,2.685138628
22.65,-0,0,2.405705479
22.66,-0,0,2.153520553
22.67,-0,0,1.940570939
22.68,-0,0,1.777249526
22.69,-0,0,1.671394957
22.7,-0,0,1.628025767
22.71,-0,0,1.649465173
22.72,-0,0,1.735509174
22.73,-0,0,1.883498728
22.74,-0,0,2.088289523
22.75,-0,0,2.342172823
22.76,-0,0,2.63484909
22.77,-0,0,2.953602593
22.78,-0,0,-2.999337784
22.79,-0,0,-2.673045721
22.8,-0,0,-2.365683325
22.81,-0,0,-2.0905292
22.82,-0,0,-1.858409127
22.83,-0,0,-1.677497937
22.84,-0,0,-1.553498058
22.85,-0,0,-1.489956655
22.86,-0,0,-1.488551538
22.87,-0,0,-1.549258026
22.88,-0,0,-1.670361811
22.89,-0,0,-1.848315367
22.9,-0,0,-2.077471317
22.91,-0,0,-2.349786496
22.92,-0,0,-2.654671021
22.93,-0,0,-2.979199229
22.94,-0,0,2.974370063
22.95,-0,0,2.654742319
22.96,-0,0,2.359494767
22.97,-0,0,2.101371405
22.98,-0,0,1.890902118
22.99,-0,0,1.736194619
23,-0,0,1.642947212
23.01,-0,0,1.61452783
23.02,-0,0,1.651993006
23.03,-0,0,1.753968604
23.04,-0,0,1.916357874
23.05,-0,0,2.131927659
23.06,-0,0,2.390097401
23.07,-0,0,2.677588547
23.08,-0,0,2.980171898
23.09,-0,0,-2.998697695
23.1,-0,0,-2.704466713
23.11,-0,0,-2.430886069
23.12,-0,0,-2.187542419
23.13,-0,0,-1.982874839
23.14,-0,0,-1.823816893
23.15,-0,0,-1.715561107
23.16,-0,0,-1.661507829
23.17,-0,0,-1.66331082
23.18,-0,0,-1.720934181
23.19,-0,0,-1.83268031
23.2,-0,0,-1.995183421
23.21,-0,0,-2.203400303
23.22,-0,0,-2.450670139
23.23,-0,0,-2.728880537
23.24,-0,0,-3.028581526
23.25,-0,0,2.944457868
23.26,-0,0,2.637063646
23.27,-0,0,2.347631595
23.28,-0,0,2.091624163
23.29,-0,0,1.882260412
23.3,-0,0,1.729111955
23.31,-0,0,1.638136424
23.32,-0,0,1.612267554
23.33,-0,0,1.651923304
23.34,-0,0,1.755291157
23.35,-0,0,1.918416176
23.36,-0,0,2.135147771
23.37,-0,0,2.3970454
23.38,-0,0,2.69338938
23.39,-0,0,3.011447676
23.4,-0,0,-2.946092603
23.41,-0,0,-2.62744356
23.42,-0,0,-2.329741973
23.43,-0,0,-2.065343443
23.44,-0,0,-1.844389456
23.45,-0,0,-1.674608885
23.46,-0,0,-1.561442467
23.47,-0,0,-1.508303604
23.48,-0,0,-1.516809645
23.49,-0,0,-1.586890591
23.5,-0,0,-1.716744733
23.51,-0,0,-1.902649417
23.52,-0,0,-2.138667496
23.53,-0,0,-2.416340034
23.54,-0,0,-2.724535476
23.55,-0,0,-3.04969664
23.56,-0,0,2.906517669
23.57,-0,0,2.593185846
23.58,-0,0,2.307873954
23.59,-0,0,2.062903482
23.6,-0,0,1.868040285
23.61,-0,0,1.730365158
23.62,-0,0,1.654330157
23.63,-0,0,1.6418633
23.64,-0,0,1.692438063
23.65,-0,0,1.803073636
23.66,-0,0,1.968302907
23.67,-0,0,2.180267978
23.68,-0,0,2.429186084
23.69,-0,0,2.704214303
23.7,-0,0,2.994278508
23.71,-0,0,-2.994802551
23.72,-0,0,-2.707668943
23.73,-0,0,-2.438468286
23.74,-0,0,-2.197614323
23.75,-0,0,-1.994273815
23.76,-0,0,-1.835846447
23.77,-0,0,-1.727771901
23.78,-0,0,-1.673586193
23.79,-0,0,-1.675088245
23.8,-0,0,-1.732509879
23.81,-0,0,-1.844620841
23.82,-0,0,-2.008733165
23.83,-0,0,-2.220614195
23.84,-0,0,-2.474336151
23.85,-0,0,-2.761981612
23.86,-0,0,-3.072987229
23.87,-0,0,2.889873917
23.88,-0,0,2.577455709
23.89,-0,0,2.290741241
23.9,-0,0,2.044700487
23.91,-0,0,1.849935065
23.92,-0,0,1.713114135
23.93,-0,0,1.637917825
23.94,-0,0,1.625710811
23.95,-0,0,1.675905778
23.96,-0,0,1.786103273
23.97,-0,0,1.952056952
23.98,-0,0,2.167534752
23.99,-0,0,2.42420187
24,-0,0,2.711680677
24.01,-0,0,3.017905225
24.02,-0,0,-2.953411514
24.03,-0,0,-2.649215803
24.04,-0,0,-2.365412652
24.05,-0,0,-2.113435136
24.06,-0,0,-1.902924498
24.07,-0,0,-1.741468806
24.08,-0,0,-1.634592696
24.09,-0,0,-1.585899334
24.1,-0,0,-1.59721972
24.11,-0,0,-1.66866634
24.12,-0,0,-1.798554563
24.13,-0,0,-1.983203147
24.14,-0,0,-2.216658718
24.15,-0,0,-2.49043028
24.16,-0,0,-2.7933868
24.17,-0,0,-3.112040745
24.18,-0,0,2.851785935
24.19,-0,0,2.546890094
24.2,-0,0,2.270415066
24.21,-0,0,2.03411842
24.22,-0,0,1.847096154
24.23,-0,0,1.715717962
24.24,-0,0,1.643768463
24.25,-0,0,1.632655182
24.26,-0,0,1.681600762
24.27,-0,0,1.78778382
24.28,-0,0,1.946447628
24.29,-0,0,2.151054039
24.3,-0,0,2.393556243
24.31,-0,0,2.664737728
24.32,-0,0,2.954441786
24.33,-0,0,-3.031546095
24.34,-0,0,-2.738607421
24.35,-0,0,-2.461880056
24.36,-0,0,-2.212666967
24.37,-0,0,-2.000803476
24.38,-0,0,-1.834180376
24.39,-0,0,-1.718653631
24.4,-0,0,-1.658203488
24.41,-0,0,-1.655172766
24.42,-0,0,-1.710447008
24.43,-0,0,-1.823482326
24.44,-0,0,-1.992146182
24.45,-0,0,-2.212400618
24.46,-0,0,-2.477830911
24.47,-0,0,-2.778893582
24.48,-0,0,-3.101996515
24.49,-0,0,2.853579057
24.5,-0,0,2.540336793
24.51,-0,0,2.257871148
24.52,-0,0,2.018229894
24.53,-0,0,1.829544282
24.54,-0,0,1.697086832
24.55,-0,0,1.623967419
24.56,-0,0,1.611475706
24.57,-0,0,1.659232498
24.58,-0,0,1.765198407
24.59,-0,0,1.92555777
24.6,-0,0,2.134542738
24.61,-0,0,2.384319234
24.62,-0,0,2.665078878
24.63,-0,0,2.965424898
24.64,-0,0,-3.010188641
24.65,-0,0,-2.70803507
24.66,-0,0,-2.423631154
24.67,-0,0,-2.16845909
24.68,-0,0,-1.952618838
24.69,-0,0,-1.784397337
24.7,-0,0,-1.6700823
24.71,-0,0,-1.613999282
24.72,-0,0,-1.618615188
24.73,-0,0,-1.684571967
24.74,-0,0,-1.810600032
24.75,-0,0,-1.99332229
24.76,-0,0,-2.226992122
24.77,-0,0,-2.50324117
24.78,-0,0,-2.810970206
24.79,-0,0,-3.136593624
24.8,-0,0,2.818336912
24.81,-0,0,2.50304246
24.82,-0,0,2.215148928
24.83,-0,0,1.966852958
24.84,-0,0,1.76761466
24.85,-0,0,1.624140879
24.86,-0,0,1.540615195
24.87,-0,0,1.518993574
24.88,-0,0,1.559253264
24.89,-0,0,1.659534603
24.9,-0,0,1.816164803
24.91,-0,0,2.023611516
24.92,-0,0,2.274458555
24.93,-0,0,2.559473292
24.94,-0,0,2.867758289
24.95,-0,0,-3.096198097
24.96,-0,0,-2.779328382
24.97,-0,0,-2.478293016
24.98,-0,0,-2.205718476
24.99,-0,0,-1.972518066
25,-0,0,-1.787453164
25.01,-0,0,-1.657111654
25.02,-0,0,-1.58611848
25.03,-0,0,-1.57736913
25.04,-0,0,-1.632128828
25.05,-0,0,-1.74992301
25.06,-0,0,-1.92823892
25.07,-0,0,-2.162090128
25.08,-0,0,-2.443395414
25.09,-0,0,-2.760160561
25.1,-0,0,-3.096210218
25.11,-0,0,2.850235665
25.12,-0,0,2.530313688
25.13,-0,0,2.241196214
25.14,-0,0,1.993297904
25.15,-0,0,1.794367136
25.16,-0,0,1.650089115
25.17,-0,0,1.564306247
25.18,-0,0,1.539114562
25.19,-0,0,1.574922561
25.2,-0,0,1.670435039
25.21,-0,0,1.822539184
25.22,-0,0,2.026137849
25.23,-0,0,2.274042097
25.24,-0,0,2.55706144
25.25,-0,0,2.864349986
25.26,-0,0,-3.099304185
25.27,-0,0,-2.780349701
25.28,-0,0,-2.475260986
25.29,-0,0,-2.197204938
25.3,-0,0,-1.958239284
25.31,-0,0,-1.768381576
25.32,-0,0,-1.635209756
25.33,-0,0,-1.563931762
25.34,-0,0,-1.557577886
25.35,-0,0,-1.617100722
25.36,-0,0,-1.741342863
25.37,-0,0,-1.926894115
25.38,-0,0,-2.167873145
25.39,-0,0,-2.455698358
25.4,-0,0,-2.778971664
25.41,-0,0,-3.123674234
25.42,-0,0,2.809285774
25.43,-0,0,2.470013331
25.44,-0,0,2.157173485
25.45,-0,0,1.883996846
25.46,-0,0,1.660854485
25.47,-0,0,1.495232427
25.48,-0,0,1.392033648
25.49,-0,0,1.35396126
25.5,-0,0,1.381823025
25.51,-0,0,1.474673735
25.52,-0,0,1.629765911
25.53,-0,0,1.842331804
25.54,-0,0,2.105289319
25.55,-0,0,2.409035083
25.56,-0,0,2.741501006
25.57,-0,0,3.088583992
25.58,-0,0,-2.848210665
25.59,-0,0,-2.517879462
25.6,-0,0,-2.217827003
25.61,-0,0,-1.960218104
25.62,-0,0,-1.754742174
25.63,-0,0,-1.608604781
25.64,-0,0,-1.526722316
25.65,-0,0,-1.511914969
25.66,-0,0,-1.564972424
25.67,-0,0,-1.684564232
25.68,-0,0,-1.867021585
25.69,-0,0,-2.105980272
25.7,-0,0,-2.391862713
25.71,-0,0,-2.711530836
25.72,-0,0,-3.049022432
25.73,-0,0,2.895448961
25.74,-0,0,2.570535835
25.75,-0,0,2.272103932
25.76,-0,0,2.010773848
25.77,-0,0,1.795361411
25.78,-0,0,1.632825277
25.79,-0,0,1.528168807
25.8,-0,0,1.484463805
25.81,-0,0,1.502946874
25.82,-0,0,1.583079013
25.83,-0,0,1.722511871
25.84,-0,0,1.91698476
25.85,-0,0,2.160249678
25.86,-0,0,2.4441306
25.87,-0,0,2.758678069
25.88,-0,0,3.092162233
25.89,-0,0,-2.852383875
25.9,-0,0,-2.524302179
25.91,-0,0,-2.222982851
25.92,-0,0,-1.962851186
25.93,-0,0,-1.755095439
25.94,-0,0,-1.607555487
25.95,-0,0,-1.525187969
25.96,-0,0,-1.51047889
25.97,-0,0,-1.563696581
25.98,-0,0,-1.683019419
25.99,-0,0,-1.864527428
26,-0,0,-2.10205423
26.01,-0,0,-2.386975158
26.02,-0,0,-2.708099347
26.03,-0,0,-3.05188314
26.04,-0,0,2.880058895
26.05,-0,0,2.537080672
26.06,-0,0,2.217349461
26.07,-0,0,1.934057023
26.08,-0,0,1.697969426
26.09,-0,0,1.517229225
26.1,-0,0,1.397501935
26.11,-0,0,1.342286116
26.12,-0,0,1.353198916
26.13,-0,0,1.430113916
26.14,-0,0,1.571103816
26.15,-0,0,1.772197152
26.16,-0,0,2.027008987
26.17,-0,0,2.326374345
26.18,-0,0,2.658202006
26.19,-0,0,3.007817651
26.2,-0,0,-2.924226488
26.21,-0,0,-2.587927761
26.22,-0,0,-2.281472475
26.23,-0,0,-2.017500582
26.24,-0,0,-1.805883474
26.25,-0,0,-1.653728316
26.26,-0,0,-1.56557265
26.27,-0,0,-1.543610387
26.28,-0,0,-1.587860433
26.29,-0,0,-1.696236383
26.3,-0,0,-1.864491134
26.31,-0,0,-2.086030712
26.32,-0,0,-2.351716725
26.33,-0,0,-2.650002635
26.34,-0,0,-2.96771432
26.35,-0,0,2.991971841
26.36,-0,0,2.675910441
26.37,-0,0,2.379712287
26.38,-0,0,2.11473532
26.39,-0,0,1.890865944
26.4,-0,0,1.716111558
26.41,-0,0,1.596398932
26.42,-0,0,1.5356082
26.43,-0,0,1.53572626
26.44,-0,0,1.596987926
26.45,-0,0,1.717930076
26.46,-0,0,1.895357558
26.47,-0,0,2.124272176
26.48,-0,0,2.397769483
26.49,-0,0,2.70671593
26.5,-0,0,3.038985214
26.51,-0,0,-2.904378199
26.52,-0,0,-2.575335802
26.53,-0,0,-2.274758601
26.54,-0,0,-2.016817445
26.55,-0,0,-1.811508655
26.56,-0,0,-1.665318835
26.57,-0,0,-1.581953266
26.58,-0,0,-1.562841477
26.59,-0,0,-1.607500259
26.6,-0,0,-1.713742581
26.61,-0,0,-1.87768032
26.62,-0,0,-2.093544075
26.63,-0,0,-2.353439839
26.64,-0,0,-2.647235843
26.65,-0,0,-2.962794958
26.66,-0,0,2.996518028
26.67,-0,0,2.678082945
26.68,-0,0,2.378168327
26.69,-0,0,2.108543809
26.7,-0,0,1.879316997
26.71,-0,0,1.698737131
26.72,-0,0,1.57310559
26.73,-0,0,1.506800548
26.74,-0,0,1.502358816
26.75,-0,0,1.560512421
26.76,-0,0,1.68010807
26.77,-0,0,1.857898283
26.78,-0,0,2.088246194
26.79,-0,0,2.362835438
26.8,-0,0,2.670540672
26.81,-0,0,2.997684059
26.82,-0,0,-2.954304238
26.83,-0,0,-2.634761453
26.84,-0,0,-2.341416742
26.85,-0,0,-2.086577653
26.86,-0,0,-1.879847333
26.87,-0,0,-1.728111309
26.88,-0,0,-1.635747628
26.89,-0,0,-1.604894625
26.9,-0,0,-1.635680854
26.91,-0,0,-1.726361986
26.92,-0,0,-1.873336927
26.93,-0,0,-2.071061543
26.94,-0,0,-2.311963787
26.95,-0,0,-2.586535499
26.96,-0,0,-2.883702979
26.97,-0,0,3.0918145
26.98,-0,0,2.786221702
26.99,-0,0,2.495224178
27,-0,0,2.230665407
27.01,-0,0,2.003053719
27.02,-0,0,1.821056804
27.03,-0,0,1.69128136
27.04,-0,0,1.618310912
27.05,-0,0,1.604872183
27.06,-0,0,1.65199257
27.07,-0,0,1.759058507
27.08,-0,0,1.923743927
27.09,-0,0,2.141796116
27.1,-0,0,2.406576667
27.11,-0,0,2.708178166
27.12,-0,0,3.032436212
27.13,-0,0,-2.921821149
27.14,-0,0,-2.606992756
27.15,-0,0,-2.322168173
27.16,-0,0,-2.07897621
27.17,-0,0,-1.885344495
27.18,-0,0,-1.746407166
27.19,-0,0,-1.665118873
27.2,-0,0,-1.642661361
27.21,-0,0,-1.678704749
27.22,-0,0,-1.771485788
27.23,-0,0,-1.917699538
27.24,-0,0,-2.112273346
27.25,-0,0,-2.34814507
27.26,-0,0,-2.616208958
27.27,-0,0,-2.90560111
27.28,-0,0,3.078796947
27.29,-0,0,2.782713577
27.3,-0,0,2.500862409
27.31,-0,0,2.243863256
27.32,-0,0,2.021339841
27.33,-0,0,1.841783849
27.34,-0,0,1.712284525
27.35,-0,0,1.638256343
27.36,-0,0,1.623267139
27.37,-0,0,1.668932515
27.38,-0,0,1.774793874
27.39,-0,0,1.938138967
27.4,-0,0,2.153781618
27.41,-0,0,2.413864769
27.42,-0,0,2.707802166
27.43,-0,0,3.022534524
27.44,-0,0,-2.939902029
27.45,-0,0,-2.628379182
27.46,-0,0,-2.340366998
27.47,-0,0,-2.088096015
27.48,-0,0,-1.881219981
27.49,-0,0,-1.726774486
27.5,-0,0,-1.629389848
27.51,-0,0,-1.591572889
27.52,-0,0,-1.613946863
27.53,-0,0,-1.695389046
27.54,-0,0,-1.833039007
27.55,-0,0,-2.022190669
27.56,-0,0,-2.256142901
27.57,-0,0,-2.526143198
27.58,-0,0,-2.821549394
27.59,-0,0,-3.130235269
27.6,-0,0,2.844000255
27.61,-0,0,2.547956942
27.62,-0,0,2.27733254
27.63,-0,0,2.043238663
27.64,-0,0,1.854884661
27.65,-0,0,1.719387829
27.66,-0,0,1.641827416
27.67,-0,0,1.625396691
27.68,-0,0,1.671508125
27.69,-0,0,1.779755661
27.7,-0,0,1.9476852
27.71,-0,0,2.170308889
27.72,-0,0,2.439271041
27.73,-0,0,2.741927866
27.74,-0,0,3.061575831
27.75,-0,0,-2.903152274
27.76,-0,0,-2.602036395
27.77,-0,0,-2.330726827
27.78,-0,0,-2.09841448
27.79,-0,0,-1.91188769
27.8,-0,0,-1.77604783
27.81,-0,0,-1.694157527
27.82,-0,0,-1.66799009
27.83,-0,0,-1.697889413
27.84,-0,0,-1.782714465
27.85,-0,0,-1.919687023
27.86,-0,0,-2.104201187
27.87,-0,0,-2.329686642
27.88,-0,0,-2.587658031
27.89,-0,0,-2.868081208
27.9,-0,0,3.123143061
27.91,-0,0,2.830747755
27.92,-0,0,2.548874606
27.93,-0,0,2.288375316
27.94,-0,0,2.059966535
27.95,-0,0,1.873721506
27.96,-0,0,1.738252534
27.97,-0,0,1.660067944
27.98,-0,0,1.643305414
27.99,-0,0,1.689693543
28,-0,0,1.798545704
28.01,-0,0,1.9666998
28.02,-0,0,2.188407978
28.03,-0,0,2.455235036
28.04,-0,0,2.756075354
28.05,-0,0,3.077454381
28.06,-0,0,-2.878895047
28.07,-0,0,-2.562054317
28.08,-0,0,-2.269628728
28.09,-0,0,-2.013920563
28.1,-0,0,-1.804610913
28.11,-0,0,-1.648756735
28.12,-0,0,-1.551048717
28.13,-0,0,-1.514123354
28.14,-0,0,-1.538807333
28.15,-0,0,-1.624234221
28.16,-0,0,-1.767810353
28.17,-0,0,-1.965040498
28.18,-0,0,-2.209276183
28.19,-0,0,-2.491521789
28.2,-0,0,-2.800480574
28.21,-0,0,-3.12297728
28.22,-0,0,2.838429103
28.23,-0,0,2.531681255
28.24,-0,0,2.253326412
28.25,-0,0,2.015001975
28.26,-0,0,1.8261906
28.27,-0,0,1.694101898
28.28,-0,0,1.623739859
28.29,-0,0,1.617999478
28.3,-0,0,1.677663849
28.31,-0,0,1.801224935
28.32,-0,0,1.984480711
28.33,-0,0,2.219909611
28.34,-0,0,2.496134459
28.35,-0,0,2.798384019
28.36,-0,0,3.110602652
28.37,-0,0,-2.865153384
28.38,-0,0,-2.574825337
28.39,-0,0,-2.311795789
28.4,-0,0,-2.084702993
28.41,-0,0,-1.900759427
28.42,-0,0,-1.765636059
28.43,-0,0,-1.683372792
28.44,-0,0,-1.656368335
28.45,-0,0,-1.685385999
28.46,-0,0,-1.769527491
28.47,-0,0,-1.906168911
28.48,-0,0,-2.090886057
28.49,-0,0,-2.317437067
28.5,-0,0,-2.577907592
28.51,-0,0,-2.863064908
28.52,-0,0,3.120445393
28.53,-0,0,2.817311453
28.54,-0,0,2.522998895
28.55,-0,0,2.251012688
28.56,-0,0,2.014969793
28.57,-0,0,1.826783353
28.58,-0,0,1.69539825
28.59,-0,0,1.626550232
28.6,-0,0,1.623064979
28.61,-0,0,1.685190653
28.62,-0,0,1.810785957
28.63,-0,0,1.995357873
28.64,-0,0,2.232000729
28.65,-0,0,2.511335382
28.66,-0,0,2.821590428
28.67,-0,0,-3.134202868
28.68,-0,0,-2.804678895
28.69,-0,0,-2.488096521
28.7,-0,0,-2.198362216
28.71,-0,0,-1.947273669
28.72,-0,0,-1.744085659
28.73,-0,0,-1.595530176
28.74,-0,0,-1.506081465
28.75,-0,0,-1.478259384
28.76,-0,0,-1.512842555
28.77,-0,0,-1.608934773
28.78,-0,0,-1.763871841
28.79,-0,0,-1.972986655
28.8,-0,0,-2.229292615
28.81,-0,0,-2.523216872
28.82,-0,0,-2.842597958
28.83,-0,0,3.110013325
28.84,-0,0,2.783584674
28.85,-0,0,2.476398443
28.86,-0,0,2.202133314
28.87,-0,0,1.972291946
28.88,-0,0,1.795869575
28.89,-0,0,1.679303596
28.9,-0,0,1.626541084
28.91,-0,0,1.639095955
28.92,-0,0,1.71601485
28.93,-0,0,1.853719559
28.94,-0,0,2.045776944
28.95,-0,0,2.282844906
28.96,-0,0,2.553239552
28.97,-0,0,2.844252742
28.98,-0,0,-3.139682102
28.99,-0,0,-2.843724837
29,-0,0,-2.561924462
29.01,-0,0,-2.304594208
29.02,-0,0,-2.081170621
29.03,-0,0,-1.899688074
29.04,-0,0,-1.766406773
29.05,-0,0,-1.685699965
29.06,-0,0,-1.660112121
29.07,-0,0,-1.690473572
29.08,-0,0,-1.775999883
29.09,-0,0,-1.91434169
29.1,-0,0,-2.101584018
29.11,-0,0,-2.33223603
29.12,-0,0,-2.599247632
29.13,-0,0,-2.893939676
29.14,-0,0,3.077615291
29.15,-0,0,2.762561255
29.16,-0,0,2.460246857
29.17,-0,0,2.187396806
29.18,-0,0,1.958316654
29.19,-0,0,1.783294173
29.2,-0,0,1.668760165
29.21,-0,0,1.618059933
29.22,-0,0,1.63207526
29.23,-0,0,1.709575058
29.24,-0,0,1.847344511
29.25,-0,0,2.040145999
29.26,-0,0,2.280599959
29.27,-0,0,2.559126311
29.28,-0,0,2.864102214
29.29,-0,0,-3.100846257
29.3,-0,0,-2.783319333
29.31,-0,0,-2.480304403
29.32,-0,0,-2.204516078
29.33,-0,0,-1.96687108
29.34,-0,0,-1.776097393
29.35,-0,0,-1.638674337
29.36,-0,0,-1.558995256
29.37,-0,0,-1.539587345
29.38,-0,0,-1.581257631
29.39,-0,0,-1.683103246
29.4,-0,0,-1.842378004
29.41,-0,0,-2.054242257
29.42,-0,0,-2.311459516
29.43,-0,0,-2.604163233
29.44,-0,0,-2.919899011
29.45,-0,0,3.039009128
29.46,-0,0,2.721590042
29.47,-0,0,2.425920703
29.48,-0,0,2.165167146
29.49,-0,0,1.950046166
29.5,-0,0,1.78856255
29.51,-0,0,1.686025171
29.52,-0,0,1.645179134
29.53,-0,0,1.666350557
29.54,-0,0,1.747551271
29.55,-0,0,1.884545237
29.56,-0,0,2.070958871
29.57,-0,0,2.298584177
29.58,-0,0,2.55793293
29.59,-0,0,2.838822028
29.6,-0,0,3.130656249
29.61,-0,0,-2.860769885
29.62,-0,0,-2.580432645
29.63,-0,0,-2.322674141
29.64,-0,0,-2.097674091
29.65,-0,0,-1.913965698
29.66,-0,0,-1.778114973
29.67,-0,0,-1.69472072
29.68,-0,0,-1.666588994
29.69,-0,0,-1.694943879
29.7,-0,0,-1.779575031
29.71,-0,0,-1.918857635
29.72,-0,0,-2.109629316
29.73,-0,0,-2.346951727
29.74,-0,0,-2.623722925
29.75,-0,0,-2.929967361
29.76,-0,0,3.031256277
29.77,-0,0,2.710976383
29.78,-0,0,2.410840296
29.79,-0,0,2.146695897
29.8,-0,0,1.929964951
29.81,-0,0,1.768055262
29.82,-0,0,1.665384681
29.83,-0,0,1.624101161
29.84,-0,0,1.644463626
29.85,-0,0,1.725003178
29.86,-0,0,1.862513618
29.87,-0,0,2.051918141
29.88,-0,0,2.286111939
29.89,-0,0,2.555925627
29.9,-0,0,2.850346766
29.91,-0,0,-3.126139443
29.92,-0,0,-2.820077498
29.93,-0,0,-2.527398473
29.94,-0,0,-2.260017621
29.95,-0,0,-2.02846783
29.96,-0,0,-1.841487838
29.97,-0,0,-1.70582688
29.98,-0,0,-1.626266982
29.99,-0,0,-1.605747239
30,-0,0,-1.645453046
30.01,-0,0,-1.74479345
30.02,-0,0,-1.901254498
30.03,-0,0,-2.110157403
30.04,-0,0,-2.364382807
30.05,-0,0,-2.654170933
30.06,-0,0,-2.967180947
30.07,-0,0,2.994150316
30.08,-0,0,2.678747841
30.09,-0,0,2.384572542
30.1,-0,0,2.124623437
30.11,-0,0,1.909386226
30.12,-0,0,1.746607101
30.13,-0,0,1.641385753
30.14,-0,0,1.596404108
30.15,-0,0,1.612169533
30.16,-0,0,1.687203437
30.17,-0,0,1.81815291
30.18,-0,0,1.99985838
30.19,-0,0,2.225453329
30.2,-0,0,2.486541995
30.21,-0,0,2.77339557
30.22,-0,0,3.075084538
30.23,-0,0,-2.903541151
30.24,-0,0,-2.608655876
30.25,-0,0,-2.335740802
30.26,-0,0,-2.095908211
30.27,-0,0,-1.898420401
30.28,-0,0,-1.750447796
30.29,-0,0,-1.657160959
30.3,-0,0,-1.621969432
30.31,-0,0,-1.646734933
30.32,-0,0,-1.731835314
30.33,-0,0,-1.876023251
30.34,-0,0,-2.076103941
30.35,-0,0,-2.326467081
30.36,-0,0,-2.618389562
30.37,-0,0,-2.93912858
30.38,-0,0,3.011432807
30.39,-0,0,2.685893346
30.4,-0,0,2.384652123
30.41,-0,0,2.120853024
30.42,-0,0,1.90374923
30.43,-0,0,1.739740371
30.44,-0,0,1.63307722
30.45,-0,0,1.586182821
30.46,-0,0,1.599799477
30.47,-0,0,1.673028457
30.48,-0,0,1.803255389
30.49,-0,0,1.985987121
30.5,-0,0,2.214689299
30.51,-0,0,2.480761615
30.52,-0,0,2.773774048
30.53,-0,0,3.081969719
30.54,-0,0,-2.890309973
30.55,-0,0,-2.589346691
30.56,-0,0,-2.310673972
30.57,-0,0,-2.065748948
30.58,-0,0,-1.864480565
30.59,-0,0,-1.714770837
30.6,-0,0,-1.62239994
30.61,-0,0,-1.591121436
30.62,-0,0,-1.622758441
30.63,-0,0,-1.717191136
30.64,-0,0,-1.872223139
30.65,-0,0,-2.083357145
30.66,-0,0,-2.343534178
30.67,-0,0,-2.642930645
30.68,-0,0,-2.968978334
30.69,-0,0,2.976343535
30.7,-0,0,2.642674563
30.71,-0,0,2.328863181
30.72,-0,0,2.048807911
30.73,-0,0,1.813784863
30.74,-0,0,1.63220843
30.75,-0,0,1.509795435
30.76,-0,0,1.449889464
30.77,-0,0,1.453776837
30.78,-0,0,1.520896747
30.79,-0,0,1.648900261
30.8,-0,0,1.833565347
30.81,-0,0,2.068639604
30.82,-0,0,2.345732556
30.83,-0,0,2.654361185
30.84,-0,0,2.982184044
30.85,-0,0,-2.967724747
30.86,-0,0,-2.643361454
30.87,-0,0,-2.341853295
30.88,-0,0,-2.075685281
30.89,-0,0,-1.855216545
30.9,-0,0,-1.688480101
30.91,-0,0,-1.581313112
30.92,-0,0,-1.53759347
30.93,-0,0,-1.559392905
30.94,-0,0,-1.646944111
30.95,-0,0,-1.79842107
30.96,-0,0,-2.009584398
30.97,-0,0,-2.273274551
