#Exudyn implicit second order time integration sensor output file
#measure Body number = 1
#OutputVariableType = Position
#simulation started = 2025-07-25,17:19:50
#columns contain: time, comma separated sensor values (e.g, x,y,z position coordinates)
#number of sensor values = 3
#Exudyn version = 1.10.0; Python3.13.2; Windows AVX2 FLOAT64
#
0,0,0,-0.3
0.01,5.785142515e-35,1.979554262e-32,-0.2999946634
0.02,1.54369683e-34,2.290710552e-32,-0.2999606358
0.03,4.27982298e-34,5.074911814e-32,-0.2998750641
0.04,9.355759173e-34,4.643085666e-32,-0.2997186603
0.05,9.968466553e-34,3.900526134e-32,-0.2994748761
0.06,2.352788226e-33,4.621056178e-32,-0.2991294954
0.07,2.849195497e-33,8.549723594e-32,-0.2986703124
0.08,2.791914267e-33,5.51350873e-32,-0.2980868549
0.09,3.074580211e-33,7.401333588e-32,-0.2973701471
0.1,2.435977935e-33,9.724201387e-32,-0.2965125039
0.11,2.037877553e-33,1.275817746e-31,-0.2955073535
0.12,1.372612249e-33,1.227573467e-31,-0.2943490845
0.13,1.325647139e-33,1.172975194e-31,-0.2930329134
0.14,1.474016008e-33,1.291920394e-31,-0.291554771
0.15,5.513952865e-33,1.354166807e-31,-0.2899112033
0.16,6.694837628e-33,1.308221634e-31,-0.2880992868
0.17,9.821336293e-33,1.316529388e-31,-0.2861165546
0.18,8.422093646e-33,1.322229174e-31,-0.2839609333
0.19,9.726627555e-33,1.360083001e-31,-0.2816306877
0.2,1.921344132e-32,1.330106265e-31,-0.2791243734
0.21,1.535773068e-32,1.38866603e-31,-0.2764407958
0.22,2.351878269e-32,1.112095557e-31,-0.2735789745
0.23,2.071812261e-32,1.227962458e-31,-0.2705381123
0.24,2.102220108e-32,1.205420594e-31,-0.2673175689
0.25,1.741569028e-32,1.016682081e-31,-0.263916837
0.26,6.29034536e-33,1.123533474e-31,-0.2603355231
0.27,7.395995818e-33,1.073099079e-31,-0.2565733288
0.28,-2.493083841e-33,1.015228058e-31,-0.2526300364
0.29,4.813319953e-33,1.049988652e-31,-0.2485054953
0.3,1.137123226e-32,1.124059594e-31,-0.2441996099
0.31,1.575385907e-32,9.810218559e-32,-0.2397123295
0.32,1.107982566e-32,1.019537112e-31,-0.235044171
0.33,8.102038715e-33,1.366410612e-31,-0.2302184782
0.34,-6.9049683e-33,1.637589043e-31,-0.2252858029
0.35,-1.203593186e-32,1.603713377e-31,-0.22029188
0.36,2.485133449e-33,1.360704942e-31,-0.2152761445
0.37,5.74417148e-33,1.241365167e-31,-0.210272593
0.38,-9.090352184e-33,1.340549338e-31,-0.2053105255
0.39,1.384656136e-33,1.238043836e-31,-0.200415186
0.4,-1.146179884e-33,1.224158434e-31,-0.1956083142
0.41,2.509237759e-33,1.142760845e-31,-0.190908622
0.42,5.647679993e-33,1.008089773e-31,-0.1863322029
0.43,1.050151036e-32,1.034597973e-31,-0.1818928866
0.44,2.274855906e-32,1.109193678e-31,-0.177602543
0.45,3.303154718e-32,1.1120271e-31,-0.1734713451
0.46,1.59861447e-32,1.122588685e-31,-0.1695079944
0.47,6.032864679e-32,1.004648535e-31,-0.1657195465
0.48,7.079854995e-32,1.036754026e-31,-0.1621105374
0.49,1.125970991e-31,1.055504079e-31,-0.1586841311
0.5,8.24037336e-32,1.151869415e-31,-0.155442903
0.51,8.631964893e-32,1.171787454e-31,-0.1523889949
0.52,7.247906327e-32,1.157206936e-31,-0.149524185
0.53,9.381355812e-32,1.174185125e-31,-0.1468499419
0.54,8.8084032e-32,9.880187155e-32,-0.1443674711
0.55,1.089468566e-31,8.033662356e-32,-0.142077754
0.56,1.229798022e-31,7.06402295e-32,-0.1399815823
0.57,1.315555524e-31,5.369893346e-32,-0.1380795865
0.58,1.485167847e-31,6.663839516e-32,-0.1363722617
0.59,1.603054326e-31,6.109723507e-32,-0.134859988
0.6,1.696267725e-31,5.675893624e-32,-0.1335430498
0.61,1.767001755e-31,4.892663542e-32,-0.1324216503
0.62,2.171099031e-31,7.253628461e-32,-0.1314959257
0.63,2.156828704e-31,6.888010934e-32,-0.1307659563
0.64,2.02436655e-31,9.144047672e-32,-0.1302296798
0.65,2.284116956e-31,1.051588505e-31,-0.1298679613
0.66,2.181256505e-31,9.948743519e-32,-0.1296557841
0.67,2.244027948e-31,1.17756831e-31,-0.1295714892
0.68,2.273948704e-31,1.037447621e-31,-0.1295963807
0.69,2.387079361e-31,6.048438603e-32,-0.1297143198
0.7,2.569557582e-31,5.313649585e-32,-0.1299113747
0.71,2.592908389e-31,4.572584169e-32,-0.1301755183
0.72,2.61317684e-31,2.108774746e-32,-0.1304963674
0.73,2.580342917e-31,1.007791985e-32,-0.1308649577
0.74,2.598053719e-31,-1.838350658e-32,-0.1312735489
0.75,2.526575758e-31,4.652856752e-33,-0.1317154576
0.76,2.247983587e-31,3.00604778e-32,-0.1321849115
0.77,2.187344809e-31,5.202878641e-32,-0.1326769251
0.78,2.104372573e-31,7.220555319e-32,-0.1331871909
0.79,1.985035632e-31,6.347572058e-32,-0.1337119864
0.8,2.153944198e-31,5.217484784e-32,-0.1342480934
0.81,2.092934887e-31,4.710985144e-32,-0.1347927282
0.82,1.898695781e-31,2.650097684e-32,-0.1353434812
0.83,1.794067124e-31,4.618947287e-32,-0.1358982651
0.84,1.868762363e-31,6.592336225e-32,-0.1364552697
0.85,2.048584687e-31,9.566492233e-32,-0.1370129229
0.86,2.335622719e-31,1.056713208e-31,-0.1375698569
0.87,2.347173913e-31,8.060892594e-32,-0.1381248794
0.88,2.552520427e-31,9.093209488e-32,-0.1386769476
0.89,3.101942614e-31,6.264319261e-32,-0.139225147
0.9,2.88793591e-31,8.860969295e-32,-0.1397686722
0.91,2.713843886e-31,8.872569418e-32,-0.1403068103
0.92,3.046697397e-31,8.201335176e-32,-0.1408389297
0.93,2.895646617e-31,5.538628783e-32,-0.141364657
0.94,2.444973975e-31,4.007619959e-32,-0.1418840859
0.95,1.984345685e-31,6.628152754e-32,-0.1423974232
0.96,1.69544889e-31,6.004261641e-32,-0.1429048613
0.97,2.045078566e-31,8.185938419e-32,-0.1434065683
0.98,1.726765825e-31,7.513655157e-32,-0.1439026904
0.99,2.165071333e-31,1.640887363e-31,-0.1443933545
1,2.045763446e-31,1.244099131e-31,-0.144878671
1.01,1.581991579e-31,1.106795624e-31,-0.1453587362
1.02,1.103088497e-31,1.268663331e-31,-0.1458336338
1.03,8.445214275e-32,1.440856954e-31,-0.1463034372
1.04,9.231677147e-32,1.097934408e-31,-0.1467682106
1.05,1.027885147e-31,1.394469637e-31,-0.1472280106
1.06,1.359508203e-31,2.648951545e-31,-0.1476828867
1.07,1.076343801e-31,3.153812464e-31,-0.1481328832
1.08,1.052865025e-31,2.564540147e-31,-0.1485780391
1.09,9.037743786e-32,2.390747712e-31,-0.1490183894
1.1,1.023949736e-31,2.988492669e-31,-0.1494539658
1.11,1.076670155e-31,2.952047068e-31,-0.1498847969
1.12,1.211193406e-31,2.254309256e-31,-0.1503109087
1.13,1.453969691e-31,1.75016537e-31,-0.1507323254
1.14,1.494400284e-31,1.510183856e-31,-0.1511490694
1.15,1.205241495e-31,1.074302233e-31,-0.1515611615
1.16,1.030992399e-31,1.031794224e-31,-0.1519686218
1.17,6.381357658e-32,9.600067461e-32,-0.152371469
1.18,7.101538374e-32,1.060628587e-31,-0.1527697213
1.19,4.33883629e-32,1.039355823e-31,-0.1531633963
1.2,5.190587242e-32,9.718752817e-32,-0.1535525111
1.21,6.694931384e-32,1.291212267e-31,-0.1539370823
1.22,4.485518655e-32,1.144669095e-31,-0.1543171266
1.23,2.087421121e-32,1.035832264e-31,-0.1546926601
1.24,2.815655924e-32,1.091105207e-31,-0.1550636989
1.25,3.476324038e-32,1.05444028e-31,-0.1554302592
1.26,3.654348189e-32,1.035710481e-31,-0.155792357
1.27,3.825854449e-32,1.114552961e-31,-0.1561500081
1.28,2.994062224e-32,1.11575102e-31,-0.1565032285
1.29,2.716143604e-32,1.101767751e-31,-0.1568520341
1.3,2.372699904e-32,1.131985322e-31,-0.1571964409
1.31,8.371367686e-31,1.291108247e-30,-0.1575364647
1.32,1.334791046e-30,2.091581809e-30,-0.1578721214
1.33,9.6161905e-31,4.707065349e-31,-0.1582034268
1.34,1.136279987e-30,7.752811398e-32,-0.1585303967
1.35,1.382770448e-30,1.31383756e-30,-0.1588530467
1.36,1.520201061e-30,6.517850743e-31,-0.1591713925
1.37,1.516469102e-30,6.58327791e-31,-0.1594854497
1.38,1.521052507e-30,6.592751638e-31,-0.1597952336
1.39,1.526857906e-30,6.533248179e-31,-0.1601007596
1.4,1.523574681e-30,6.541370866e-31,-0.1604020429
1.41,1.527031485e-30,6.543043393e-31,-0.1606990985
1.42,1.526022083e-30,6.569321062e-31,-0.1609919415
1.43,1.529203131e-30,6.564529618e-31,-0.1612805868
1.44,1.531201795e-30,6.610038806e-31,-0.1615650489
1.45,1.531579287e-30,6.623571312e-31,-0.1618453427
1.46,1.532317001e-30,6.67565393e-31,-0.1621214825
1.47,1.530535038e-30,6.680063077e-31,-0.1623934829
1.48,1.526001403e-30,6.702943525e-31,-0.1626613581
1.49,1.524908945e-30,8.90243833e-31,-0.1629251224
1.5,1.607733649e-30,8.662875734e-31,-0.16318479
1.51,1.702957771e-30,7.167655605e-31,-0.1634403749
1.52,1.608064535e-30,8.181050176e-31,-0.1636918912
1.53,1.628138628e-30,8.434261231e-31,-0.163939353
1.54,1.619332595e-30,8.428638575e-31,-0.1641827741
1.55,1.558222839e-30,9.344299431e-31,-0.1644221686
1.56,1.547502153e-30,1.028766651e-30,-0.1646575503
1.57,1.635485436e-30,8.554669007e-31,-0.1648889333
1.58,1.655935217e-30,7.881081829e-31,-0.1651163314
1.59,1.762196704e-30,9.260337374e-31,-0.1653397586
1.6,1.75977616e-30,7.691372105e-31,-0.1655592288
1.61,1.918567273e-30,5.975188895e-31,-0.1657747561
1.62,1.867906025e-30,5.341203841e-31,-0.1659863545
1.63,1.865343511e-30,5.314705131e-31,-0.1661940381
1.64,1.865628016e-30,5.291435059e-31,-0.1663978209
1.65,1.863536009e-30,5.303861456e-31,-0.1665977172
1.66,1.861924919e-30,5.319746683e-31,-0.1667937411
1.67,1.858803234e-30,5.301046889e-31,-0.166985907
1.68,1.856782525e-30,5.270250847e-31,-0.1671742292
1.69,1.857811772e-30,5.304565799e-31,-0.1673587221
1.7,1.857122399e-30,5.255056519e-31,-0.1675394002
1.71,1.862588309e-30,5.247009042e-31,-0.1677162781
1.72,1.8691856e-30,5.280947831e-31,-0.1678893704
1.73,1.867497722e-30,5.261632157e-31,-0.1680586918
1.74,1.869127308e-30,5.322395517e-31,-0.168224257
1.75,1.872041091e-30,5.353564073e-31,-0.1683860811
1.76,1.870263435e-30,5.338429839e-31,-0.1685441787
1.77,1.876154747e-30,5.344963636e-31,-0.1686985651
1.78,1.868512938e-30,5.415235291e-31,-0.1688492553
1.79,1.875415871e-30,5.398184885e-31,-0.1689962644
1.8,1.871494201e-30,5.429168721e-31,-0.1691396076
1.81,1.865161847e-30,5.552251785e-31,-0.1692793004
1.82,1.864622977e-30,5.592008175e-31,-0.1694153581
1.83,1.870240607e-30,5.599621409e-31,-0.1695477962
1.84,1.87681854e-30,5.68150157e-31,-0.1696766302
1.85,1.880515609e-30,5.650845735e-31,-0.1698018758
1.86,1.874672374e-30,5.684633466e-31,-0.1699235486
1.87,1.86886103e-30,5.741443299e-31,-0.1700416643
1.88,1.863180953e-30,5.820884034e-31,-0.1701562389
1.89,1.86305502e-30,5.775515027e-31,-0.1702672882
1.9,1.858946532e-30,5.795555151e-31,-0.1703748282
1.91,1.868257637e-30,5.742238128e-31,-0.170478875
1.92,1.866499297e-30,5.72975322e-31,-0.1705794445
1.93,1.864208474e-30,5.713844474e-31,-0.1706765531
1.94,1.869221898e-30,5.719997642e-31,-0.1707702168
1.95,1.868335327e-30,5.749031253e-31,-0.170860452
1.96,1.870293784e-30,5.777784093e-31,-0.170947275
1.97,1.867478499e-30,5.767764524e-31,-0.1710307022
1.98,1.867237114e-30,5.649765419e-31,-0.1711107501
1.99,1.86822892e-30,5.621266118e-31,-0.1711874351
2,1.874264081e-30,5.61316658e-31,-0.1712607739
2.01,1.869680865e-30,5.624157996e-31,-0.1713307831
2.02,1.870744839e-30,5.627223832e-31,-0.1713974792
2.03,1.869668925e-30,5.600459903e-31,-0.171460879
2.04,1.872402076e-30,5.576784625e-31,-0.1715209993
2.05,1.872736363e-30,5.563033987e-31,-0.1715778568
2.06,1.872744774e-30,5.559985806e-31,-0.1716314685
2.07,1.870647346e-30,5.511029207e-31,-0.1716818512
2.08,1.865555279e-30,5.473242322e-31,-0.1717290218
2.09,1.8648461e-30,5.47247284e-31,-0.1717729973
2.1,1.863784029e-30,5.455437851e-31,-0.1718137948
2.11,1.862474603e-30,5.485412679e-31,-0.1718514312
2.12,1.862702434e-30,5.4758346e-31,-0.1718859236
2.13,1.863771991e-30,5.470378227e-31,-0.1719172893
2.14,1.860573704e-30,5.435989022e-31,-0.1719455453
2.15,1.859834128e-30,5.409991527e-31,-0.1719707089
2.16,1.857724572e-30,5.427406635e-31,-0.1719927972
2.17,1.860711902e-30,5.433567296e-31,-0.1720118275
2.18,1.858802656e-30,5.457760366e-31,-0.1720278172
2.19,1.859706214e-30,5.457267823e-31,-0.1720407834
2.2,1.860802536e-30,5.402903031e-31,-0.1720507437
2.21,1.860060711e-30,5.397488767e-31,-0.1720577152
2.22,1.860591071e-30,5.347296683e-31,-0.1720617156
2.23,1.857024778e-30,5.333671565e-31,-0.172062762
2.24,1.856556011e-30,5.329142554e-31,-0.1720608721
2.25,1.85676391e-30,5.291730865e-31,-0.1720560633
2.26,1.823246956e-30,5.660280106e-31,-0.1720483531
2.27,2.049072047e-30,5.307186824e-31,-0.1720377589
2.28,2.246660353e-30,4.077640966e-31,-0.1720242983
2.29,2.481436025e-30,4.08306807e-31,-0.172007989
2.3,2.43164001e-30,4.466383787e-31,-0.1719888483
2.31,2.487424904e-30,3.243403674e-31,-0.171966894
2.32,2.339843907e-30,4.215010422e-31,-0.1719421437
2.33,2.267196999e-30,5.157571332e-31,-0.1719146149
2.34,2.153152758e-30,5.675555484e-31,-0.1718843252
2.35,2.097025878e-30,4.212476748e-31,-0.1718512924
2.36,2.148871876e-30,5.098018018e-31,-0.1718155341
2.37,2.091631486e-30,6.326097609e-31,-0.171777068
2.38,1.931463066e-30,6.080907118e-31,-0.1717359117
2.39,1.88355177e-30,6.419275999e-31,-0.1716920829
2.4,2.083223525e-30,6.423658882e-31,-0.1716455994
2.41,2.100943557e-30,7.934109935e-31,-0.1715964788
2.42,2.131690182e-30,7.684514463e-31,-0.1715447388
2.43,2.182076174e-30,7.19246846e-31,-0.1714903973
2.44,2.213798526e-30,7.509129429e-31,-0.1714334718
2.45,2.23151689e-30,6.778228474e-31,-0.1713739802
2.46,2.246756152e-30,6.564714311e-31,-0.1713119401
2.47,2.213003441e-30,6.141608708e-31,-0.1712473693
2.48,2.106220038e-30,6.161615437e-31,-0.1711802855
2.49,2.249909291e-30,6.388135407e-31,-0.1711107065
2.5,2.233497864e-30,6.312006598e-31,-0.17103865
2.51,2.253482544e-30,6.575617941e-31,-0.1709641338
2.52,2.336080757e-30,6.875463618e-31,-0.1708871754
2.53,2.334573573e-30,7.187046973e-31,-0.1708077928
2.54,2.315359057e-30,7.149689378e-31,-0.1707260036
2.55,2.337592316e-30,7.502341887e-31,-0.1706418255
2.56,2.325161377e-30,7.861690031e-31,-0.1705552762
2.57,2.328629699e-30,7.595585872e-31,-0.1704663735
2.58,2.358613279e-30,7.547004508e-31,-0.170375135
2.59,2.337139176e-30,7.514320251e-31,-0.1702815784
2.6,2.335796935e-30,7.497062419e-31,-0.1701857214
2.61,2.32316674e-30,7.549750787e-31,-0.1700875817
2.62,2.319691936e-30,7.684647723e-31,-0.1699871769
2.63,2.304013916e-30,7.656676155e-31,-0.1698845246
2.64,2.306117247e-30,7.72511202e-31,-0.1697796425
2.65,2.301317968e-30,7.675978952e-31,-0.1696725482
2.66,2.299758892e-30,7.661482629e-31,-0.1695632593
2.67,2.300035005e-30,7.638323162e-31,-0.1694517934
2.68,2.299065584e-30,7.697761625e-31,-0.169338168
2.69,2.297665632e-30,7.678286198e-31,-0.1692224008
2.7,2.300895803e-30,7.693224592e-31,-0.1691045091
2.71,2.313222582e-30,7.644189839e-31,-0.1689845105
2.72,2.314061378e-30,7.557332666e-31,-0.1688624226
2.73,2.313493155e-30,7.46185596e-31,-0.1687382628
2.74,2.318049276e-30,7.460486204e-31,-0.1686120485
2.75,2.329440908e-30,7.393291193e-31,-0.1684837972
2.76,2.342726991e-30,7.516913738e-31,-0.1683535262
2.77,2.347605479e-30,7.463121628e-31,-0.168221253
2.78,2.365753079e-30,7.505351274e-31,-0.1680869949
2.79,2.37241375e-30,7.262622193e-31,-0.1679507693
2.8,2.381783994e-30,6.896214314e-31,-0.1678125933
2.81,2.373851534e-30,6.96235004e-31,-0.1676724845
2.82,2.366857059e-30,6.74369802e-31,-0.1675304598
2.83,2.36262051e-30,6.891750445e-31,-0.1673865367
2.84,2.388229301e-30,6.721213949e-31,-0.1672407323
2.85,2.403335844e-30,6.715782125e-31,-0.1670930638
2.86,2.389465309e-30,6.981938556e-31,-0.1669435483
2.87,2.382024245e-30,6.735619348e-31,-0.1667922029
2.88,2.379292774e-30,6.806025308e-31,-0.1666390447
2.89,2.397999574e-30,6.745865811e-31,-0.1664840908
2.9,2.367586246e-30,6.49225208e-31,-0.1663273581
2.91,2.376756794e-30,6.179249843e-31,-0.1661688637
2.92,2.400239749e-30,6.10908402e-31,-0.1660086245
2.93,2.420128318e-30,6.0064138e-31,-0.1658466575
2.94,2.423927955e-30,5.949367608e-31,-0.1656829795
2.95,2.447571908e-30,5.677882629e-31,-0.1655176074
2.96,2.435144005e-30,5.755024725e-31,-0.165350558
2.97,2.421446364e-30,5.564589721e-31,-0.1651818481
2.98,2.413329292e-30,5.648755388e-31,-0.1650114944
2.99,2.414288005e-30,5.720808973e-31,-0.1648395137
3,2.410275653e-30,5.687521456e-31,-0.1646659226
