#Exudyn implicit second order time integration sensor output file
#measure Body number = 1
#OutputVariableType = Velocity
#simulation started = 2025-07-25,17:19:50
#columns contain: time, comma separated sensor values (e.g, x,y,z position coordinates)
#number of sensor values = 3
#Exudyn version = 1.10.0; Python3.13.2; Windows AVX2 FLOAT64
#
0,0,0,0
0.01,-3.354912297e-32,1.447946399e-29,0.001549209077
0.02,-2.069077847e-31,8.572415917e-30,0.005633038301
0.03,-4.51006729e-31,-1.712712963e-29,0.01180170862
0.04,1.640325464e-31,3.711726441e-30,0.01975418422
0.05,-4.836939724e-32,4.006063043e-30,0.02923903683
0.06,2.199599756e-31,3.427044914e-29,0.04004004477
0.07,1.922405674e-31,1.278509901e-29,0.05197069123
0.08,3.796178595e-31,8.214187412e-30,0.06487004977
0.09,-7.148483289e-31,-3.007801264e-30,0.0785992824
0.1,-9.383823419e-31,-1.074924082e-29,0.09303861919
0.11,-2.333872283e-30,-4.556194512e-30,0.1080847513
0.12,-1.930744579e-31,2.451196429e-30,0.1236485814
0.13,-2.217386772e-31,2.922704882e-29,0.1396532821
0.14,-1.812799127e-30,-6.919871917e-30,0.1560326215
0.15,-3.547558505e-30,-5.13714288e-30,0.1727295181
0.16,-1.285314576e-30,-1.828601165e-29,0.1896947945
0.17,6.462317374e-31,3.349626594e-29,0.2068861025
0.18,1.718744968e-30,1.666101985e-30,0.2242669958
0.19,1.938051248e-30,-3.591668931e-29,0.241806131
0.2,4.397544291e-30,-4.938126052e-30,0.2594765781
0.21,7.602226536e-31,-1.710849892e-29,0.277255227
0.22,-5.272665862e-30,-1.58225903e-29,0.2951222755
0.23,1.830557226e-30,6.909245383e-30,0.3130607885
0.24,-1.255704039e-30,5.432158683e-30,0.3310563185
0.25,1.086764975e-29,4.071759426e-30,0.3490965788
0.26,-8.674494524e-30,1.044170054e-29,0.3671711625
0.27,1.010192339e-29,4.016314258e-30,0.385271301
0.28,-6.821802392e-30,-2.291376875e-29,0.403389656
0.29,2.267257251e-30,3.456018518e-29,0.421520142
0.3,-2.611665755e-31,1.626910325e-29,0.4396577728
0.31,-6.727604393e-30,-3.072731928e-30,0.457798531
0.32,4.393422065e-30,-8.174717632e-30,0.4755187511
0.33,-6.544422413e-30,3.072904779e-30,0.4887379321
0.34,1.611898032e-29,-7.879277919e-30,0.4970366149
0.35,1.18106676e-29,7.357555404e-30,0.5010922217
0.36,-2.618963922e-30,-1.404260672e-29,0.5014895515
0.37,-2.405264268e-30,-4.513650796e-29,0.4987335288
0.38,-8.293664847e-30,1.63187373e-29,0.4932601976
0.39,-1.008274522e-30,-7.741843798e-30,0.4854462067
0.4,-1.508595658e-29,8.024792111e-30,0.4756169935
0.41,-1.043266672e-29,-8.426984877e-30,0.4640538468
0.42,1.634182579e-30,-6.305318534e-30,0.4509999989
0.43,3.317921628e-29,1.163871734e-29,0.4366658846
0.44,2.998462935e-30,-7.236655904e-30,0.4212336772
0.45,-9.603479922e-30,9.551398314e-30,0.4048612032
0.46,1.42122279e-30,1.892447931e-30,0.3876865411
0.47,6.761213703e-30,-7.229545479e-30,0.3699321395
0.48,-3.286184494e-30,6.623701218e-30,0.3518177763
0.49,-8.217605813e-30,4.465441416e-30,0.3334207547
0.5,1.603964106e-31,1.160152813e-29,0.3147892799
0.51,-1.406288783e-29,6.234201239e-30,0.2959627949
0.52,-2.162518886e-29,4.715724001e-30,0.2769747927
0.53,6.684481482e-30,-3.825986239e-30,0.2578537957
0.54,1.025053472e-29,-8.190087864e-30,0.2386240659
0.55,-9.666393771e-30,-9.744731278e-30,0.2193062062
0.56,-7.986450881e-30,7.41237887e-30,0.19991768
0.57,9.658681723e-30,-6.988536229e-30,0.1804732581
0.58,3.445154663e-29,9.057715855e-31,0.1609854047
0.59,2.037116996e-29,-1.172567359e-29,0.1414646101
0.6,-2.599858942e-29,-2.445295087e-30,0.1219196772
0.61,3.244304975e-29,-8.348943421e-30,0.1023579688
0.62,2.253881166e-30,-6.398513824e-30,0.08278562027
0.63,-3.424336853e-29,-8.239018737e-30,0.06320772335
0.64,1.147996089e-29,1.698266975e-29,0.04445408462
0.65,8.962222351e-30,2.022778982e-29,0.02830686407
0.66,3.020010132e-30,2.222843471e-29,0.01448875461
0.67,1.12638741e-30,5.19289135e-30,0.002681117777
0.68,-1.572315101e-29,1.65535583e-29,-0.007391051225
0.69,1.806976638e-29,-1.832915928e-29,-0.01596510049
0.7,7.928016868e-30,2.512897504e-30,-0.02324587741
0.71,-9.406841672e-30,1.246815908e-29,-0.02941017688
0.72,6.392550054e-30,-7.803442457e-30,-0.03461057905
0.73,-7.049018059e-30,-1.890540365e-29,-0.03897876039
0.74,-2.02313422e-29,-1.479575837e-29,-0.04262835033
0.75,-6.260703892e-30,8.574243943e-30,-0.04565739602
0.76,-1.16016664e-29,-2.529215682e-29,-0.04815048881
0.77,-1.438888009e-29,-1.329636333e-29,-0.0501805991
0.78,5.516559401e-30,6.401194657e-30,-0.05181065949
0.79,-1.377289194e-29,-1.357869616e-29,-0.05309493084
0.8,-1.406660172e-29,1.321177742e-29,-0.05408018101
0.81,9.720739948e-30,-2.809660039e-29,-0.05480670208
0.82,-1.788028391e-29,1.033089778e-29,-0.05530918818
0.83,1.267672444e-29,1.046496811e-30,-0.05561749307
0.84,1.398185546e-29,-8.976153469e-30,-0.05575728407
0.85,4.661159146e-29,2.608361862e-30,-0.05575060645
0.86,-1.553943678e-29,-1.109450913e-28,-0.05561637068
0.87,-4.663546954e-30,1.098861405e-29,-0.05537077312
0.88,4.318919856e-30,-4.415422158e-29,-0.05502765922
0.89,2.057724737e-31,8.670641385e-30,-0.05459883725
0.9,1.681412796e-29,-8.615663239e-30,-0.05409434923
0.91,4.760803442e-30,-8.325592752e-30,-0.05352270495
0.92,-1.657398215e-30,5.332165595e-30,-0.05289361003
0.93,7.815469542e-29,-1.316524487e-28,-0.05225443116
0.94,-3.665955396e-29,-3.343293929e-29,-0.05163490094
0.95,-2.389887522e-31,8.025186992e-29,-0.05103576637
0.96,8.117155069e-30,4.897245438e-29,-0.0504546468
0.97,1.432064359e-32,-4.113477646e-29,-0.04988919052
0.98,-4.73535332e-29,-3.980802331e-29,-0.04933733964
0.99,8.422133303e-30,-7.227527976e-29,-0.04879731633
1,2.98879383e-29,4.898715052e-29,-0.04826758727
1.01,4.831009537e-31,-4.610470246e-29,-0.04774683088
1.02,2.878124374e-29,1.502025674e-29,-0.04723390887
1.03,4.984868636e-30,-8.252155909e-29,-0.04672784189
1.04,-1.706295075e-29,1.876454033e-29,-0.04622778846
1.05,-3.467152069e-29,2.825218987e-29,-0.04573302694
1.06,9.338236724e-30,6.094080706e-29,-0.04524293984
1.07,-3.008045363e-29,-8.62286344e-30,-0.04475700023
1.08,-3.141908577e-29,8.432241211e-29,-0.04427475997
1.09,-2.526942054e-29,1.87723492e-29,-0.04379583931
1.1,-9.755497781e-30,2.909710788e-29,-0.04331991781
1.11,-1.754261395e-29,-1.408869614e-29,-0.04284672633
1.12,2.160552104e-29,-3.099374109e-29,-0.04237603991
1.13,1.382216743e-29,-4.518292006e-29,-0.04190767159
1.14,-1.3396765e-29,6.772795639e-29,-0.04144146685
1.15,-4.090603085e-29,-5.468684735e-30,-0.04097729886
1.16,1.686531608e-29,-3.944639125e-29,-0.04051506423
1.17,9.602944287e-30,1.825614737e-29,-0.04005467947
1.18,-2.080208025e-30,1.80975708e-29,-0.03959607787
1.19,2.945574145e-30,-8.540605702e-30,-0.03913920681
1.2,-1.107647734e-29,1.177862775e-29,-0.03868402551
1.21,-9.77671354e-30,-1.90833334e-29,-0.03823050304
1.22,2.919815376e-31,1.038237372e-29,-0.03777861655
1.23,-3.994485618e-30,4.88176943e-30,-0.03732834978
1.24,5.405194477e-30,-6.466690422e-30,-0.0368796916
1.25,1.421857806e-29,-1.002821389e-29,-0.03643263481
1.26,3.06828292e-30,-5.738791162e-30,-0.03598717502
1.27,6.619328852e-30,5.010544308e-30,-0.03554330965
1.28,-1.336962994e-30,6.295077455e-30,-0.03510103709
1.29,4.413345199e-30,-4.895262484e-30,-0.03466035599
1.3,-7.727348187e-31,-1.634528928e-30,-0.03422126472
1.31,-3.564520987e-28,-2.594427178e-27,-0.0337837611
1.32,-3.439945128e-28,9.779762953e-28,-0.03334784151
1.33,-3.806870921e-28,1.21701356e-27,-0.03291350129
1.34,2.690186707e-28,3.012877204e-29,-0.03248073453
1.35,-2.790401859e-29,-4.944589591e-28,-0.03204953402
1.36,2.245129361e-30,-6.563213409e-31,-0.03161989117
1.37,3.298902372e-30,-1.028641828e-30,-0.03119179665
1.38,-4.690263521e-30,1.129242094e-30,-0.0307652401
1.39,-7.244399761e-31,-1.920894279e-31,-0.03034021042
1.4,1.946168341e-30,4.730779414e-30,-0.02991669601
1.41,3.894693831e-30,-1.349596664e-30,-0.02949468499
1.42,-4.471993302e-30,-2.338348268e-30,-0.02907416544
1.43,6.566943529e-31,2.24974449e-30,-0.02865512555
1.44,3.649497979e-30,7.002352656e-31,-0.02823755382
1.45,3.436404486e-31,-3.70118593e-30,-0.02782143925
1.46,4.780466944e-32,1.72271267e-31,-0.02740677147
1.47,2.735790974e-30,-1.725923013e-30,-0.02699354083
1.48,2.040384796e-30,-8.704624061e-32,-0.02658173853
1.49,1.714864732e-28,-2.724012011e-29,-0.02617135682
1.5,-5.173791318e-29,6.658985522e-29,-0.02576238871
1.51,-6.02930802e-29,1.221392248e-28,-0.02535482819
1.52,1.335828257e-28,3.599263539e-29,-0.02494867036
1.53,-4.47624829e-29,-4.027007567e-31,-0.02454391136
1.54,6.910124303e-29,-6.781001987e-29,-0.02414054833
1.55,-2.515664108e-30,-1.829422021e-29,-0.02373857937
1.56,-6.83615904e-30,-6.908687695e-29,-0.02333800358
1.57,-1.599110373e-30,-9.531925218e-29,-0.02293882093
1.58,-1.185724721e-28,-4.092055272e-29,-0.02254103228
1.59,-2.83822249e-29,1.165714775e-29,-0.0221446393
1.6,4.230446796e-29,-1.040466674e-28,-0.02174964442
1.61,2.804840758e-28,-1.838910056e-28,-0.02135605078
1.62,1.545074523e-30,-2.573853021e-30,-0.020963862
1.63,1.892191021e-30,-1.405096037e-30,-0.0205730826
1.64,-5.413432658e-30,6.216703979e-31,-0.02018371754
1.65,-7.901167707e-31,1.621712643e-30,-0.01979577221
1.66,2.405788614e-30,-6.703958566e-31,-0.01940925244
1.67,-2.741845562e-30,-1.451434605e-30,-0.01902416442
1.68,4.338715437e-30,7.799934324e-31,-0.01864051466
1.69,6.638998786e-30,6.284040703e-31,-0.01825830999
1.7,3.644722544e-30,-2.817881836e-30,-0.01787755745
1.71,1.000282785e-30,2.757391598e-30,-0.01749826427
1.72,2.135912015e-30,-5.356857272e-30,-0.01712043788
1.73,-6.150136754e-30,8.348917115e-30,-0.01674408581
1.74,2.44390938e-30,-2.278594586e-30,-0.01636921567
1.75,3.329994743e-30,-1.720139391e-30,-0.01599583518
1.76,4.152337174e-30,9.475988948e-30,-0.01562395206
1.77,-3.522123062e-30,1.03535133e-30,-0.01525357406
1.78,-3.886364977e-30,2.328353472e-30,-0.01488470893
1.79,3.002587742e-30,-4.339091091e-30,-0.01451736438
1.8,1.450752099e-31,5.697251707e-30,-0.01415154808
1.81,5.9376397e-30,1.618250849e-30,-0.01378726765
1.82,-2.496352669e-30,2.39351479e-30,-0.01342453063
1.83,1.683226512e-30,8.8902959e-32,-0.01306334446
1.84,-4.608882469e-30,-2.757906681e-30,-0.01270371651
1.85,6.092388733e-31,-1.857789084e-30,-0.01234565403
1.86,1.55032833e-30,-6.43300832e-30,-0.01198916415
1.87,-1.924861213e-30,-3.40867822e-30,-0.01163425391
1.88,4.085124013e-31,-7.459352362e-30,-0.01128093019
1.89,-1.801572212e-30,-3.857468473e-30,-0.01092919975
1.9,6.828054875e-30,-2.857831248e-30,-0.01057906923
1.91,8.105123512e-30,-1.827433389e-30,-0.01023054512
1.92,-6.155415935e-30,8.885574177e-30,-0.009883633773
1.93,-3.092075772e-30,-1.130690839e-30,-0.009538341402
1.94,1.406828923e-30,-3.893107585e-30,-0.009194674076
1.95,-2.338024208e-30,4.246727705e-30,-0.008852637723
1.96,-3.199120845e-30,6.683846282e-31,-0.008512238127
1.97,1.614759506e-30,-2.144476778e-30,-0.00817348093
1.98,8.36528585e-31,-4.664583863e-30,-0.007836371631
1.99,-4.243335538e-30,5.200672125e-30,-0.007500915585
2,1.987643026e-30,3.099536877e-30,-0.007167118011
2.01,9.240355897e-31,3.754849509e-30,-0.006834983985
2.02,2.690319927e-30,5.894405031e-30,-0.006504518447
2.03,4.226456078e-30,-2.25597879e-30,-0.006175726198
2.04,3.672681031e-30,-2.402883739e-30,-0.005848611906
2.05,-6.99444273e-30,1.724329186e-30,-0.005523180108
2.06,4.346762743e-31,8.545303863e-31,-0.005199435206
2.07,-6.704555568e-30,4.154730366e-30,-0.004877381475
2.08,4.000996528e-30,1.644626064e-30,-0.004557023062
2.09,9.568468612e-31,-5.374449897e-30,-0.00423836399
2.1,-2.36908635e-30,1.908019268e-30,-0.003921408157
2.11,-1.73451101e-30,-1.41089169e-30,-0.003606159339
2.12,5.306565007e-31,-1.3556822e-30,-0.003292621196
2.13,5.90491012e-30,9.791906111e-32,-0.002980797266
2.14,-4.10414911e-30,-4.380243771e-32,-0.002670690974
2.15,2.654646617e-30,2.196562864e-30,-0.00236230563
2.16,-2.685492994e-30,1.711182454e-30,-0.002055644432
2.17,1.225148323e-30,-3.513848397e-30,-0.001750710467
2.18,1.951382336e-30,-2.933094026e-30,-0.001447506715
2.19,-4.709375602e-30,-4.206467283e-30,-0.001146036045
2.2,5.931336932e-31,5.150296941e-31,-0.000846301222
2.21,2.720096154e-30,-2.613751501e-30,-0.0005483049071
2.22,-8.317821887e-31,-5.491475118e-31,-0.0002520496564
2.23,5.798746538e-31,-1.52496763e-30,4.246207542e-05
2.24,-2.94923775e-30,3.253330306e-31,0.0003352279351
2.25,-1.552875182e-30,2.39128902e-30,0.0006262456695
2.26,7.790071775e-29,2.115743059e-29,0.0009155131074
2.27,-1.724017837e-28,-5.452660192e-29,0.001203028075
2.28,-1.014209991e-28,-2.466167855e-28,0.001488788772
2.29,4.176304888e-29,1.79908476e-28,0.001772793335
2.3,1.637519787e-28,5.007330284e-29,0.002055039996
2.31,-1.473227051e-29,1.206867351e-28,0.002335527085
2.32,-2.81853428e-28,-2.715829644e-29,0.002614253027
2.33,-1.075580533e-28,-9.613875619e-29,0.002891216342
2.34,-1.821849433e-29,4.953745929e-30,0.003166415644
2.35,-7.526149344e-29,-4.74087733e-29,0.003439849644
2.36,-5.11354543e-29,6.810285824e-29,0.003711517146
2.37,8.908662473e-29,6.350460023e-29,0.003981417049
2.38,-3.784047522e-29,1.702188239e-29,0.004249548347
2.39,-1.304348353e-28,-7.754626628e-29,0.004515910125
2.4,5.299531375e-29,-8.729936241e-29,0.004780501567
2.41,1.009808285e-28,-1.814275619e-28,0.005043321946
2.42,-2.898119313e-29,-2.261351411e-29,0.005304370634
2.43,4.261831814e-29,-6.147954216e-29,0.005563647092
2.44,-5.765696714e-29,-9.054348507e-29,0.005821150879
2.45,1.822327818e-29,2.519052868e-29,0.006076881646
2.46,2.934956784e-29,6.137053752e-29,0.006330839139
2.47,3.153677137e-29,4.830863259e-29,0.006583023197
2.48,3.464768084e-29,2.884655882e-29,0.006833433752
2.49,-2.062730676e-29,1.969813467e-29,0.007082070833
2.5,7.577328447e-29,3.229726654e-29,0.007328934559
2.51,4.531909085e-29,7.311539193e-29,0.007574025145
2.52,9.302566828e-30,-4.606696075e-29,0.007817342896
2.53,4.530059595e-29,2.086498915e-29,0.008058888213
2.54,8.002114764e-30,-3.385144028e-29,0.008298661588
2.55,-2.364982777e-30,-1.342349388e-29,0.008536663604
2.56,5.753098785e-30,1.154634072e-29,0.008772894938
2.57,-9.961164673e-30,-1.764947179e-29,0.009007356356
2.58,8.439330577e-30,-1.465742706e-29,0.009240048715
2.59,1.769603227e-29,-5.380268374e-30,0.009470972961
2.6,-5.035184761e-30,-8.223280605e-31,0.009700130131
2.61,4.843699195e-31,2.63772141e-31,0.009927521349
2.62,-1.641883706e-30,-5.682246239e-30,0.01015314782
2.63,-2.273730497e-30,2.625120048e-30,0.01037701086
2.64,2.11096692e-31,1.998549288e-30,0.01059911183
2.65,-7.416933899e-31,3.628536977e-31,0.0108194522
2.66,6.869696242e-31,-2.641088228e-30,0.01103803354
2.67,3.26559004e-30,-4.582582429e-31,0.01125485746
2.68,1.453385518e-30,2.821596259e-30,0.01146992568
2.69,-4.272894893e-30,-1.43236487e-30,0.01168324
2.7,-9.678321167e-30,5.701385088e-31,0.01189480228
2.71,-3.435834817e-30,-1.485428137e-30,0.01210461447
2.72,-3.144623856e-30,-2.79954122e-30,0.01231267861
2.73,-4.89181485e-30,1.205502613e-29,0.01251899677
2.74,1.024121469e-29,3.797399243e-31,0.01272357114
2.75,-9.088178431e-30,-2.358746974e-31,0.01292640396
2.76,2.338988221e-29,7.619505765e-30,0.01312749753
2.77,-2.798617847e-30,-4.383241419e-30,0.01332685425
2.78,1.383590057e-30,7.924954109e-31,0.01352447654
2.79,2.971439393e-30,2.432470758e-29,0.01372036694
2.8,2.019771563e-30,-3.468465721e-29,0.013914528
2.81,5.841569895e-30,-3.748935228e-30,0.01410696238
2.82,-2.675970523e-29,-1.518206441e-29,0.01429767278
2.83,-2.168321856e-29,-4.299538722e-29,0.01448666194
2.84,3.861729177e-29,1.499618596e-29,0.0146739327
2.85,1.335212103e-29,-2.642330834e-30,0.01485948792
2.86,2.738526579e-30,-9.172226685e-30,0.01504333054
2.87,4.97298442e-30,-2.602566012e-29,0.01522546354
2.88,-1.034960647e-29,-2.243967147e-30,0.01540588997
2.89,-1.880407385e-29,-3.216986165e-29,0.0155846129
2.9,2.657598891e-29,3.490576046e-31,0.0157616355
2.91,4.184012078e-30,-1.930027875e-30,0.01593696093
2.92,2.587981824e-29,2.49700974e-29,0.01611059246
2.93,8.743609513e-30,1.552322493e-29,0.01628253335
2.94,1.235529085e-29,5.741338633e-30,0.01645278694
2.95,-1.361140537e-29,2.618964274e-29,0.01662135662
2.96,-4.057412303e-30,-5.662455561e-30,0.01678824581
2.97,7.774494768e-31,-1.314371031e-29,0.01695345796
2.98,7.487114754e-30,-9.524236697e-30,0.0171169966
2.99,4.05785254e-30,-1.91559162e-29,0.01727886527
3,8.262225562e-30,1.037461242e-29,0.01743906756
