#Exudyn implicit second order time integration sensor output file
#measure Body number = 4
#OutputVariableType = Rotation
#simulation started = 2025-07-23,19:04:50
#columns contain: time, comma separated sensor values (e.g, x,y,z position coordinates)
#number of sensor values = 3
#Exudyn version = 1.10.0; Python3.13.2; Windows AVX2 FLOAT64
#
0,-0,0,-0
0.01,6.212971317e-32,-2.384107095e-36,5.934097453e-05
0.02,-3.291133248e-32,1.740158209e-35,0.000440193218
0.03,1.209939259e-31,-1.472580746e-34,0.00123058877
0.04,3.202353299e-31,-4.97708576e-33,0.002442448056
0.05,4.372276389e-31,-6.480886304e-33,0.004077458618
0.06,4.901673755e-31,-6.450813494e-33,0.006134990169
0.07,6.058851034e-31,-9.966787695e-33,0.008613079956
0.08,6.468015093e-31,1.951084974e-32,0.01150864427
0.09,7.356662843e-31,2.524594475e-32,0.01481759482
0.1,7.136528287e-31,1.910838366e-33,0.01853493485
0.11,8.215687818e-31,3.481878192e-32,0.02265484438
0.12,5.274009431e-31,9.926426877e-33,0.02717075629
0.13,6.556861833e-31,4.347217768e-32,0.03207542448
0.14,5.958811966e-31,9.948450493e-32,0.0373609849
0.15,7.386623602e-31,1.28767e-31,0.04301901031
0.16,7.467562371e-31,2.495464827e-31,0.04904055962
0.17,6.699496242e-31,1.489466925e-31,0.05541622222
0.18,6.800822197e-31,2.595613647e-31,0.06213615824
0.19,6.012896192e-31,2.278218531e-31,0.06919013503
0.2,6.71104031e-31,3.457583963e-31,0.07656756052
0.21,6.839745393e-31,3.965836142e-31,0.08425751385
0.22,6.463079302e-31,3.724768871e-31,0.09224877363
0.23,7.023485918e-31,4.515577103e-31,0.1005298443
0.24,7.696691404e-31,3.744179547e-31,0.1090889808
0.25,7.635180684e-31,3.292801955e-31,0.1179142119
0.26,6.56821002e-31,3.310584896e-31,0.126993362
0.27,6.9050137e-31,6.313229497e-31,0.1363140731
0.28,6.654566798e-31,6.02152698e-31,0.1458638246
0.29,5.776379166e-31,6.166716292e-31,0.1556299532
0.3,5.526398482e-31,7.245670096e-31,0.165599673
0.31,5.424334418e-31,6.246320388e-31,0.1757600937
0.32,5.225542871e-31,4.624096432e-31,0.1860982399
0.33,5.961935731e-31,3.905594544e-31,0.1966010698
0.34,7.288559552e-31,3.485491268e-31,0.2072554931
0.35,6.954684062e-31,2.152907302e-31,0.21804839
0.36,6.297392241e-31,1.482559638e-31,0.2289666289
0.37,5.803054464e-31,1.675948362e-31,0.2399970847
0.38,5.813665582e-31,1.957038811e-31,0.2511266573
0.39,5.842256991e-31,2.443156076e-31,0.2623422889
0.4,5.709422223e-31,2.18446743e-31,0.2736309824
0.41,5.651060351e-31,2.293951401e-31,0.2849798191
0.42,4.658916269e-31,1.479440518e-31,0.296375976
0.43,4.435767774e-31,1.018409571e-31,0.3078067436
0.44,3.611150754e-31,5.841545245e-32,0.3192595425
0.45,3.701781195e-31,6.914033365e-32,0.3307219408
0.46,3.390336347e-31,3.223720905e-32,0.3421816703
0.47,2.250598815e-31,8.363236411e-32,0.3536266426
0.48,1.652354477e-31,-3.146387491e-31,0.3650449644
0.49,3.383948916e-32,-4.60203848e-31,0.3764249533
0.5,-1.007986909e-31,-5.818603685e-31,0.3877551515
0.51,-4.693789341e-31,-8.007164805e-31,0.3990243404
0.52,-6.020324165e-31,-7.872760702e-31,0.410221553
0.53,-6.242361745e-31,-8.185685392e-31,0.4213360869
0.54,-6.051935013e-31,-8.402395511e-31,0.4323575152
0.55,-6.264931896e-31,-8.176703031e-31,0.4432756977
0.56,-7.832277645e-31,-8.043583381e-31,0.4540807904
0.57,-7.422575073e-31,-7.655340704e-31,0.4647632541
0.58,-9.987003331e-31,-6.654432166e-31,0.475313862
0.59,-9.954884047e-31,-5.886561238e-31,0.4857237067
0.6,-9.647323991e-31,-5.461100596e-31,0.495984205
0.61,-9.823113586e-31,-5.431078749e-31,0.5060871026
0.62,-9.602776131e-31,-5.797699127e-31,0.5160244771
0.63,-9.938740317e-31,-5.28071582e-31,0.5257887396
0.64,-1.002736002e-30,-6.432729279e-31,0.5353726355
0.65,-1.067514534e-30,-6.371388148e-31,0.5447692437
0.66,-1.237838618e-30,-5.099085995e-31,0.5539719747
0.67,-1.250262407e-30,-5.534096779e-31,0.5629745672
0.68,-1.555796598e-30,-3.145451927e-31,0.5717710836
0.69,-1.768302471e-30,-1.353236589e-31,0.5803559044
0.7,-1.95705691e-30,-1.027036391e-31,0.5887237208
0.71,-1.99287288e-30,1.15397846e-31,0.5968695265
0.72,-2.192616555e-30,3.964049934e-31,0.6047886084
0.73,-2.24347797e-30,8.026386239e-31,0.6124765353
0.74,-2.244457447e-30,8.226149399e-31,0.6199291465
0.75,-2.445148181e-30,9.250236091e-31,0.6271425387
0.76,-2.454638842e-30,8.365893474e-31,0.6341130516
0.77,-2.489614367e-30,8.807545967e-31,0.6408372529
0.78,-2.596009958e-30,7.807172724e-31,0.6473119225
0.79,-2.736939125e-30,1.022258741e-30,0.653534035
0.8,-2.702037358e-30,3.863431135e-31,0.6595007418
0.81,-2.792558067e-30,1.18441265e-31,0.6652093528
0.82,-2.709089831e-30,2.018974829e-31,0.6706573163
0.83,-2.633478707e-30,-2.242503964e-31,0.6758421995
0.84,-2.777337376e-30,1.316244734e-31,0.6807616671
0.85,-2.684399144e-30,7.760763004e-31,0.6854134601
0.86,-2.690480262e-30,7.4584486e-31,0.6897953744
0.87,-2.627605684e-30,1.764930685e-30,0.6939052381
0.88,-2.430632548e-30,1.639489709e-30,0.697740889
0.89,-2.308725643e-30,1.847088171e-30,0.701300152
0.9,-2.338005008e-30,2.6459263e-30,0.7045808161
0.91,-2.288845517e-30,2.371237532e-30,0.707580611
0.92,-2.196495448e-30,2.384668012e-30,0.7102971841
0.93,-1.934107656e-30,2.455958654e-30,0.7127280774
0.94,-1.820412299e-30,2.695560117e-30,0.7148707047
0.95,-1.838191655e-30,2.884894131e-30,0.7167223285
0.96,-1.863702945e-30,3.101408281e-30,0.7182800376
0.97,2.565262033e-30,2.547481549e-30,0.7195686288
0.98,3.754072704e-30,1.056664368e-30,0.723822085
0.99,3.87498002e-30,-5.43958519e-31,0.7281499392
1,2.942953967e-30,-1.968258046e-30,0.7288489941
1.01,1.675284173e-30,-2.575042079e-30,0.7270776553
1.02,3.246964459e-31,-2.704376217e-30,0.7244210853
1.03,-7.593701545e-31,-2.270812516e-30,0.7218498941
1.04,-1.546574416e-30,-1.502923028e-30,0.7198608299
1.05,-2.010900733e-30,-6.214183842e-31,0.7185979014
1.06,-2.201530902e-30,2.107810126e-31,0.7179994723
1.07,-2.169734922e-30,9.906060356e-31,0.7179167994
1.08,-1.931856656e-30,1.727472947e-30,0.7181867615
1.09,-1.636578405e-30,2.317540942e-30,0.7186672091
1.1,-1.25624346e-30,2.811405976e-30,0.7192489176
1.11,-8.400018247e-31,3.169215795e-30,0.7198553765
1.12,-4.310178409e-31,3.362796757e-30,0.7204374803
1.13,-3.58023751e-32,3.526886191e-30,0.720966938
1.14,3.577951055e-31,3.650814064e-30,0.721430177
1.15,6.973188635e-31,3.702402532e-30,0.72182339
1.16,1.004605479e-30,3.712110212e-30,0.7221488134
1.17,1.398839558e-30,3.730311046e-30,0.7224120866
1.18,3.056695906e-30,3.528673839e-30,0.722620469
1.19,3.757624412e-30,3.677074826e-30,0.7227816952
1.2,3.53963033e-30,4.024859741e-30,0.7229032836
1.21,4.451627845e-30,3.742329466e-30,0.7229921527
1.22,4.801599679e-30,3.653040861e-30,0.7230544415
1.23,5.304730262e-30,3.713339321e-30,0.7230954557
1.24,5.27879004e-30,3.147961294e-30,0.7231196908
1.25,5.304641842e-30,3.022333191e-30,0.723130895
1.26,5.122426445e-30,2.778372758e-30,0.7231321526
1.27,5.561185461e-30,2.638065167e-30,0.7231259723
1.28,5.303803305e-30,2.402784091e-30,0.7231143726
1.29,5.502152169e-30,2.328254602e-30,0.7230989615
1.3,5.664810616e-30,2.19559291e-30,0.7230810064
1.31,5.713866566e-30,1.99443501e-30,0.7230614954
1.32,5.602175962e-30,1.853920906e-30,0.7230411896
1.33,5.795686744e-30,1.796577496e-30,0.7230206665
1.34,5.926571404e-30,1.664601555e-30,0.7230003569
1.35,5.981273288e-30,1.608957319e-30,0.7229805746
1.36,6.177792579e-30,1.57048743e-30,0.7229615413
1.37,6.180280851e-30,1.465302757e-30,0.7229434065
1.38,6.222669593e-30,1.426596464e-30,0.7229262638
1.39,6.315017225e-30,1.378481861e-30,0.7229101637
1.4,6.255376775e-30,1.31938253e-30,0.7228951242
1.41,6.33980737e-30,1.275735556e-30,0.7228811392
1.42,6.359498091e-30,1.244152405e-30,0.7228681846
1.43,6.335411168e-30,1.204390595e-30,0.7228562238
1.44,6.28990352e-30,1.173639899e-30,0.7228452119
1.45,6.363865208e-30,1.150089895e-30,0.7228350982
1.46,6.391916727e-30,1.127044047e-30,0.7228258292
1.47,6.346553528e-30,1.102443507e-30,0.72281735
1.48,6.352554197e-30,1.080269145e-30,0.7228096058
1.49,6.386317291e-30,1.061427571e-30,0.7228025429
1.5,6.390432255e-30,1.043614168e-30,0.7227961095
1.51,6.393137487e-30,1.027784539e-30,0.7227902558
1.52,6.392435758e-30,1.016649644e-30,0.7227849348
1.53,6.378125619e-30,1.001554563e-30,0.7227801022
1.54,6.393302122e-30,9.886403347e-31,0.7227757166
1.55,4.877962828e-30,-8.457313717e-31,0.7235889647
1.56,3.667791555e-30,-4.987415919e-30,0.7280333065
1.57,6.957373368e-31,-8.121829753e-30,0.730218198
1.58,-3.245525871e-30,-9.142380702e-30,0.7294085308
1.59,-6.785414623e-30,-8.236031395e-30,0.7269929578
1.6,-9.456440949e-30,-6.258469898e-30,0.7241901372
1.61,-1.105331392e-29,-3.674639723e-30,0.7217506604
1.62,-1.155875291e-29,-9.733995643e-31,0.7199979956
1.63,-1.135145817e-29,1.532585805e-30,0.718968053
1.64,-1.039445633e-29,3.535265223e-30,0.7185487964
1.65,-9.132723166e-30,5.143988322e-30,0.7185784989
1.66,-7.71177862e-30,6.284107232e-30,0.7189003014
1.67,-6.254334235e-30,7.026559715e-30,0.7193856324
1.68,-4.833149309e-30,7.485432701e-30,0.7199397058
1.69,-3.502242908e-30,7.706371705e-30,0.7204984445
1.7,-2.281217164e-30,7.7094147e-30,0.7210223018
1.71,-1.212575007e-30,7.533869209e-30,0.7214897655
1.72,-2.779505766e-31,7.25112149e-30,0.7218917347
1.73,5.277922761e-31,6.924607667e-30,0.7222271197
1.74,1.247351331e-30,6.534069604e-30,0.7224996218
1.75,1.80545495e-30,7.185633282e-30,0.7227154976
1.76,3.152713449e-30,6.662351706e-30,0.7228820805
1.77,3.07115866e-30,6.410823289e-30,0.723006853
1.78,3.822682799e-30,6.63671943e-30,0.723096904
1.79,4.187311877e-30,6.195432743e-30,0.7231586441
1.8,4.271092657e-30,5.70035141e-30,0.7231976869
1.81,4.615015504e-30,5.504190842e-30,0.7232188319
1.82,5.165295077e-30,5.462414655e-30,0.7232261075
1.83,4.984253022e-30,5.071171039e-30,0.7232228431
1.84,5.258869592e-30,4.607724551e-30,0.7232117544
1.85,5.336978542e-30,4.455869178e-30,0.7231950304
1.86,5.564057245e-30,4.29342579e-30,0.7231744153
1.87,5.751587942e-30,4.134223249e-30,0.723151283
1.88,5.68921058e-30,3.969178357e-30,0.7231267027
1.89,5.736051698e-30,3.73425712e-30,0.723101495
1.9,5.654894483e-30,3.581235431e-30,0.7230762796
1.91,5.378021039e-30,3.410634477e-30,0.7230515154
1.92,5.495398027e-30,3.292397971e-30,0.723027533
1.93,5.677057885e-30,3.176627425e-30,0.7230045624
1.94,5.843813118e-30,3.071571635e-30,0.7229827544
1.95,5.776430067e-30,2.992933251e-30,0.7229621991
1.96,5.866069503e-30,2.891082279e-30,0.7229429396
1.97,5.886708724e-30,2.811372597e-30,0.7229249843
1.98,5.937209005e-30,2.748343818e-30,0.722908315
1.99,5.979297744e-30,2.693935227e-30,0.7228928952
2,6.041886365e-30,2.639252453e-30,0.7228786749
2.01,6.032021373e-30,2.589794082e-30,0.7228655955
2.02,6.10382929e-30,2.54333731e-30,0.7228535931
2.03,6.155195921e-30,2.495060473e-30,0.7228426008
2.04,6.161381138e-30,2.454989846e-30,0.7228325513
2.05,6.159353769e-30,2.422392136e-30,0.7228233777
2.06,6.198913817e-30,2.393519215e-30,0.7228150148
2.07,6.210837743e-30,2.36289476e-30,0.7228074
2.08,6.226682848e-30,2.339077716e-30,0.7228004737
2.09,6.195603047e-30,2.313157888e-30,0.7227941793
2.1,6.200786289e-30,2.296187735e-30,0.7227884639
2.11,6.213204725e-30,2.272337004e-30,0.722783278
2.12,5.314561025e-30,2.354156567e-30,0.7227799175
2.13,2.54972363e-30,-1.546238859e-30,0.725535766
2.14,1.792381882e-31,-5.515078484e-30,0.7294554729
2.15,-3.572877867e-30,-7.2787566e-30,0.7301493285
2.16,-7.253791273e-30,-7.358600105e-30,0.7284405103
2.17,-1.018411522e-29,-5.669421783e-30,0.7257264159
2.18,-1.205209073e-29,-3.298102921e-30,0.7230221863
2.19,-1.285275991e-29,-6.834678562e-31,0.7208722574
2.2,-1.287755481e-29,1.775725074e-30,0.7194518298
2.21,-1.211882535e-29,3.909399627e-30,0.7187150508
2.22,-1.103207565e-29,5.687079313e-30,0.7185181929
2.23,-9.78571228e-30,6.970051207e-30,0.7186971684
2.24,-8.385512788e-30,7.772891315e-30,0.7191062881
2.25,-6.992520438e-30,8.306414545e-30,0.719632182
2.26,-5.683621209e-30,8.497974808e-30,0.7201945378
2.27,-4.485257595e-30,8.524991486e-30,0.7207411406
2.28,-3.406192592e-30,8.394510814e-30,0.7212413247
2.29,-2.448618544e-30,8.147196666e-30,0.7216797863
2.3,-1.608610065e-30,7.825770034e-30,0.7220514986
2.31,-8.951893484e-31,7.457398158e-30,0.7223578614
2.32,-7.003498639e-32,7.188001949e-30,0.7226039512
2.33,1.749244895e-30,6.887064408e-30,0.722796654
2.34,2.354099711e-30,6.96713871e-30,0.7229434579
2.35,2.894994906e-30,6.621044109e-30,0.7230517171
2.36,4.853992199e-30,5.737413221e-30,0.7231282382
2.37,5.510393537e-30,4.77877658e-30,0.7231790802
2.38,5.648292414e-30,3.896370636e-30,0.7232094875
2.39,6.324420964e-30,3.188212496e-30,0.7232239048
2.4,6.313677128e-30,2.754670213e-30,0.7232260354
2.41,6.101940654e-30,2.238448445e-30,0.7232189216
2.42,6.117713807e-30,1.837771896e-30,0.7232050311
2.43,5.713136114e-30,1.51478586e-30,0.7231863429
2.44,5.872418077e-30,1.05241645e-30,0.7231644255
2.45,5.867441103e-30,7.232286815e-31,0.7231405081
2.46,5.827340036e-30,5.088839567e-31,0.7231155414
2.47,5.894504882e-30,2.938846134e-31,0.7230902499
2.48,5.691336683e-30,1.031716085e-31,0.7230651764
2.49,5.83330461e-30,-7.13296802e-32,0.7230407181
2.5,5.982476236e-30,-2.059842465e-31,0.7230171574
2.51,6.017746838e-30,-3.55673077e-31,0.7229946859
2.52,6.201806668e-30,-4.72490093e-31,0.7229734251
2.53,6.12237612e-30,-5.855251628e-31,0.7229534422
2.54,6.102479565e-30,-6.797675021e-31,0.7229347634
2.55,6.183105283e-30,-7.863156899e-31,0.722917384
2.56,6.181167603e-30,-8.74988089e-31,0.7229012768
2.57,6.151418777e-30,-9.420444946e-31,0.7228863984
2.58,6.179975766e-30,-1.006261825e-30,0.7228726946
2.59,6.190416385e-30,-1.068630825e-30,0.7228601038
2.6,6.222113978e-30,-1.11994352e-30,0.7228485605
2.61,6.290370753e-30,-1.154585083e-30,0.7228379975
2.62,6.288911413e-30,-1.199153015e-30,0.7228283472
2.63,6.287671759e-30,-1.232146087e-30,0.7228195436
2.64,6.243116961e-30,-1.258765857e-30,0.7228115225
2.65,6.249076267e-30,-1.288710038e-30,0.7228042224
2.66,6.264746884e-30,-1.317012408e-30,0.7227975852
2.67,6.222906587e-30,-1.335799766e-30,0.7227915559
2.68,6.259381905e-30,-1.356680715e-30,0.722786083
2.69,6.253018634e-30,-1.387513739e-30,0.7227811186
2.7,1.373325282e-29,-3.528303384e-30,0.723292212
2.71,1.062406218e-29,-1.090871102e-29,0.7276302837
2.72,3.315592957e-30,-1.534372355e-29,0.7301577125
2.73,-4.294168406e-30,-1.530387912e-29,0.7295887034
2.74,-1.047398395e-29,-1.224799637e-29,0.7272715898
2.75,-1.438310554e-29,-7.337940039e-30,0.7244654939
2.76,-1.59164739e-29,-1.944955128e-30,0.7219687848
2.77,-1.557817805e-29,3.075337861e-30,0.7201420268
2.78,-1.390525192e-29,7.337259936e-30,0.7190431115
2.79,-1.141667584e-29,1.056164876e-29,0.7185695915
2.8,-8.496265327e-30,1.281796195e-29,0.7185616134
2.81,-5.497331599e-30,1.420745474e-29,0.718860376
2.82,-2.589327428e-30,1.486830077e-29,0.7193340216
2.83,1.3527577e-31,1.497115752e-29,0.7198844346
2.84,2.56566615e-30,1.463867386e-29,0.7204447205
2.85,4.690415653e-30,1.401415582e-29,0.7209731781
2.86,6.528882326e-30,1.322537623e-29,0.7214467623
2.87,8.074540626e-30,1.231205862e-29,0.7218553484
2.88,9.37214823e-30,1.133431256e-29,0.7221972075
2.89,1.044161636e-29,1.031643371e-29,0.722475676
2.9,1.21953805e-29,9.95338565e-30,0.7226968315
2.91,1.273262429e-29,8.804047626e-30,0.7228679483
2.92,1.183398e-29,7.32530341e-30,0.7229965229
2.93,1.224838598e-29,6.684262012e-30,0.7230896994
2.94,1.246817418e-29,6.127475694e-30,0.7231539633
2.95,1.291472889e-29,5.969582103e-30,0.7231950094
2.96,1.360118143e-29,5.02747841e-30,0.7232177171
2.97,1.334158865e-29,4.517448405e-30,0.7232261885
2.98,1.374300752e-29,3.845889473e-30,0.723223819
2.99,1.403377818e-29,3.438281181e-30,0.7232133814
3,1.421978839e-29,2.875746385e-30,0.7231971132
