#Exudyn implicit second order time integration sensor output file
#measure Body number = 4
#OutputVariableType = AngularVelocity
#simulation started = 2025-07-23,20:36:32
#columns contain: time, comma separated sensor values (e.g, x,y,z position coordinates)
#number of sensor values = 3
#Exudyn version = 1.10.0; Python3.13.2; Windows AVX2 FLOAT64
#
0,0,0,0
0.01,-1.567253095e-28,9.662076107e-32,-0.004744553172
0.02,2.50549884e-35,-7.669648509e-32,0.05217559096
0.03,1.757885377e-28,2.242573203e-31,0.1108060198
0.04,-5.260340016e-28,3.208900552e-30,0.1694120529
0.05,-3.488519754e-28,-2.712456253e-30,0.2277869881
0.06,-3.461465191e-28,1.165064721e-31,0.2857791691
0.07,1.713978578e-28,9.39593233e-30,0.3432520753
0.08,1.685171865e-28,2.565518128e-29,0.4000817599
0.09,-8.404381687e-31,2.173107484e-29,0.4561554076
0.1,-1.636781752e-28,-1.816672025e-29,0.5113700637
0.11,3.247998262e-28,-3.951132581e-29,0.5656315
0.12,1.627296914e-28,-6.769854383e-29,0.6188532073
0.13,1.504103191e-28,5.072464464e-29,0.6709555053
0.14,-2.981218606e-28,-4.763942584e-29,0.7218647616
0.15,-4.382054701e-28,-4.94588358e-29,0.7715127101
0.16,2.959557115e-28,-6.933989825e-29,0.8198358619
0.17,-2.848383069e-28,2.831234285e-29,0.8667749991
0.18,1.263477629e-28,5.155433408e-29,0.9122747452
0.19,-1.400381391e-28,4.000434612e-29,0.9562832046
0.2,-1.875071125e-29,8.976653131e-29,0.9987516632
0.21,-1.446234555e-28,8.90850876e-29,1.039634345
0.22,3.346686513e-28,8.018880175e-29,1.078888219
0.23,5.75822355e-28,-1.795086274e-29,1.116472847
0.24,3.036676629e-28,8.724067582e-29,1.152350276
0.25,-2.68765423e-28,-1.387678823e-28,1.186484954
0.26,4.801036867e-28,6.417262314e-29,1.21884369
0.27,1.315612853e-28,-9.671207731e-29,1.249395628
0.28,2.044686689e-28,-5.240454322e-29,1.278112245
0.29,-1.760833521e-28,1.033997327e-29,1.304967376
0.3,-3.494894195e-28,-1.241839852e-28,1.329937247
0.31,2.143767694e-28,3.200387457e-29,1.353000526
0.32,-7.191571463e-29,-8.150388834e-31,1.374138387
0.33,5.145310379e-29,3.015436413e-29,1.393334581
0.34,1.028871248e-28,1.881417384e-28,1.410575521
0.35,7.977670276e-29,5.334665808e-29,1.425850373
0.36,6.727498913e-29,-5.553387516e-29,1.439151148
0.37,1.590096147e-28,-1.145648784e-28,1.450472808
0.38,7.315407175e-29,1.639969473e-29,1.459813369
0.39,-7.455708084e-28,3.341643236e-27,1.467174029
0.4,1.317386726e-27,-2.416521569e-27,1.472559209
0.41,1.282369134e-27,-2.154102391e-28,1.475976775
0.42,-2.897802229e-27,1.701545779e-27,1.477438074
0.43,-7.153180612e-28,-8.633342035e-28,1.476958064
0.44,-5.145577871e-28,-1.097077895e-27,1.47455542
0.45,5.352820328e-29,2.522681565e-28,1.470252637
0.46,1.259851407e-28,-2.166021748e-28,1.464076121
0.47,-1.955916852e-28,2.64523703e-28,1.456056275
0.48,3.681396579e-28,-5.843338314e-28,1.446227572
0.49,-1.094952578e-28,-1.425785004e-28,1.434628605
0.5,-8.236885669e-28,1.889600571e-27,1.421302128
0.51,1.408361661e-27,7.481680252e-28,1.406295069
0.52,1.733446681e-27,1.3559746e-27,1.389658519
0.53,-1.170032916e-27,1.809218995e-28,1.371447692
0.54,-2.906333253e-27,-1.044890391e-27,1.351721853
0.55,3.213237053e-27,-2.855271143e-27,1.330544205
0.56,-3.149459931e-27,-3.094931041e-27,1.307981746
0.57,2.841540125e-27,-2.978644333e-28,1.284105077
0.58,1.810328417e-27,-7.778517843e-27,1.258988167
0.59,5.893875254e-28,1.483418072e-26,1.232708079
0.6,-4.172219129e-27,-1.061800676e-26,1.205344638
0.61,-8.255475665e-28,-1.938206908e-27,1.176980068
0.62,-1.545992523e-27,-8.181458897e-27,1.147698572
0.63,2.395851503e-27,-5.550189071e-27,1.11758588
0.64,-1.112245942e-27,-1.092938325e-27,1.086728748
0.65,-7.854826508e-28,-5.214631386e-27,1.055214436
0.66,6.241908743e-27,1.229397233e-26,1.023130147
0.67,-4.655196543e-28,-8.743478949e-29,0.9905624563
0.68,-1.849132164e-28,-2.257632778e-28,0.9575967334
0.69,-1.32026983e-28,6.450304348e-29,0.9243164494
0.7,-1.198818415e-28,-1.784060524e-29,0.8908027566
0.71,-3.190162448e-28,2.596677759e-28,0.8571337892
0.72,-2.659415477e-28,2.226586028e-28,0.8233841366
0.73,-1.714401762e-28,1.406580023e-28,0.7896243191
0.74,-3.678111652e-28,-2.380709578e-28,0.755920301
0.75,-1.086539348e-28,1.011619972e-28,0.7223330501
0.76,-3.986180869e-28,-2.867513324e-28,0.6889181473
0.77,-2.176669433e-28,5.89470511e-29,0.6557254541
0.78,-2.975018237e-28,-2.951898694e-29,0.6227988386
0.79,-7.341162241e-29,-7.910526164e-29,0.5901759627
0.8,-1.096821481e-28,-3.352679083e-29,0.557888131
0.81,-3.535517952e-28,2.394900169e-28,0.5259601996
0.82,-3.983934978e-29,9.503061785e-29,0.4944105416
0.83,-9.031438218e-29,-2.157104082e-28,0.4632510671
0.84,-3.810285728e-28,1.10824522e-28,0.4324872908
0.85,-2.02207857e-28,-7.628107389e-29,0.4021184429
0.86,-2.990822779e-28,-3.393404282e-28,0.3721376164
0.87,-2.918455103e-28,4.221182381e-28,0.3425319442
0.88,2.229012108e-29,2.691988927e-28,0.3132827991
0.89,-4.708866668e-29,-2.22108361e-28,0.2843660106
0.9,-3.747330262e-28,1.614024881e-28,0.2557520907
0.91,-3.121069197e-28,2.934763056e-28,0.2274064648
0.92,1.407907367e-28,1.71074651e-28,0.1992897
0.93,2.607183199e-28,-1.573001006e-28,0.1713577276
0.94,-1.020527108e-29,3.662798244e-28,0.1435620555
0.95,-1.169432966e-28,-4.971341978e-28,0.1158499665
0.96,-4.181084296e-28,2.645511607e-28,0.0881647009
0.97,1.534431898e-28,-1.990043853e-28,0.06044562202
0.98,1.6201671e-28,-2.0073617e-28,0.03262836263
0.99,-1.197837381e-30,1.013890872e-31,0.004644953699
