#Exudyn implicit second order time integration sensor output file
#measure Body number = 2
#OutputVariableType = Rotation
#simulation started = 2025-07-24,04:07:45
#columns contain: time, comma separated sensor values (e.g, x,y,z position coordinates)
#number of sensor values = 3
#Exudyn version = 1.10.0; Python3.13.2; Windows AVX2 FLOAT64
#
0,-0,0,-0
0.01,1.804392342e-31,-1.979242302e-34,0.001114627335
0.02,1.353103611e-31,-6.203252609e-34,0.003161084546
0.03,1.028376401e-31,-1.493910483e-33,0.005666266838
0.04,1.706372867e-31,-1.627144196e-33,0.008595731073
0.05,9.502445402e-32,-2.00633598e-33,0.01195918947
0.06,9.408865682e-32,-1.227323536e-33,0.01576824329
0.07,1.221237644e-31,-3.63687578e-34,0.02003208398
0.08,1.56251557e-31,3.035397707e-33,0.02475728739
0.09,2.099405154e-31,4.133173959e-33,0.02994802704
0.1,2.340993005e-31,3.880771547e-33,0.03560631001
0.11,2.268072102e-31,4.719146642e-33,0.04173219465
0.12,2.478112135e-31,4.993098213e-33,0.04832398759
0.13,2.142267141e-31,-2.644815254e-33,0.05537842194
0.14,2.230298272e-31,4.192172048e-33,0.06289081821
0.15,2.342817764e-31,2.35478687e-33,0.07085522986
0.16,2.513273146e-31,8.265803619e-33,0.07926457499
0.17,2.584933997e-31,2.155359686e-32,0.08811075539
0.18,2.196733357e-31,1.944346092e-32,0.09738476445
0.19,2.683205687e-31,4.288949713e-32,0.1070767848
0.2,3.035297006e-31,5.101046998e-32,0.117176277
0.21,3.424900464e-31,5.399917029e-32,0.1276720595
0.22,3.425955461e-31,4.78684012e-32,0.1385523818
0.23,2.946721436e-31,5.426788154e-32,0.1498049904
0.24,2.659983472e-31,5.844767794e-32,0.1614171888
0.25,2.652384611e-31,6.49556593e-32,0.1733758924
0.26,2.745867725e-31,8.215774324e-32,0.1856676778
0.27,2.796452697e-31,6.29742084e-32,0.1982788283
0.28,2.941419618e-31,5.774899474e-32,0.2111953748
0.29,3.034888963e-31,5.811277857e-32,0.2244031336
0.3,3.177817779e-31,6.663296779e-32,0.2378877402
0.31,2.887601685e-31,5.331141093e-32,0.2516346812
0.32,2.92512195e-31,5.840207502e-32,0.265629322
0.33,2.789838187e-31,5.459440614e-32,0.2798569335
0.34,2.683126648e-31,6.62157943e-32,0.2943027155
0.35,2.558176633e-31,5.872018679e-32,0.3089518188
0.36,2.695321279e-31,5.308873057e-32,0.3237893647
0.37,2.786375461e-31,5.136617147e-32,0.3388004637
0.38,2.822041039e-31,5.224355045e-32,0.3539702318
0.39,2.787704226e-31,6.492161703e-32,0.3692838062
0.4,2.768894569e-31,7.315141128e-32,0.3847263588
0.41,2.884394338e-31,8.147595881e-32,0.4002831093
0.42,2.826623301e-31,1.707632963e-33,0.4159393368
0.43,2.136159413e-31,-5.95599607e-32,0.4316803908
0.44,5.427361661e-31,-1.021193278e-32,0.4474917004
0.45,3.048679366e-31,-1.392039023e-31,0.4633587839
0.46,5.369680113e-31,-2.15057816e-31,0.4792672564
0.47,4.822996115e-31,-1.317301522e-31,0.4952028375
0.48,5.316510237e-31,-1.159792701e-31,0.5111513579
0.49,5.46345184e-31,-8.654236045e-32,0.5270987658
0.5,6.726868343e-31,-2.687411173e-31,0.5430311318
0.51,8.416937348e-31,-3.601271535e-31,0.5589346544
0.52,1.220167473e-30,-9.347645914e-32,0.5747956642
0.53,1.294835483e-30,4.469027805e-31,0.5906006279
0.54,1.093751461e-30,-3.019743246e-31,0.6063361517
0.55,1.742163026e-30,8.662445897e-32,0.6219889843
0.56,1.729965927e-30,8.083353056e-32,0.6375460198
0.57,1.701393976e-30,8.872281455e-32,0.6529942998
0.58,1.686011546e-30,8.666650433e-32,0.6683210152
0.59,1.681368388e-30,8.94326053e-32,0.6835135079
0.6,1.66769686e-30,1.072358197e-31,0.6985592719
0.61,1.667496196e-30,1.056263459e-31,0.7134459546
0.62,1.656076776e-30,8.536278894e-32,0.7281613569
0.63,1.645544725e-30,7.305243846e-32,0.7426934339
0.64,1.630448895e-30,6.406858074e-32,0.7570302946
0.65,1.625259709e-30,5.779763135e-32,0.7711602024
0.66,1.613852913e-30,6.959181043e-32,0.7850715741
0.67,1.603567579e-30,5.48630853e-32,0.7987529792
0.68,1.590690085e-30,3.629497831e-32,0.8121931397
0.69,1.593289204e-30,6.587657658e-33,0.8253809282
0.7,1.577626236e-30,7.921067994e-33,0.8383053673
0.71,1.569521372e-30,-1.890534633e-32,0.8509556275
0.72,1.593089533e-30,-1.301158575e-32,0.8633210263
0.73,1.561517217e-30,-1.699790156e-32,0.8753910256
0.74,1.520894255e-30,-1.461108298e-32,0.8871552302
0.75,1.518106829e-30,1.259964671e-33,0.8986033856
0.76,1.516699674e-30,9.238823778e-33,0.9097253754
0.77,1.512417372e-30,1.80984394e-32,0.920511219
0.78,1.536924415e-30,1.705464203e-32,0.9309510692
0.79,1.543409569e-30,-4.711843449e-34,0.9410352093
0.8,1.529646443e-30,7.328811767e-33,0.9507540499
0.81,1.48710809e-30,-2.847360672e-32,0.9600981265
0.82,1.469259043e-30,-4.194407617e-32,0.969058096
0.83,1.501880356e-30,-1.650096904e-32,0.9776247337
0.84,1.455062026e-30,-2.110447188e-32,0.9857889296
0.85,1.456620177e-30,6.263359397e-33,0.9935416854
0.86,1.484487789e-30,-4.203012125e-32,1.000874111
0.87,1.505869378e-30,-4.219839975e-34,1.007777419
0.88,1.451610213e-30,-9.869644249e-33,1.014242926
0.89,1.482798947e-30,-3.76240065e-32,1.020262042
0.9,1.510781566e-30,-9.101474649e-32,1.02582627
0.91,1.552311209e-30,-9.040641162e-32,1.030927205
0.92,1.589281331e-30,-7.855981548e-32,1.035556523
0.93,1.61782757e-30,-5.153810537e-32,1.039705984
0.94,1.589002527e-30,-6.732127072e-32,1.04336742
0.95,1.601622373e-30,-8.983327577e-32,1.04653274
0.96,1.561256691e-30,-8.022586513e-32,1.049193918
0.97,1.568618007e-30,-1.426872391e-31,1.051342991
0.98,1.611994596e-30,-1.097686014e-31,1.052972056
0.99,1.558065782e-30,-1.206538165e-31,1.054073263
1,1.581798165e-30,-1.476032621e-31,1.054638812
1.01,1.365707359e-30,-3.499656897e-31,1.054787081
1.02,1.326256135e-30,-1.620995532e-31,1.054844733
1.03,1.390203549e-30,-6.622743133e-32,1.05488852
1.04,1.462909762e-30,-3.522830391e-32,1.054927037
1.05,1.382188697e-30,-1.250801654e-32,1.054961581
1.06,1.420381208e-30,2.431655404e-33,1.054992635
1.07,1.407588272e-30,2.105209074e-32,1.055020559
1.08,1.434843478e-30,7.694659361e-33,1.05504567
1.09,1.42011624e-30,2.005844816e-32,1.055068251
1.1,1.444338376e-30,8.161007801e-34,1.055088557
1.11,1.431389746e-30,2.014517824e-32,1.055106817
1.12,1.444916494e-30,3.353301821e-32,1.055123238
1.13,1.464395355e-30,1.612243831e-32,1.055138004
1.14,1.458071056e-30,-1.161991197e-32,1.055151282
1.15,1.456272335e-30,-3.081016153e-32,1.055163223
1.16,1.454365599e-30,-2.890265279e-32,1.055173961
1.17,1.465327174e-30,-3.534399914e-32,1.055183616
1.18,1.468473901e-30,-3.293103878e-32,1.055192299
1.19,1.477623765e-30,-3.253641303e-32,1.055200108
1.2,1.494853271e-30,-4.70788084e-32,1.055207129
1.21,1.483319766e-30,-5.191177188e-32,1.055213444
1.22,1.483072365e-30,-4.498313264e-32,1.055219122
1.23,1.476382033e-30,-4.454546184e-32,1.055224228
1.24,1.485705933e-30,-4.191851268e-32,1.055228819
1.25,1.490566407e-30,-4.105574331e-32,1.055232948
1.26,1.49206312e-30,-4.215608919e-32,1.055236661
1.27,1.497520829e-30,-4.469650616e-32,1.05524
1.28,1.503448559e-30,-4.583874088e-32,1.055243003
1.29,1.38617218e-30,1.573282532e-32,1.055245703
1.3,1.46947715e-30,-2.5241591e-32,1.055248131
