#Exudyn implicit second order time integration solver solution file
#simulation started=2025-07-25,06:51:22
#columns contain: time, ODE2 displacements, ODE2 velocities, ODE2 accelerations, AE coordinates
#number of system coordinates [nODE2, nODE1, nAlgebraic, nData] = [28,0,24,0]
#number of written coordinates [nODE2, nVel2, nAcc2, nODE1, nVel1, nAlgebraic, nData] = [28,28,28,0,0,24,0]
#total columns exported  (excl. time) = 108
#number of time steps (planned) = 30000
#Exudyn version = 1.10.0; Python3.13.2; Windows AVX2 FLOAT64
#
0,0,0,0,0,0,0,0,0,0,0,0,0,0,0,0,0,0,0,0,0,0,0,0,0,0,0,0,0,0,0,0,0,0,0,0,0,0,0,0,0,0,0,0,0,0,0,0,0,0,0,0,0,0,0,0,0,5.145565306e-20,1.002204976e-12,-4.049655048e-26,0,-9.289734262e-19,-3.182984366e-39,0,4.161507089e-23,1.516714112e-12,-4.049655048e-26,0,8.564410152e-16,8.569006332e-23,19.19840293,2.463330439e-23,-7.871345201,8.348975695e-26,0,8.564410152e-16,8.569006332e-23,0.9439350419,3.731543376e-23,-8.258358569,3.521641572e-23,0,8.564410152e-16,8.569006332e-23,-57467.44776,0,0,0,0,0,0,0,0,0,0,0,0,0,0,0,0,0,0,0,0,0,0,0,0
0.005,3.862819066e-45,4.417602815e-37,1.132803032e-06,-7.01040868e-70,2.605989314e-42,7.493471852e-44,-2.260071106e-72,-1.831022992e-40,7.023497758e-37,1.132803032e-06,-1.389003897e-09,1.030639163e-39,3.863526421e-43,5.270620011e-05,1.138983195e-09,-2.160954202e-05,1.132803032e-06,-3.433828324e-07,1.631253796e-40,1.220021173e-42,-0.0008284678967,2.827128573e-07,0.0003180621788,1.132803032e-06,-0.0008095069645,-1.02545721e-40,-5.86560679e-42,-0.04022674054,1.770676646e-41,2.018305061e-39,0.000672152007,-2.085702497e-80,3.363841768e-39,-2.951127744e-41,-7.026185751e-83,6.067652977e-38,-1.229299461e-35,0.000672152007,-2.672204008e-07,-1.712448746e-38,-1.349373104e-40,0.005069999353,2.191207284e-07,-0.002078699726,0.000672152007,-0.0003340651744,-1.712492063e-38,6.186386212e-40,-0.4032323534,0.0002741524696,0.1632463949,0.000672152007,-0.329734864,-1.729988037e-38,3.457422479e-39,-8.190271868,5.145565306e-20,1.002204976e-12,0.2630198361,-5.509558275e-61,-9.289734262e-19,-3.508259807e-35,2.604249403e-62,4.161507095e-23,1.516714112e-12,0.2630198361,0.000212352496,8.564410152e-16,8.569006332e-23,-4.533205623,-0.0001741290466,1.858614299,0.2630198361,-0.2499998229,8.564410152e-16,8.569006332e-23,-105.5355923,0.2048255639,45.12799701,0.2630198361,-72.12311428,8.564410152e-16,8.569006332e-23,40.84026358,5.660733209e-53,-1.174284418e-35,2.470550189e-18,-3.934774413e-18,-0.1078470776,-282.6213786,-1.069558914e-22,16.78504486,0.4808738971,-0.1078470776,-186.1105986,-3.965813089,55821.00772,-37.75747601,-0.1078470776,-118.0684386,-2.141507505,-2.517147992,0.02919141699,-0.1091720256,-29.2819524,-0.1401895726,0.0002205019622,0.0007816912184
0.01,-4.885910522e-44,1.262085762e-36,8.772702372e-06,-3.064731582e-69,7.108925418e-41,-7.663869465e-45,1.705075702e-70,-1.535420737e-39,-4.69884367e-36,8.772702372e-06,-1.584881853e-10,6.727482133e-40,2.740034659e-42,1.777752094e-05,1.299603119e-10,-7.288783583e-06,8.772702372e-06,-8.737423759e-06,1.020462773e-40,8.070902875e-42,-0.004180020086,7.164786116e-06,0.001706504474,8.772702372e-06,-0.003258673158,-5.62105388e-40,4.960005876e-41,-0.08066329404,9.976113234e-41,-4.135947084e-39,0.002575495331,4.900264825e-79,-6.89324514e-39,-1.662685539e-40,1.189820055e-80,1.865187613e-37,8.541712937e-36,0.002575495331,3.440067073e-07,7.342880664e-39,-4.64256482e-40,-0.01935065685,-2.820855e-07,0.007933769304,0.002575495331,-0.003924107384,7.341960927e-39,7.203252355e-40,-0.9387689572,0.003217457847,0.3928189536,0.002575495331,-0.6460330069,7.349464715e-39,7.73694126e-39,-7.98290975,5.145565306e-20,1.002204976e-12,0.4932050194,3.896458932e-61,-9.289734262e-19,6.32426859e-35,5.77821955e-62,4.161507017e-23,1.516714112e-12,0.4932050194,-0.0002865684706,8.564410152e-16,8.569006332e-23,-4.991369767,0.0002349861457,2.046461612,0.4932050194,-1.33098271,8.564410152e-16,8.569006332e-23,-107.5826363,1.091618648,46.14965588,0.4932050194,-67.42720958,8.564410152e-16,8.569006332e-23,42.83244794,-5.70237254e-52,-8.948333196e-21,1.436404058e-17,7.112026184e-18,-0.5836207488,-284.595253,-1.069558914e-22,16.56961679,0.9707465253,-0.5836207488,-188.084473,-7.436545282,56412.95205,-176.1212431,-0.5836207488,-120.042313,-4.015675268,-2.564564108,0.07905923001,-0.5818327392,-29.82649659,-0.2628782753,0.0002167094935,0.0007462643536
0.015,-8.015400656e-44,1.578660709e-36,2.868285845e-05,-2.464767485e-69,3.829395665e-41,-1.424424525e-43,1.492955476e-70,-1.389517225e-39,-5.923419104e-36,2.868285845e-05,-1.000531593e-08,5.748615018e-40,2.674932225e-42,-0.0001414415632,8.204359022e-09,5.799104032e-05,2.868285845e-05,-5.221653077e-05,-3.11051587e-41,1.969244168e-41,-0.01021884937,4.282464131e-05,0.004247500485,2.868285845e-05,-0.007231366889,-1.957108092e-39,1.381938442e-40,-0.1200428593,-8.081310416e-40,1.620270904e-40,0.005556321771,-9.960534242e-81,2.700451506e-40,1.346885069e-39,-5.146634585e-80,8.421271617e-37,3.711469892e-37,0.005556321771,-6.272080121e-06,8.885128145e-40,-3.104681109e-41,-0.04434396734,5.143105648e-06,0.01818102607,0.005556321771,-0.01509155043,8.932271431e-40,1.696014313e-39,-1.476757496,0.01237956821,0.6235567543,0.005556321771,-0.9392558021,1.780832891e-39,1.840828534e-38,-7.767756487,5.145565306e-20,1.002204976e-12,0.6946507108,1.046145542e-60,-9.289734262e-19,2.473051943e-35,-1.820584647e-61,4.161507009e-23,1.516714112e-12,0.6946507108,-0.00267465512,8.564410152e-16,8.569006332e-23,-5.001449545,0.002193217144,2.05059391,0.6946507108,-3.280557919,8.564410152e-16,8.569006332e-23,-107.5830653,2.691923498,46.12532927,0.6946507108,-62.85330001,8.564410152e-16,8.569006332e-23,44.48168539,8.197546424e-53,-4.336808647e-19,1.121379145e-17,3.440175373e-17,-1.451483414,-284.6137296,-1.069558914e-22,16.57039896,1.475377929,-1.451483414,-188.1029496,-10.47394342,56418.62254,-418.0097868,-1.451483414,-120.0607896,-5.655846087,-2.565219002,0.1461100808,-1.434795225,-29.8135305,-0.3702488288,0.0002129921629,0.0007122464704
0.02,-1.645500913e-43,2.307529899e-36,6.590688034e-05,-9.065299832e-69,-7.684079483e-41,-9.392811049e-44,-6.331503712e-71,-8.061842478e-38,-3.202762908e-36,6.590688034e-05,-9.061218043e-08,1.012870594e-39,1.355861396e-40,-0.0004256904114,7.430198459e-08,0.0001745330528,6.590688034e-05,-0.0001795165243,-6.319710994e-40,1.343731475e-40,-0.01894704922,0.0001472646367,0.007941428616,6.590688034e-05,-0.01261391244,-2.287610916e-39,9.020380348e-41,-0.1583305658,-1.614193549e-40,5.016987364e-37,0.009480093631,1.340434283e-76,8.361645607e-37,2.690322582e-40,1.441733341e-79,4.524801819e-36,-4.995225823e-34,0.009480093631,-2.952501776e-05,3.620566595e-39,-7.200442079e-39,-0.06935795191,2.421051237e-05,0.02843675255,0.009480093631,-0.03817426576,-7.667781972e-37,1.383353389e-38,-2.014425171,0.03132148873,0.8539062585,0.009480093631,-1.210093491,-7.542236486e-37,-8.604551573e-38,-7.546423342,5.145565306e-20,1.002204976e-12,0.8709412851,7.36220761e-60,-9.289734262e-19,2.179070869e-34,-4.833561804e-61,4.161503837e-23,1.516714112e-12,0.8709412851,-0.006941684846,8.564410152e-16,8.569006337e-23,-5.004348621,0.005692180344,2.051779858,0.8709412851,-6.096581637,8.564410152e-16,8.569006336e-23,-107.4652852,5.002796762,45.99422247,0.8709412851,-58.41393504,8.564410152e-16,8.569006329e-23,45.81517534,8.245226155e-52,-4.447343427e-19,2.451453203e-17,-4.495942171e-18,-2.709802474,-284.5528735,-1.069558914e-22,16.58420016,2.000719202,-2.709802474,-188.0420935,-13.1320527,56400.929,-762.9216346,-2.709802474,-119.9999335,-7.091203943,-2.564253735,0.2305218345,-2.666490674,-29.74365057,-0.464211705,0.000209348482,0.0006795845914
0.025,1.328297622e-43,1.423382568e-36,0.0001248585679,-9.415819812e-69,7.803939874e-41,-5.491523314e-43,-7.005473336e-71,-2.606548772e-38,-3.088680551e-36,0.0001248585679,-3.48667185e-07,3.486516777e-39,4.714377004e-41,-0.0008350520789,2.859070419e-07,0.000342371233,0.0001248585679,-0.0004610269767,-2.15643602e-39,9.479375553e-41,-0.0303615731,0.0003782408738,0.01278487703,0.0001248585679,-0.0192962223,-1.577524948e-39,-8.384578048e-41,-0.1954992612,5.433083576e-43,-6.350861002e-40,0.0142290526,8.271459072e-80,-1.058476834e-39,-9.055139294e-43,-5.104058561e-82,4.935538653e-36,6.402444545e-37,0.0142290526,-7.882117348e-05,1.094544819e-41,-7.897698514e-39,-0.09439069489,6.463333972e-05,0.03870014443,0.0142290526,-0.07749305605,1.663272463e-40,9.848901005e-39,-2.551163255,0.06357964263,1.083230203,0.0142290526,-1.459289056,-2.31238854e-40,1.286065136e-39,-7.320387207,5.145565306e-20,1.002204976e-12,1.025214042,9.509720705e-60,-9.289734262e-19,2.474295248e-34,-4.864362458e-61,4.161506001e-23,1.516714112e-12,1.025214042,-0.01309335792,8.564410152e-16,8.569006334e-23,-5.009136089,0.01073654466,2.053734497,1.025214042,-9.773625982,8.564410152e-16,8.569006332e-23,-107.1983207,8.016490874,45.70101114,1.025214042,-54.11916571,8.564410152e-16,8.569006322e-23,46.85904839,-6.597219794e-52,-9.167254816e-35,-5.315670338e-17,7.531127309e-18,-4.354484004,-284.4114647,-1.069558914e-22,16.61395008,2.551610028,-4.354484004,-187.9006847,-15.45817732,56359.96501,-1209.668299,-4.354484004,-119.8585247,-8.347292727,-2.561819073,0.332570142,-4.272789636,-29.58736894,-0.5464390842,0.0002057769917,0.0006482277479
0.03,5.831865569e-43,2.949082701e-37,0.0002094004603,-1.83902441e-68,4.248251237e-40,-1.376553096e-42,-7.710548508e-71,-1.782952689e-37,-4.105172857e-36,0.0002094004603,-9.379855232e-07,4.486965349e-39,2.982609072e-40,-0.00136964758,7.691477683e-07,0.0005615549811,0.0002094004603,-0.000988649015,-2.52098832e-39,4.047726728e-40,-0.04445555924,0.0008110605629,0.01877031395,0.0002094004603,-0.02717203107,-2.141955707e-39,-1.049917293e-39,-0.2315288536,-1.887023656e-41,4.958079821e-39,0.01970012688,-3.507079574e-78,8.263466369e-39,3.145039426e-41,-1.948200146e-81,-7.368776329e-37,-1.069261514e-35,0.01970012688,-0.0001636095605,-9.594904593e-39,1.782588137e-39,-0.1194536532,0.0001341597138,0.04897586,0.01970012688,-0.1373261317,-2.632370101e-38,3.977360029e-38,-3.08601144,0.1126302558,1.310486635,0.01970012688,-1.687626505,-3.939316041e-38,1.618703764e-38,-7.090996392,5.145565306e-20,1.002204976e-12,1.160214968,8.005998459e-60,-9.289734262e-19,2.418125072e-34,-4.888390966e-61,4.161502219e-23,1.516714112e-12,1.160214968,-0.02114094644,8.564410152e-16,8.56900634e-23,-5.016524509,0.01733553787,2.056745223,1.160214968,-14.29951175,8.564410152e-16,8.569006332e-23,-106.6925687,11.71587896,45.14931537,1.160214968,-49.97680213,8.564410152e-16,8.569006304e-23,47.63828756,-5.071692851e-51,-6.938887396e-18,2.058532838e-16,4.713646804e-17,-6.376469592,-284.1403195,-1.069558914e-22,16.66845086,3.131327635,-6.376469592,-187.6295395,-17.49372128,56281.59745,-1755.644374,-6.376469592,-119.5873795,-9.446470266,-2.556968655,0.4524169802,-6.244563484,-29.29331509,-0.6183945777,0.0002022762618,0.0006181269026
0.035,-8.664255223e-43,-3.809730513e-37,0.0003229125876,-1.557124742e-68,-1.94717383e-41,9.386041287e-43,-6.444745687e-71,-4.993705553e-37,-2.246951711e-36,0.0003229125876,-2.059793517e-06,2.725342351e-39,8.407979834e-40,-0.002029662668,1.689028944e-06,0.0008321599798,0.0003229125876,-0.00187548265,-2.409158469e-39,6.519336357e-40,-0.06121613371,0.00153814257,0.02588370196,0.0003229125876,-0.03613907385,-3.667747715e-39,3.459575493e-40,-0.2664056839,6.256446328e-42,-6.941872432e-40,0.02580309935,-2.228887502e-80,-1.156978739e-39,-1.042741055e-41,8.86033949e-82,-1.64753009e-36,7.355578062e-36,0.02580309935,-0.0002934108998,1.097519862e-38,3.151824534e-39,-0.1445611136,0.0002405964423,0.05926969032,0.02580309935,-0.2218659649,1.210934346e-38,2.942797862e-38,-3.617508093,0.181829475,1.534097805,0.02580309935,-1.895920399,7.694599142e-39,3.166166722e-38,-6.859476737,5.145565306e-20,1.002204976e-12,1.278347547,6.637858458e-60,-9.289734262e-19,-3.5727032e-34,-4.962904468e-61,4.16148292e-23,1.516714112e-12,1.278347547,-0.03110206052,8.564410152e-16,8.569006372e-23,-5.027013433,0.0255035665,2.061010601,1.278347547,-19.65139777,8.564410152e-16,8.569006362e-23,-105.8377902,16.06906428,44.22177294,1.278347547,-45.99265476,8.564410152e-16,8.569006354e-23,48.17667322,2.851267809e-53,-6.938879612e-18,-2.226643636e-16,2.858702057e-17,-8.758867897,-283.6783946,-1.069558914e-22,16.7583874,3.741181365,-8.758867897,-187.1676146,-19.27492431,56148.27834,-2396.015269,-8.758867897,-119.1254546,-10.40830572,-2.548519086,0.5900630684,-8.564811259,-28.79893498,-0.6813592423,0.0001988448904,0.0005892348766
0.04,-2.411123595e-42,5.157880229e-37,0.0004683526465,-1.945107706e-68,8.645542761e-40,3.505894882e-42,-1.329808364e-70,-4.457838336e-37,-2.502478413e-36,0.0004683526465,-3.963170999e-06,4.101198382e-39,7.440940513e-40,-0.002815360416,3.249793779e-06,0.001154293196,0.0004683526465,-0.003255245978,-9.011964457e-40,4.441345251e-40,-0.0806216604,0.002668206687,0.03410157077,0.0004683526465,-0.04609921535,-2.053105106e-39,7.554514645e-40,-0.3001219292,-3.852086332e-42,-1.807642232e-39,0.03245900422,2.609012828e-78,-3.012737054e-39,6.420143886e-42,3.451553454e-81,2.637893061e-35,5.365165794e-37,0.03245900422,-0.0004778520008,-2.122714523e-39,-4.326696008e-38,-0.169729639,0.0003918370877,0.06958832461,0.03245900422,-0.3351545529,-3.509398978e-39,2.001451791e-38,-4.143595414,0.27432393,1.751853699,0.03245900422,-2.085006557,-1.992582821e-39,1.363921673e-38,-6.626937911,5.145565306e-20,1.002204976e-12,1.381715479,9.000392878e-60,-9.289734262e-19,-1.148080447e-33,-5.120288e-61,4.16148251e-23,1.516714112e-12,1.381715479,-0.04300165527,8.564410152e-16,8.569006373e-23,-5.041007748,0.03526103034,2.066688844,1.381715479,-25.79111241,8.564410152e-16,8.569006377e-23,-104.5062973,21.02302026,42.7835095,1.381715479,-42.17075927,8.564410152e-16,8.569006373e-23,48.49674849,-9.870950148e-51,1.387773281e-17,-9.765582513e-17,-3.986018861e-17,-11.47357098,-282.955006,-1.069558914e-22,16.89599537,4.380012207,-11.47357098,-186.444226,-20.83350599,55939.68067,-3122.761308,-11.47357098,-118.402066,-11.24992743,-2.535091819,0.7452968167,-11.2052698,-28.03234056,-0.7364543503,0.0001954815035,0.0005615062778
0.045,1.590698427e-43,3.83982238e-37,0.0006483086711,-2.203175723e-68,8.892791678e-40,-6.86564781e-43,-2.152208913e-70,-8.625474098e-38,-2.285866756e-36,0.0006483086711,-6.945676163e-06,5.109158057e-39,1.520091229e-40,-0.003727091231,5.695434673e-06,0.001528096791,0.0006483086711,-0.005281310292,-4.240134973e-40,4.69908667e-40,-0.1026385573,0.004324933661,0.04338765591,0.0006483086711,-0.05695853521,-9.429243696e-40,9.16268576e-40,-0.3326750378,-4.143545106e-42,-8.683988303e-40,0.03959872367,1.287768681e-78,-1.447331384e-39,6.90590851e-42,-7.138614941e-81,-5.964159289e-37,-5.559394877e-37,0.03959872367,-0.0007267039051,-2.40734364e-39,1.988278437e-39,-0.1949774805,0.0005958930632,0.07993910127,0.03959872367,-0.4809941927,-4.958052721e-39,4.794172725e-38,-4.661541683,0.3929280803,1.960836278,0.03959872367,-2.255733848,-1.531013489e-38,4.882100737e-38,-6.394379833,5.145565306e-20,1.002204976e-12,1.472160074,8.890660635e-60,-9.289734262e-19,-1.057529422e-33,-5.088971442e-61,4.161494122e-23,1.516714112e-12,1.472160074,-0.05687248237,8.564410152e-16,8.569006354e-23,-5.058768013,0.0466346786,2.073877388,1.472160074,-32.66009632,8.564410152e-16,8.569006354e-23,-102.5570465,26.49676316,40.68723077,1.472160074,-38.51358502,8.564410152e-16,8.569006342e-23,48.61980209,-8.617451586e-51,6.686099736e-34,-1.927460868e-17,5.484422135e-17,-14.47761804,-281.892387,-1.069558914e-22,17.09462321,5.043641138,-14.47761804,-185.381607,-22.19722959,55633.41655,-3923.652021,-14.47761804,-117.339447,-11.98632732,-2.515156246,0.9176371927,-14.12277477,-26.915024,-0.7846613194,0.0001921847543,0.0005348974331
0.05,9.037197114e-43,1.112826392e-36,0.0008650451335,-2.356644128e-68,5.169718515e-40,-1.876202221e-42,-2.112508816e-70,-6.645274769e-39,-8.365731761e-37,0.0008650451335,-1.135416354e-05,5.715249759e-39,1.682786115e-41,-0.004765299236,9.310361249e-06,0.001953750503,0.0008650451335,-0.008125225738,-3.847055041e-40,1.333851452e-40,-0.127217783,0.006644926805,0.05368923205,0.0008650451335,-0.06862737481,-4.0343799e-40,6.286092538e-40,-0.3640671965,3.773302647e-43,1.373440633e-41,0.04716175951,-1.183262635e-80,2.289067722e-41,-6.288837745e-43,3.679268254e-82,1.429260275e-36,2.936113278e-38,0.04716175951,-0.00104992028,7.947215309e-41,-1.123354657e-39,-0.2203237,0.0008609248546,0.09032964004,0.04716175951,-0.6628330251,-6.330396201e-39,5.819656357e-38,-5.167888809,0.5399677211,2.157375148,0.04716175951,-2.408956985,-1.653229179e-38,5.463995321e-38,-6.16269912,5.145565306e-20,1.002204976e-12,1.551292977,8.864569354e-60,-9.289734262e-19,-5.979968066e-34,-5.16510216e-61,4.161490508e-23,1.516714112e-12,1.551292977,-0.07275468397,8.564410152e-16,8.56900636e-23,-5.080346759,0.05965725958,2.082586694,1.551292977,-40.17446957,8.564410152e-16,8.569006377e-23,-99.84173379,32.3747892,37.78076856,1.551292977,-35.02222761,8.564410152e-16,8.569006365e-23,48.56586602,-3.825481413e-51,-1.387763024e-17,4.404809147e-16,5.419576787e-17,-17.70969473,-280.4095118,-1.069558914e-22,17.3680721,5.724333543,-17.70969473,-183.8987318,-23.39039551,55206.10938,-4781.259944,-17.70969473,-115.8565718,-12.63062742,-2.487094562,1.106275514,-17.25576264,-25.36587964,-0.8268391569,0.0001889533225,0.0005093663228
0.055,-1.149451591e-42,2.041485835e-36,0.001120543295,-2.264099432e-68,2.076648913e-39,1.670189826e-42,-2.227841943e-70,7.460402094e-37,-6.922444035e-37,0.001120543295,-1.758578429e-05,4.922365136e-39,-1.234015409e-39,-0.005930523442,1.442021632e-05,0.002431471851,0.001120543295,-0.01197461569,-4.252991337e-39,-1.797332479e-40,-0.1542911468,0.009774813265,0.06493333031,0.001120543295,-0.08102035044,-1.868699049e-39,1.060276743e-39,-0.3943048307,8.042485427e-42,1.895137885e-39,0.05509515812,-6.558159118e-78,3.158563141e-39,-1.340414238e-41,2.255126138e-80,9.482102538e-37,-2.266030683e-36,0.05509515812,-0.001457670957,-3.054044783e-40,-3.875181631e-40,-0.2457869591,0.001195269164,0.1007673367,0.05509515812,-0.8836276788,-1.085290876e-39,7.744470462e-38,-5.658435984,0.7170934035,2.337047755,0.05509515812,-2.545530244,-4.962873174e-39,5.866628589e-38,-5.932695492,5.145565306e-20,1.002204976e-12,1.620524818,7.97851882e-60,-9.289734262e-19,-1.72080841e-33,-5.080467014e-61,4.161509931e-23,1.516714112e-12,1.620524818,-0.09069420369,8.564410152e-16,8.569006328e-23,-5.105519961,0.07436619687,2.092712065,1.620524818,-48.22094139,8.564410152e-16,8.569006292e-23,-96.21316418,38.50179605,33.91737555,1.620524818,-31.69658574,8.564410152e-16,8.56900632e-23,48.35372564,-1.275336334e-50,-5.551017503e-17,8.775428964e-16,-6.948165059e-17,-21.08730969,-278.4273673,-1.069558914e-22,17.72968521,6.410373052,-21.08730969,-181.9165873,-24.4342732,54634.87242,-5672.166138,-21.08730969,-113.8744273,-13.19431307,-2.449292149,1.31002351,-20.52145729,-23.30669117,-0.8637397278,0.0001857859142,0.0004848725175
0.06,3.885781085e-42,2.221994339e-36,0.001416536524,-3.365548201e-68,4.68693294e-39,-6.488778324e-42,-2.505163061e-71,1.198354069e-36,2.516114932e-37,0.001416536524,-2.608912843e-05,4.566857737e-39,-1.994979335e-39,-0.007223392007,2.139280624e-05,0.002961513457,0.001416536524,-0.0170303395,-3.645114317e-39,-2.586527972e-39,-0.1837676505,0.01386735564,0.07702309664,0.001416536524,-0.09405633719,-7.088193949e-40,6.784056555e-40,-0.4233981349,2.370415377e-38,-9.466894635e-37,0.06335256937,7.395315611e-75,-1.577815773e-36,-3.950692295e-38,1.749489083e-76,3.556463624e-35,9.396631583e-34,0.06335256937,-0.001960363978,-1.045533329e-38,-9.762374643e-38,-0.2713839747,0.001607456523,0.1112587209,0.06335256937,-1.145689419,-2.701843977e-36,2.317940431e-36,-6.128270868,0.9250732767,2.494737847,0.06335256937,-2.666302026,-3.162008644e-36,1.655773562e-36,-5.705078092,5.145565306e-20,1.002204976e-12,1.681090279,5.728721137e-60,-9.289734262e-19,-5.610908604e-34,-5.205140674e-61,4.16152748e-23,1.516714112e-12,1.681090279,-0.1107397472,8.564410152e-16,8.5690063e-23,-5.133724694,0.0908010724,2.104008001,1.681090279,-56.6544634,8.564410152e-16,8.569006198e-23,-91.53585188,44.67995627,28.96867225,1.681090279,-28.53552308,8.564410152e-16,8.56900634e-23,48.00094002,-2.15142265e-51,-3.29430364e-31,1.254534133e-15,1.259094025e-16,-24.50532205,-275.8756592,-1.069558914e-22,18.19119256,7.08586061,-24.50532205,-179.3648792,-25.34747923,53899.18936,-6566.546374,-24.50532205,-111.3227192,-13.68743705,-2.400253853,1.527277068,-23.81441669,-20.66903231,-0.8960211188,0.000182681261,0.0004613771173
0.065,2.154002771e-41,7.76390451e-38,0.001754541207,-2.70141484e-68,6.449757888e-39,-3.60524831e-41,-2.056001378e-71,8.352103046e-37,-3.076379887e-36,0.001754541207,-3.736543293e-05,3.775016283e-39,-1.443799959e-39,-0.008644608086,3.063908256e-05,0.00354415688,0.001754541207,-0.02350286695,-2.668262545e-39,-1.130768227e-39,-0.2155301276,0.01907650863,0.08983461355,0.001754541207,-0.1076584276,-1.182786537e-39,2.310868573e-39,-0.4513606362,-1.262001649e-41,-1.162151654e-40,0.07189342303,1.249946145e-78,-1.936919423e-40,2.103336082e-41,-1.426361712e-79,3.519591249e-36,5.875917614e-36,0.07189342303,-0.002568648582,1.007874072e-38,-4.640329548e-39,-0.2971277098,0.002106213134,0.1218087051,0.07189342303,-1.450524975,1.399384982e-38,7.425203084e-38,-6.571858399,1.163581535,2.624764046,0.07189342303,-2.772110202,1.865657505e-38,6.507982729e-38,-5.480471663,5.145565306e-20,1.002204976e-12,1.734070047,8.199765403e-60,-9.289734262e-19,-1.035812615e-32,-5.766634621e-61,4.16154631e-23,1.516714112e-12,1.734070047,-0.1329382013,8.564410152e-16,8.569006267e-23,-5.164018266,0.1089998416,2.116071374,1.734070047,-65.29861116,8.564410152e-16,8.569006186e-23,-85.69834501,50.67010899,22.83957876,1.734070047,-25.53701586,8.564410152e-16,8.569006321e-23,47.52387067,5.703431744e-50,2.775453852e-17,7.715891638e-16,1.853986005e-17,-27.83654789,-272.7006426,-1.069558914e-22,18.76136857,7.730863578,-27.83654789,-176.1898626,-26.14630817,52983.11108,-7428.341498,-27.83654789,-108.1477026,-14.11879832,-2.338741742,1.756006327,-27.00716809,-17.40222548,-0.9242593351,0.0001796381195,0.000438842694
0.07,1.364235612e-41,7.661590187e-37,0.00213588381,-2.176191249e-68,6.566280098e-39,-2.292612328e-41,-5.563809226e-71,1.403570958e-36,-7.475583153e-37,0.00213588381,-5.19697415e-05,6.682061204e-39,-2.348133541e-39,-0.01019492625,4.261408066e-05,0.004179702532,0.00213588381,-0.03160787596,-1.426354495e-39,-1.039346083e-39,-0.249432484,0.02555145311,0.1032145558,0.00213588381,-0.1217538689,1.919242671e-40,3.179903634e-39,-0.4782087865,-2.185925764e-42,2.299515322e-40,0.08068220783,-2.516454838e-78,3.832525536e-40,3.643209607e-42,-1.513584393e-80,-2.890013025e-36,-1.130966835e-36,0.08068220783,-0.003293391804,-7.92170654e-40,6.963353946e-39,-0.3230254507,0.00270044093,0.1324197858,0.08068220783,-1.798687993,2.247951451e-39,1.177746012e-37,-6.983193438,1.43100519,2.721085341,0.08068220783,-2.863778145,-5.402942889e-39,1.083606192e-37,-5.259422551,5.145565306e-20,1.002204976e-12,1.780410016,5.493679617e-60,-9.289734262e-19,-1.738404167e-32,-5.705287001e-61,4.161524199e-23,1.516714112e-12,1.780410016,-0.1573287299,8.564410152e-16,8.569006304e-23,-5.195076374,0.1289939599,2.128340648,1.780410016,-73.94957657,8.564410152e-16,8.569006221e-23,-78.62620015,56.19806474,15.48386811,1.780410016,-22.69828671,8.564410152e-16,8.569006322e-23,46.937717,8.503975524e-51,-8.326239952e-17,1.511698226e-15,-1.660670835e-18,-30.93508355,-268.8734057,-1.069558914e-22,19.4446217,8.322024181,-30.93508355,-172.3626257,-26.84502221,51877.58124,-8216.189708,-30.93508355,-104.3204657,-14.49609835,-2.263923764,1.993782572,-29.95356851,-13.4816317,-0.9489585383,0.0001766552712,0.0004172332345
0.075,1.072449581e-41,1.971068724e-36,0.002561724556,-2.278565339e-68,6.984124088e-39,-1.829482109e-41,8.113899774e-71,7.873567397e-37,4.385179623e-37,0.002561724556,-7.051186983e-05,6.788197294e-39,-1.339668674e-39,-0.0118751195,5.781769474e-05,0.004868455684,0.002561724556,-0.04156117429,-3.791847956e-39,-1.524524822e-39,-0.2852978621,0.03342976657,0.1169790645,0.002561724556,-0.1362739818,-1.708874927e-39,2.824688302e-39,-0.503961586,2.466274003e-41,-4.047716135e-39,0.08968784049,4.711660961e-77,-6.746193558e-39,-4.110456672e-41,1.636714985e-79,7.754196327e-37,7.380557862e-36,0.08968784049,-0.004145623461,6.03774929e-39,1.102355722e-39,-0.3490770048,0.003399171538,0.143091296,0.08968784049,-2.189660671,-5.773353581e-39,1.505976128e-37,-7.356016575,1.724296676,2.777581787,0.08968784049,-2.942111409,-2.938740258e-38,1.346843388e-37,-5.042404507,5.145565306e-20,1.002204976e-12,1.820938101,8.460565322e-60,-9.289734262e-19,-3.098937458e-32,-4.447622879e-61,4.161591375e-23,1.516714112e-12,1.820938101,-0.1839361746,8.564410152e-16,8.56900619e-23,-5.225245902,0.1508029355,2.140117563,1.820938101,-82.38429327,8.564410152e-16,8.569006147e-23,-70.2939618,60.96667628,6.91830044,1.820938101,-20.01592571,8.564410152e-16,8.56900628e-23,46.25655707,-8.930434304e-50,-8.326085558e-17,-2.480000613e-18,-7.49550221e-17,-33.64269799,-264.3975687,-1.069558914e-22,20.23969774,8.833687534,-33.64269799,-167.8867887,-27.45610469,50582.60039,-8885.217531,-33.64269799,-99.84462867,-14.82607802,-2.175516283,2.237849761,-32.49523846,-8.916184135,-0.9705600079,0.0001737315214,0.0003965140875
0.08,1.740723603e-41,2.985194447e-37,0.003033078157,-3.22626751e-68,6.806994793e-39,-2.971582137e-41,-1.574673924e-70,-2.407943457e-35,-4.411633469e-37,0.003033078157,-9.365701341e-05,7.699654392e-39,4.012990386e-38,-0.01368593815,7.679515458e-05,0.005610709108,0.003033078157,-0.05357314832,-2.105392173e-38,2.646892647e-38,-0.3229180231,0.04283003122,0.1309141877,0.003033078157,-0.1511540644,-2.502472457e-38,1.485255689e-38,-0.5286402337,4.011525318e-41,6.054493007e-39,0.09888311344,-6.869062353e-77,1.009082168e-38,-6.68587553e-41,7.549689712e-79,3.535139979e-36,1.198301441e-35,0.09888311344,-0.005136448505,1.508018518e-38,-2.65703233e-39,-0.3752733195,0.004211493299,0.1538188289,0.09888311344,-2.621786286,-4.27611079e-37,8.721010168e-38,-7.684083151,2.038900889,2.788397181,0.09888311344,-3.007894974,-4.156853653e-37,4.922091023e-38,-4.829824256,5.145565306e-20,1.002204976e-12,1.856378957,7.337076872e-60,-9.289734262e-19,-2.603906066e-32,-4.222915438e-61,4.160587785e-23,1.516714112e-12,1.856378957,-0.2127648002,8.564410152e-16,8.569007863e-23,-5.252660175,0.1744291621,2.1506145,1.856378957,-90.3725791,8.564410152e-16,8.569007238e-23,-60.73411103,64.67339958,-2.76713987,1.856378957,-17.48599932,8.564410152e-16,8.569006677e-23,45.49339232,-5.008541156e-50,-1.531366787e-33,7.763302859e-16,-6.399874061e-17,-35.79815347,-259.3151002,-1.069558914e-22,21.13872014,9.23952532,-35.79815347,-162.8043202,-27.99048191,49108.86642,-9389.648047,-35.79815347,-94.76216018,-15.11463747,-2.07389856,2.485243356,-34.47092198,-3.753844449,-0.989449984,0.0001708656995,0.0003766519111
0.085,1.185390087e-41,2.228060212e-36,0.003550831956,-3.038396943e-68,6.059570611e-39,-2.008579686e-41,-2.053972906e-70,-3.060253103e-35,-1.864527104e-36,0.003550831956,-0.0001221258445,4.796450664e-39,5.101037154e-38,-0.01562806357,0.0001001370773,0.006406723538,0.003550831956,-0.06784304038,-2.617040665e-38,3.10395424e-38,-0.3620541676,0.05384431565,0.1447781382,0.003550831956,-0.1663332835,-2.171201461e-38,1.261576264e-38,-0.5522678055,6.14134912e-42,1.470432568e-40,0.1082442114,-1.485242376e-78,2.450720946e-40,-1.023558187e-41,6.694584911e-80,-2.167910881e-36,2.440900701e-35,0.1082442114,-0.006276931638,2.037752802e-38,6.168587041e-39,-0.4015958237,0.005146455349,0.1645939597,0.1082442114,-3.092270666,-5.483027506e-37,2.146674616e-38,-7.961465107,2.368780954,2.748318034,0.1082442114,-3.061891001,-5.416504235e-37,-6.062193957e-38,-4.622026835,5.145565306e-20,1.002204976e-12,1.887366853,7.26535178e-60,-9.289734262e-19,-1.225612547e-32,-4.015732397e-61,4.160341032e-23,1.516714112e-12,1.887366853,-0.2437936811,8.564410152e-16,8.569008274e-23,-5.275410994,0.1998540965,2.159025214,1.887366853,-97.69234311,8.564410152e-16,8.569007378e-23,-50.04093534,67.03187888,-13.40533718,1.887366853,-15.1041481,8.564410152e-16,8.569006554e-23,44.66019518,1.866246529e-50,1.110087438e-16,7.965002562e-16,7.320456759e-17,-37.24868126,-253.7089381,-1.069558914e-22,22.12679024,9.514523065,-37.24868126,-157.1981581,-28.45771742,47478.52308,-9686.007687,-37.24868126,-89.15599813,-15.36694092,-1.96017615,2.732951648,-35.72799144,1.916314718,-1.005966533,0.0001680566576,0.0003576146233
0.09,-3.294628217e-41,3.636998278e-36,0.004115761806,-2.637801954e-68,3.550305723e-39,5.478776102e-41,-4.856741804e-71,-4.670017889e-35,1.21786547e-36,0.004115761806,-0.000156693985,3.464791943e-39,7.793831583e-38,-0.01770206087,0.0001284790009,0.007256707691,0.004115761806,-0.08455343111,-2.871097925e-38,5.240981915e-38,-0.4024392871,0.06653106421,0.1583054629,0.004115761806,-0.181754556,-1.590419476e-38,1.136549436e-38,-0.5748689594,5.208827927e-41,-1.040533558e-39,0.1177502882,6.16166728e-78,-1.734222596e-39,-8.681379879e-41,4.032100688e-79,1.452202207e-36,4.246680978e-35,0.1177502882,-0.007577965616,3.571324425e-38,1.98681346e-40,-0.4280167294,0.006212958117,0.1754043616,0.1177502882,-3.597263774,-7.781752179e-37,-1.984027206e-37,-8.182856111,2.706556698,2.653152384,0.1177502882,-3.104837054,-7.473460492e-37,-3.341783256e-37,-4.419300664,5.145565306e-20,1.002204976e-12,1.914456952,9.610464319e-60,-9.289734262e-19,-1.514194004e-32,-3.360457895e-61,4.161034251e-23,1.516714112e-12,1.914456952,-0.2769749658,8.564410152e-16,8.569007117e-23,-5.291755319,0.2270367949,2.164609819,1.914456952,-104.1460588,8.564410152e-16,8.569006321e-23,-38.36778336,67.79491834,-24.75620858,1.914456952,-12.86567383,8.564410152e-16,8.56900648e-23,43.76795865,4.956201159e-51,5.550245299e-17,-3.434470058e-16,-2.79455202e-17,-37.86221445,-247.7014169,-1.069558914e-22,23.18231198,9.637092453,-37.86221445,-151.1906369,-28.86618192,45724.73663,-9736.538905,-37.86221445,-83.14847694,-15.5875085,-1.836174637,2.978106349,-36.13469148,7.966329172,-1.020405555,0.000165303271,0.000339371354
0.095,-6.367484603e-41,3.373386651e-36,0.004728545973,-2.219959881e-68,3.490382403e-40,1.060525425e-40,-2.264934006e-70,-3.575352272e-35,-5.957483611e-37,0.004728545973,-0.0001981908147,-3.710781961e-40,5.962740257e-38,-0.01990833577,0.0001625003633,0.008160799946,0.004728545973,-0.1038653335,-3.478877378e-38,1.253357869e-38,-0.4437819767,0.08090896116,0.1712130185,0.004728545973,-0.197364422,1.934075317e-38,-1.176611171e-38,-0.5964696637,-3.84886619e-41,-3.424596919e-40,0.1273830966,1.924161796e-79,-5.707661531e-40,6.414776983e-41,3.814117703e-80,2.253626136e-32,-8.649799266e-34,0.1273830966,-0.009050139813,-7.212597095e-37,-3.758180792e-35,-0.4545003792,0.007419643846,0.1862343526,0.1273830966,-4.132021907,2.141714279e-35,-4.421367386e-35,-8.343845104,3.043754406,2.500066398,0.1273830966,-3.13744472,3.059325483e-35,-3.880235389e-35,-4.221882369,5.145565306e-20,1.002204976e-12,1.938135171,9.511436017e-60,-9.289734262e-19,-6.146074835e-32,-3.629039727e-61,4.160814432e-23,1.516714112e-12,1.938135171,-0.312235786,8.564410152e-16,8.56900748e-23,-5.300320385,0.2559154392,2.166779179,1.938135171,-109.5761147,8.564410152e-16,8.569007271e-23,-25.91720242,66.77543068,-36.51936381,1.938135171,-10.76561705,8.564410152e-16,8.569006793e-23,42.82674706,1.858413979e-52,5.309861069e-31,-4.955516967e-16,2.982883935e-17,-37.53856513,-241.4481619,-1.069558914e-22,24.27808986,9.590999522,-37.53856513,-144.9373819,-29.22320211,43890.00381,-9512.311277,-37.53856513,-76.89522187,-15.78029656,-1.704355534,3.218181956,-35.59130455,14.23609091,-1.033026046,0.0001626044368,0.0003218923992
0.1,-3.070089043e-41,2.393569752e-36,0.005389777298,-2.077155444e-68,3.01729931e-40,5.084457342e-41,-6.450613757e-70,-2.662566851e-35,-2.592010197e-36,0.005389777298,-0.0002474976605,-9.637808914e-40,4.433750661e-38,-0.02224710065,0.0002029229669,0.009119053758,0.005389777298,-0.1259142775,-2.478172424e-38,-1.23351413e-38,-0.4857714653,0.09695228605,0.1832074393,0.005389777298,-0.2131129124,9.583272839e-39,-3.446577671e-38,-0.6170969501,-7.864489179e-41,-1.132736228e-39,0.1371266642,5.636437207e-79,-1.887893714e-39,1.310748197e-40,5.639469786e-80,-6.816881778e-36,1.547235643e-35,0.1371266642,-0.01070362755,2.305845431e-39,1.155815483e-38,-0.4810055294,0.008774802303,0.1970658264,0.1371266642,-4.69113861,-8.571586091e-37,-1.447298549e-37,-8.44112422,3.371148989,2.287838665,0.1371266642,-3.160398596,-9.62712858e-37,-3.265165118e-37,-4.029961332,5.145565306e-20,1.002204976e-12,1.958826825,8.376156922e-60,-9.289734262e-19,-8.098747483e-32,-5.521719983e-61,4.160852669e-23,1.516714112e-12,1.958826825,-0.3494837709,8.564410152e-16,8.569007415e-23,-5.300265475,0.28641182,2.165161498,1.958826825,-113.8765635,8.564410152e-16,8.569006532e-23,-12.92481142,63.86191928,-48.35401698,1.958826825,-8.798825583,8.564410152e-16,8.569005616e-23,41.84574726,4.394599691e-52,1.597862297e-17,1.295028106e-16,4.616808654e-17,-36.21771051,-235.1279828,-1.069558914e-22,25.38309866,9.366795854,-36.21771051,-138.6172028,-29.53519086,42023.33757,-8995.518654,-36.21771051,-70.57504279,-15.94876801,-1.56766072,3.451179524,-34.03840298,20.54396105,-1.044054698,0.0001599590744,0.000305149176
0.105,1.248697587e-40,2.633795694e-36,0.006099973847,-2.708462331e-68,-6.295319216e-40,-2.086775592e-40,-3.922775286e-70,-2.930267676e-35,-1.161699778e-36,0.006099973847,-0.000305545505,-2.517113347e-40,4.859545426e-38,-0.02471835366,0.000250509037,0.01013142844,0.006099973847,-0.1508076739,-3.360907705e-38,-9.908963389e-39,-0.5280834635,0.1145881419,0.1939936055,0.006099973847,-0.2289534122,4.713848108e-40,-3.201364901e-38,-0.6367786879,3.29286313e-37,1.7298963e-36,0.1469670094,2.56187917e-75,2.8831605e-36,-5.488105217e-37,-6.026225511e-77,-1.18194733e-33,-1.639505972e-33,0.1469670094,-0.01254810819,9.088058514e-38,1.424260423e-36,-0.5074882552,0.01028630481,0.2078794406,0.1469670094,-5.26882108,5.349943533e-36,5.175135721e-36,-8.472604688,3.679164184,2.017002384,0.1469670094,-3.174355589,2.962639305e-36,5.71810288e-36,-3.843683986,5.145565306e-20,1.002204976e-12,1.976904179,8.762394783e-60,-9.289734262e-19,-1.074123999e-31,-3.999840644e-61,4.160931909e-23,1.516714112e-12,1.976904179,-0.38861521,8.564410152e-16,8.56900728e-23,-5.29136517,0.318437993,2.159636664,1.976904179,-116.9993136,8.564410152e-16,8.569006303e-23,0.3609320298,59.02588947,-59.90334849,1.976904179,-6.960014868,8.564410152e-16,8.569005471e-23,40.83331967,-2.718370727e-51,-1.957184369e-17,-5.968794184e-16,-9.372381469e-17,-33.88379378,-228.9301506,-1.069558914e-22,26.4646803,8.962515446,-33.88379378,-132.4193706,-29.80776122,40176.71544,-8180.574585,-33.88379378,-64.37721063,-16.09595383,-1.429306624,3.675771513,-31.46079909,26.69975475,-1.053689928,0.0001573661243,0.0002891141807
0.11,2.239987575e-40,3.390120097e-36,0.006859588234,-2.743328869e-68,3.706401137e-39,-3.736559664e-40,-5.49889812e-70,-2.807916538e-35,-3.680508139e-36,0.006859588234,-0.0003733124123,2.184155586e-39,4.644676515e-38,-0.02732187309,0.0003060590392,0.01119778613,0.006859588234,-0.1786236121,-3.177620539e-38,-1.050038268e-38,-0.5703863301,0.133695739,0.2032835114,0.006859588234,-0.2448425208,3.632966843e-39,-3.312301277e-38,-0.6555433798,-1.755836443e-37,-2.369095903e-36,0.1568918934,1.473387189e-74,-3.948493171e-36,2.926394071e-37,-2.559784544e-75,4.428288573e-34,2.391835382e-33,0.1568918934,-0.01459273332,2.52487884e-38,-4.430404312e-37,-0.5339050375,0.01196157425,0.2186558795,0.1568918934,-5.859181453,-5.458967423e-36,-3.417650998e-36,-8.437427484,3.958287038,1.689862351,0.1568918934,-3.179944498,-5.228902622e-36,-4.093035622e-36,-3.66315784,5.145565306e-20,1.002204976e-12,1.992693072,8.056880333e-60,-9.289734262e-19,-8.332888098e-32,-4.892597137e-61,4.16094958e-23,1.516714112e-12,1.992693072,-0.4295242125,8.564410152e-16,8.569007248e-23,-5.273996958,0.3519037532,2.150331298,1.992693072,-118.953844,8.564410152e-16,8.569006196e-23,13.70006074,52.32012546,-70.81956229,1.992693072,-5.243820765,8.564410152e-16,8.569005361e-23,39.79704888,1.472275428e-50,1.280270412e-30,2.684917164e-16,-7.872333783e-17,-30.56426253,-223.0410041,-1.069558914e-22,27.49083112,8.383539374,-30.56426253,-126.5302241,-30.04582614,38401.33405,-7073.846861,-30.56426253,-58.48806415,-16.22450699,-1.292559995,3.891390554,-27.88662687,32.5180967,-1.062105408,0.0001548245481,0.0002737609476
0.115,9.121743601e-41,4.903244569e-36,0.007669015774,-2.936485779e-68,3.50458308e-39,-1.522084411e-40,-3.128483571e-70,-2.869508431e-35,-6.601750196e-36,0.007669015774,-0.0004518208988,-1.419952423e-40,4.7620024e-38,-0.03005722659,0.0003704094383,0.01231789489,0.007669015774,-0.2094110828,-3.868272554e-38,-9.683419968e-39,-0.6123470308,0.1541076936,0.2108049139,0.007669015774,-0.2607399107,-4.706292448e-40,-3.058905604e-38,-0.6734199765,1.804288459e-37,-1.053995844e-36,0.1668906027,6.427894899e-75,-1.75665974e-36,-3.007147431e-37,8.920614773e-76,7.265962056e-34,1.094982322e-33,0.1668906027,-0.01684613732,8.694324526e-38,-1.509055119e-36,-0.5602155552,0.01380759121,0.2293769969,0.1668906027,-6.456510921,-1.484579741e-36,-6.613981214e-37,-8.3358712,4.19945213,1.310392956,0.1668906027,-3.177765835,-7.490051549e-37,-6.671384336e-37,-3.488455253,5.145565306e-20,1.002204976e-12,2.006478702,3.984268954e-60,-9.289734262e-19,-5.511132878e-32,-5.622799821e-61,4.160943384e-23,1.516714112e-12,2.006478702,-0.4721109938,8.564410152e-16,8.569007264e-23,-5.249039424,0.3867233919,2.137577052,2.006478702,-119.8007795,8.564410152e-16,8.56900635e-23,26.88039337,43.86857102,-80.78584305,2.006478702,-3.64484554,8.564410152e-16,8.569005583e-23,38.7437931,1.076739233e-51,2.088205532e-18,1.355855431e-15,-9.804278991e-17,-26.32452664,-217.6319294,-1.069558914e-22,28.43223294,7.64169398,-26.32452664,-121.1211494,-30.25368588,36744.24128,-5692.139313,-26.32452664,-53.07898945,-16.3367496,-1.160530036,4.098254709,-23.38194835,37.83012434,-1.069453148,0.0001523333279,0.0002590640094
0.12,2.412526691e-40,4.2633371e-36,0.008528601629,-2.909686765e-68,2.931776075e-39,-4.025355821e-40,-6.434313546e-70,-7.547568956e-35,-6.580326702e-36,0.008528601629,-0.0005421354509,1.969312133e-39,1.254647414e-37,-0.03292379277,0.0004444305657,0.01349143687,0.008528601629,-0.2431914708,-1.725741082e-37,1.44710562e-38,-0.6536364118,0.1756130916,0.2163092194,0.008528601629,-0.2766081866,-9.636573496e-38,-3.158689117e-38,-0.6904377102,-1.223126939e-37,-3.806298169e-36,0.1769537588,1.868208825e-74,-6.343830281e-36,2.038544898e-37,-3.151401782e-75,2.614364509e-34,3.906720935e-33,0.1769537588,-0.01931648375,1.013046349e-37,-2.250822862e-37,-0.5863847987,0.0158309295,0.24002668,0.1769537588,-7.055509207,9.893076717e-38,3.810156514e-36,-8.169173946,4.394358681,0.8840405282,0.1769537588,-3.168391858,4.021700848e-37,4.424331592e-36,-3.319616958,5.145565306e-20,1.002204976e-12,2.018510698,6.683871176e-60,-9.289734262e-19,-1.220002385e-31,-6.559564581e-61,4.159060516e-23,1.516714112e-12,2.018510698,-0.516287744,8.564410152e-16,8.569010397e-23,-5.217707738,0.4228204707,2.121843133,2.018510698,-119.640768,8.564410152e-16,8.569007124e-23,39.73229334,33.85008057,-89.53227628,2.018510698,-2.157697611,8.564410152e-16,8.569005255e-23,37.67973252,8.413566967e-51,5.548105672e-17,-2.497841622e-15,-2.197492006e-17,-21.2593339,-212.8503611,-1.069558914e-22,29.26375326,6.753787416,-21.2593339,-116.3395811,-30.43510431,35245.80918,-4060.255605,-21.2593339,-48.29742114,-16.43471411,-1.036006244,4.29733257,-18.04209294,42.49197326,-1.075866202,0.0001498914662,0.0002449988596
0.125,2.917740862e-40,3.379404856e-36,0.009438647053,-2.734426774e-68,3.054451884e-39,-4.867964799e-40,-5.108417237e-70,-1.10030789e-34,-6.144432954e-36,0.009438647053,-0.0006453603346,-4.925712559e-40,1.829641348e-37,-0.0359207912,0.0005290247127,0.01471801982,0.009438647053,-0.279961042,-2.547898158e-37,1.349736315e-38,-0.6939334226,0.1979619202,0.219578215,0.009438647053,-0.292412744,-1.785509831e-37,-4.664661329e-38,-0.7066259445,-3.395286145e-40,-6.820577652e-39,0.1870731521,3.501035512e-77,-1.136762942e-38,5.658810241e-40,-7.263476996e-78,2.774157107e-36,1.300916441e-34,0.1870731521,-0.02201153324,9.334820905e-38,3.0242413e-39,-0.6123842803,0.01803780883,0.250591344,0.1870731521,-7.651450973,-2.684929246e-36,2.470024106e-37,-7.939295913,4.53569752,0.4174646335,0.1870731521,-3.152366781,-2.877366735e-36,1.527877835e-36,-3.156655339,5.145565306e-20,1.002204976e-12,2.029007556,5.842357552e-60,-9.289734262e-19,-6.592138971e-32,-4.898857888e-61,4.158322302e-23,1.516714112e-12,2.029007556,-0.5619812472,8.564410152e-16,8.569011635e-23,-5.1813639,0.4601299294,2.10365845,2.029007556,-118.6007528,8.564410152e-16,8.569007365e-23,52.13752483,22.47915397,-96.84422959,2.029007556,-0.7770256712,8.564410152e-16,8.569005436e-23,36.61041595,3.342141314e-50,-5.547532659e-17,8.176370449e-16,3.474990134e-17,-15.4825177,-208.8147228,-1.069558914e-22,29.96526732,5.739866994,-15.4825177,-112.3039428,-30.59337593,33938.3077,-2208.10547,-15.4825177,-44.26178278,-16.52017952,-0.9213596165,4.49026067,-11.98138906,46.38924437,-1.081461027,0.0001474979848,0.0002315419157
0.13,1.502693765e-38,3.963804622e-36,0.01039941487,-1.387243083e-68,2.120341585e-39,-2.506976792e-38,2.250746258e-68,-1.250276094e-34,-3.397691706e-36,0.01039941487,-0.0007626377643,-3.921823475e-40,1.834580979e-37,-0.03904731607,0.000625124503,0.0159971902,0.01039941487,-0.3196940872,-2.687076571e-37,1.516490108e-38,-0.7329280654,0.2208703894,0.2204294314,0.01039941487,-0.3081216301,-1.9309747e-37,-3.787214226e-38,-0.7220140403,-4.465127138e-40,1.294229607e-39,0.1972415955,1.408331033e-77,2.157049346e-39,7.441878563e-40,5.249763578e-77,4.152650855e-36,1.518165203e-34,0.1972415955,-0.02493871609,1.380603494e-37,3.541699696e-39,-0.6381923109,0.02043415142,0.2610600427,0.1972415955,-8.24028168,-2.567515311e-36,2.86050633e-37,-7.648652868,4.617280825,-0.08174346719,0.1972415955,-3.130207141,-2.684293724e-36,1.847160107e-36,-2.999557478,5.145565306e-20,1.002204976e-12,2.038160521,2.549492303e-59,-9.289734262e-19,-1.881887165e-30,4.871434898e-60,4.158444945e-23,1.516714112e-12,2.038160521,-0.6091322332,8.564410152e-16,8.569011248e-23,-5.141338167,0.498597513,2.083538362,2.038160521,-116.8198198,8.564410152e-16,8.569007389e-23,64.0321061,9.986801509,-102.5632315,2.038160521,0.5024522603,8.564410152e-16,8.569005452e-23,35.54080594,2.150182632e-50,-1.846100167e-33,-1.685850085e-16,5.218754724e-17,-9.116793681,-205.613401,-1.069558914e-22,30.5217949,4.621483492,-9.116793681,-109.102621,-30.73138433,32845.60954,-167.8187863,-9.116793681,-41.06046098,-16.59470296,-0.8185110727,4.679231177,-5.322965205,49.43747241,-1.086339557,0.0001451519255,0.0002186704847
#simulation finished=2025-07-25,06:51:25
#Solver Info: cpuTime=3.15806,stepReductionFailed(or step failed)=0,discontinuousIterationSuccessful=1,newtonSolutionDiverged=0,massMatrixNotInvertible=0,total time steps=1310,total Newton iterations=18362,total Newton jacobians=18362
