#Exudyn implicit second order time integration sensor output file
#measure KinematicTree number = 1
#OutputVariableType = AngularVelocityLocal
#simulation started = 2025-09-03,10:52:05
#columns contain: time, comma separated sensor values (e.g, x,y,z position coordinates)
#number of sensor values = 3
#Exudyn version = 1.10.0; Python3.13.2; Windows AVX2 FLOAT64
#
0,0,0,0
0.005,0,0,-0.08711894341
0.01,0,0,-0.1755272135
0.015,0,0,-0.2649902018
0.02,0,0,-0.3462956099
0.025,0,0,-0.4135757898
0.03,0,0,-0.4700883801
0.035,0,0,-0.5287090442
0.04,0,0,-0.6191690889
0.045,0,0,-0.7177868695
0.05,0,0,-0.8113732582
0.055,0,0,-0.9216995048
0.06,0,0,-1.042458878
0.065,0,0,-1.178481007
0.07,0,0,-1.331392483
0.075,0,0,-1.50396298
0.08,0,0,-1.698349552
0.085,0,0,-1.91551887
0.09,0,0,-2.153913144
0.095,0,0,-2.406806056
0.1,0,0,-2.65860874
0.105,0,0,-2.902829891
0.11,0,0,-3.028905503
0.115,0,0,-3.054192399
0.12,0,0,-3.027251587
0.125,0,0,-3.00671925
0.13,0,0,-2.987668961
0.135,0,0,-2.966364223
0.14,0,0,-2.939888897
0.145,0,0,-2.90663558
0.15,0,0,-2.875622246
0.155,0,0,-2.848258287
0.16,0,0,-2.822221168
0.165,0,0,-2.795418758
0.17,0,0,-2.765938372
0.175,0,0,-2.734695006
0.18,0,0,-2.703404918
0.185,0,0,-2.671748053
0.19,0,0,-2.639461355
0.195,0,0,-2.606326444
0.2,0,0,-2.572222754
0.205,0,0,-2.537187346
0.21,0,0,-2.501277831
0.215,0,0,-2.4645577
0.22,0,0,-2.4270751
0.225,0,0,-2.388453634
0.23,0,0,-2.348562771
0.235,0,0,-2.30746335
0.24,0,0,-2.265206125
0.245,0,0,-2.221754733
0.25,0,0,-2.176794571
0.255,0,0,-2.130244282
0.26,0,0,-2.082044079
0.265,0,0,-2.032118968
0.27,0,0,-1.980339446
0.275,0,0,-1.926522302
0.28,0,0,-1.870476621
0.285,0,0,-1.811995715
0.29,0,0,-1.750935306
0.295,0,0,-1.687164023
0.3,0,0,-1.620328995
0.305,0,0,-1.550053511
0.31,0,0,-1.476055709
0.315,0,0,-1.3982183
0.32,0,0,-1.315959509
0.325,0,0,-1.228641309
0.33,0,0,-1.135759073
0.335,0,0,-1.036983398
0.34,0,0,-0.931427577
0.345,0,0,-0.8180844189
0.35,0,0,-0.6967224414
0.355,0,0,-0.5651332673
0.36,0,0,-0.4202259158
0.365,0,0,-0.261293623
0.37,0,0,-0.08946936291
0.375,0,0,0.09516063833
0.38,0,0,0.2882638967
0.385,0,0,0.4849165151
0.39,0,0,0.6843782199
0.395,0,0,0.887923946
0.4,0,0,1.096790431
0.405,0,0,1.310281956
0.41,0,0,1.528542825
0.415,0,0,1.752717968
0.42,0,0,1.984885215
0.425,0,0,2.224504472
0.43,0,0,2.471584204
0.435,0,0,2.730311453
0.44,0,0,3.000267969
0.445,0,0,3.281362974
0.45,0,0,3.580432969
0.455,0,0,3.897154313
0.46,0,0,4.232379968
0.465,0,0,4.597638095
0.47,0,0,4.991863673
0.475,0,0,5.422650732
0.48,0,0,5.907906552
0.485,0,0,6.44538382
0.49,0,0,7.073761666
0.495,0,0,7.806663224
0.5,0,0,8.71063221
0.505,0,0,9.821551882
0.51,0,0,11.60471302
0.515,0,0,12.26560377
0.52,0,0,10.38077903
0.525,0,0,9.371079563
0.53,0,0,8.665784522
0.535,0,0,8.147366138
0.54,0,0,7.707568424
0.545,0,0,7.343815318
0.55,0,0,7.042728538
0.555,0,0,6.772428658
0.56,0,0,6.53934194
0.565,0,0,6.334710517
0.57,0,0,6.146697045
0.575,0,0,5.978063452
0.58,0,0,5.827264453
0.585,0,0,5.686432981
0.59,0,0,5.556387619
0.595,0,0,5.438000119
0.6,0,0,5.327444967
0.605,0,0,5.223301904
0.61,0,0,5.126092926
0.615,0,0,5.035839668
0.62,0,0,4.950192638
0.625,0,0,4.868898991
0.63,0,0,4.792146635
0.635,0,0,4.71985111
0.64,0,0,4.650772938
0.645,0,0,4.584732638
0.65,0,0,4.521742249
0.655,0,0,4.461759691
0.66,0,0,4.404240698
0.665,0,0,4.34894476
0.67,0,0,4.295766859
0.675,0,0,4.244609536
0.68,0,0,4.195401736
0.685,0,0,4.147970436
0.69,0,0,4.102097286
0.695,0,0,4.057582364
0.7,0,0,4.014360935
0.705,0,0,3.972728502
0.71,0,0,3.932427857
0.715,0,0,3.893159146
0.72,0,0,3.854651367
0.725,0,0,3.817106504
0.73,0,0,3.7808379
0.735,0,0,3.745592107
0.74,0,0,3.711150802
0.745,0,0,3.677335235
0.75,0,0,3.644011435
0.755,0,0,3.611313654
0.76,0,0,3.579492833
0.765,0,0,3.54884609
0.77,0,0,3.519683149
0.775,0,0,3.489081286
0.78,0,0,3.456929838
0.785,0,0,3.425762247
0.79,0,0,3.398129083
0.795,0,0,3.376674961
0.8,0,0,3.357621406
0.805,0,0,3.331749285
0.81,0,0,3.302158478
0.815,0,0,3.27271559
0.82,0,0,3.247977305
0.825,0,0,3.233601675
0.83,0,0,3.15338834
0.835,0,0,2.975660092
0.84,0,0,2.695735282
0.845,0,0,2.420784599
0.85,0,0,2.155850439
0.855,0,0,1.913281881
0.86,0,0,1.697199248
0.865,0,0,1.507304998
0.87,0,0,1.341498009
0.875,0,0,1.196970346
0.88,0,0,1.070635205
0.885,0,0,0.9609905888
0.89,0,0,0.8630434947
0.895,0,0,0.7776777068
0.9,0,0,0.7092152122
0.905,0,0,0.6384488504
0.91,0,0,0.5684968336
0.915,0,0,0.5167277318
0.92,0,0,0.4799554758
0.925,0,0,0.4498995005
0.93,0,0,0.4216352255
0.935,0,0,0.3926825787
0.94,0,0,0.3614755299
0.945,0,0,0.3244138633
0.95,0,0,0.2803722316
0.955,0,0,0.2290466705
0.96,0,0,0.170864684
0.965,0,0,0.1070791683
0.97,0,0,0.03979634195
0.975,0,0,-0.01539775724
0.98,0,0,-0.01532096804
0.985,0,0,-0.01524454691
0.99,0,0,-0.01516852198
0.995,0,0,-0.01509286095
1,0,0,-0.01501759265
1.005,0,0,-0.01494268467
1.01,0,0,-0.01486816503
1.015,0,0,-0.0147940022
1.02,0,0,-0.01472022438
1.025,0,0,-0.01464679952
1.03,0,0,-0.0145737558
1.035,0,0,-0.01450106144
1.04,0,0,-0.01442874453
1.045,0,0,-0.01435677341
1.05,0,0,-0.01428517612
1.055,0,0,-0.01421392097
1.06,0,0,-0.01414303624
1.065,0,0,-0.01407249014
1.07,0,0,-0.01400231072
1.075,0,0,-0.01393246626
1.08,0,0,-0.01386298547
1.085,0,0,-0.0137938361
1.09,0,0,-0.01372504644
1.095,0,0,-0.01365658498
1.1,0,0,-0.01358847999
1.105,0,0,-0.01352069966
1.11,0,0,-0.01345327233
1.115,0,0,-0.01338616632
1.12,0,0,-0.01331941007
1.125,0,0,-0.01325297174
1.13,0,0,-0.01318687988
1.135,0,0,-0.01312110241
1.14,0,0,-0.01305566823
1.145,0,0,-0.01299054542
1.15,0,0,-0.0129257621
1.155,0,0,-0.01286128718
1.16,0,0,-0.01279714871
1.165,0,0,-0.01273331512
1.17,0,0,-0.01266981495
1.175,0,0,-0.01260661638
1.18,0,0,-0.01254374819
1.185,0,0,-0.0124811785
1.19,0,0,-0.01241893596
1.195,0,0,-0.0123569885
1.2,0,0,-0.01229536541
1.205,0,0,-0.01223403442
1.21,0,0,-0.01217302446
1.215,0,0,-0.01211230383
1.22,0,0,-0.01205190093
1.225,0,0,-0.0119917843
1.23,0,0,-0.0119319826
1.235,0,0,-0.01187246394
1.24,0,0,-0.01181325733
1.245,0,0,-0.01175433093
1.25,0,0,-0.01169571347
1.255,0,0,-0.0116373734
1.26,0,0,-0.01157933922
1.265,0,0,-0.01152157944
1.27,0,0,-0.01146412288
1.275,0,0,-0.01140693768
1.28,0,0,-0.01135005299
1.285,0,0,-0.01129343694
1.29,0,0,-0.01123711804
1.295,0,0,-0.01118106525
1.3,0,0,-0.01112530696
1.305,0,0,-0.01106981174
1.31,0,0,-0.01101460836
1.315,0,0,-0.01095966519
1.32,0,0,-0.01090501112
1.325,0,0,-0.0108506147
1.33,0,0,-0.01079650452
1.335,0,0,-0.01074264924
1.34,0,0,-0.01068907756
1.345,0,0,-0.01063575799
1.35,0,0,-0.01058271946
1.355,0,0,-0.01052993035
1.36,0,0,-0.01047741971
1.365,0,0,-0.01042515583
1.37,0,0,-0.01037316769
1.375,0,0,-0.01032142385
1.38,0,0,-0.01026995293
1.385,0,0,-0.0102187239
1.39,0,0,-0.01016776525
1.395,0,0,-0.01011704572
1.4,0,0,-0.0100665943
1.405,0,0,-0.01001637942
1.41,0,0,-0.009966429978
1.415,0,0,-0.009916714663
1.42,0,0,-0.009867262459
1.425,0,0,-0.009818041786
1.43,0,0,-0.009769081559
1.435,0,0,-0.009720350523
1.44,0,0,-0.009671877572
1.445,0,0,-0.009623631358
1.45,0,0,-0.009575640832
1.455,0,0,-0.009527874553
1.46,0,0,-0.00948036169
1.465,0,0,-0.009433070618
1.47,0,0,-0.009386030513
1.475,0,0,-0.009339209881
1.48,0,0,-0.009292638006
1.485,0,0,-0.009246283185
1.49,0,0,-0.009200174747
1.495,0,0,-0.009154281246
1.5,0,0,-0.00910863149
1.505,0,0,-0.009063194329
1.51,0,0,-0.00901799908
1.515,0,0,-0.008973013996
1.52,0,0,-0.008928268576
1.525,0,0,-0.008883731174
1.53,0,0,-0.008839430863
1.535,0,0,-0.008795336384
1.54,0,0,-0.008751477086
1.545,0,0,-0.008707821277
1.55,0,0,-0.008664398404
1.555,0,0,-0.008621177
1.56,0,0,-0.008578186293
1.565,0,0,-0.008535394802
1.57,0,0,-0.008492831902
1.575,0,0,-0.008450466245
1.58,0,0,-0.008408326765
1.585,0,0,-0.008366382621
1.59,0,0,-0.008324662658
1.595,0,0,-0.008283135572
1.6,0,0,-0.008241830799
1.605,0,0,-0.008200717048
1.61,0,0,-0.00815982325
1.615,0,0,-0.008119118395
1.62,0,0,-0.008078631763
1.625,0,0,-0.008038331801
1.63,0,0,-0.007998248094
1.635,0,0,-0.007958349156
1.64,0,0,-0.007918664112
1.645,0,0,-0.007879162197
1.65,0,0,-0.007839872187
1.655,0,0,-0.007800763071
1.66,0,0,-0.007761864199
1.665,0,0,-0.007723144266
1.67,0,0,-0.007684632391
1.675,0,0,-0.007646297621
1.68,0,0,-0.00760816902
1.685,0,0,-0.007570215605
1.69,0,0,-0.007532466533
1.695,0,0,-0.007494890714
1.7,0,0,-0.007457517284
1.705,0,0,-0.007420315249
1.71,0,0,-0.007383313689
1.715,0,0,-0.007346481765
1.72,0,0,-0.007309848546
1.725,0,0,-0.007273383007
1.73,0,0,-0.007237114444
1.735,0,0,-0.007201011652
1.74,0,0,-0.007165103908
1.745,0,0,-0.007129360241
1.75,0,0,-0.007093810047
1.755,0,0,-0.007058421969
1.76,0,0,-0.007023225469
1.765,0,0,-0.006988189517
1.77,0,0,-0.00695334324
1.775,0,0,-0.006918655684
1.78,0,0,-0.006884156381
1.785,0,0,-0.006849813979
1.79,0,0,-0.006815657893
1.795,0,0,-0.006781657053
1.8,0,0,-0.006747840956
1.805,0,0,-0.006714178338
1.81,0,0,-0.006680698877
1.815,0,0,-0.006647371254
1.82,0,0,-0.006614224801
1.825,0,0,-0.006581228725
1.83,0,0,-0.006548412282
1.835,0,0,-0.006515744343
1.84,0,0,-0.006483254514
1.845,0,0,-0.00645091163
1.85,0,0,-0.006418745033
1.855,0,0,-0.006386723752
1.86,0,0,-0.00635487746
1.865,0,0,-0.006323174832
1.87,0,0,-0.006291645455
1.875,0,0,-0.006260258268
1.88,0,0,-0.006229042507
1.885,0,0,-0.006197967575
1.89,0,0,-0.006167062569
1.895,0,0,-0.006136296741
1.9,0,0,-0.006105699341
1.905,0,0,-0.006075239479
1.91,0,0,-0.006044946569
1.915,0,0,-0.00601478979
1.92,0,0,-0.005984798379
1.925,0,0,-0.005954941602
1.93,0,0,-0.005925248742
1.935,0,0,-0.005895688848
1.94,0,0,-0.005866291575
1.945,0,0,-0.005837025786
1.95,0,0,-0.005807921
1.955,0,0,-0.005778946381
1.96,0,0,-0.005750131258
1.965,0,0,-0.005721444842
1.97,0,0,-0.005692916597
1.975,0,0,-0.005664515431
1.98,0,0,-0.005636271042
1.985,0,0,-0.005608152476
1.99,0,0,-0.005580189328
1.995,0,0,-0.00555235039
2,0,0,-0.005524665466
2.005,0,0,-0.005497103518
2.01,0,0,-0.005469694159
2.015,0,0,-0.005442406517
2.02,0,0,-0.005415269825
2.025,0,0,-0.005388253576
2.03,0,0,-0.005361387094
2.035,0,0,-0.005334639469
2.04,0,0,-0.005308040402
2.045,0,0,-0.00528155887
2.05,0,0,-0.005255224507
2.055,0,0,-0.005229006471
2.06,0,0,-0.00520293421
2.065,0,0,-0.005176977025
2.07,0,0,-0.005151164239
2.075,0,0,-0.005125465027
2.08,0,0,-0.005099909366
2.085,0,0,-0.005074465676
2.09,0,0,-0.00504916443
2.095,0,0,-0.005023974062
2.1,0,0,-0.004998924411
2.105,0,0,-0.004973984579
2.11,0,0,-0.004949184329
2.115,0,0,-0.004924492603
2.12,0,0,-0.004899939098
2.125,0,0,-0.004875493109
2.13,0,0,-0.004851183961
2.135,0,0,-0.004826981065
2.14,0,0,-0.004802913833
2.145,0,0,-0.00477895171
2.15,0,0,-0.004755124112
2.155,0,0,-0.004731400349
2.16,0,0,-0.004707809889
2.165,0,0,-0.004684322001
2.17,0,0,-0.004660966364
2.175,0,0,-0.004637712277
2.18,0,0,-0.004614589123
2.185,0,0,-0.004591566144
2.19,0,0,-0.004568673258
2.195,0,0,-0.004545879273
2.2,0,0,-0.004523214176
2.205,0,0,-0.004500647006
2.21,0,0,-0.00447820744
2.215,0,0,-0.004455864793
2.22,0,0,-0.004433648488
2.225,0,0,-0.004411528169
2.23,0,0,-0.004389532973
2.235,0,0,-0.004367632694
2.24,0,0,-0.004345856459
2.245,0,0,-0.004324173913
2.25,0,0,-0.004302614588
2.255,0,0,-0.004281147656
2.26,0,0,-0.004259802919
2.265,0,0,-0.004238549558
2.27,0,0,-0.004217417127
2.275,0,0,-0.004196375061
2.28,0,0,-0.004175453131
2.285,0,0,-0.0041546205
2.29,0,0,-0.004133906799
2.295,0,0,-0.00411328133
2.3,0,0,-0.004092773691
2.305,0,0,-0.004072353434
2.31,0,0,-0.004052049965
2.315,0,0,-0.004031832843
2.32,0,0,-0.004011731475
2.325,0,0,-0.003991715376
2.33,0,0,-0.003971814081
2.335,0,0,-0.003951997034
2.34,0,0,-0.003932293957
2.345,0,0,-0.003912674015
2.35,0,0,-0.003893166955
2.355,0,0,-0.003873742189
2.36,0,0,-0.003854429338
2.365,0,0,-0.003835197793
2.37,0,0,-0.003816077183
2.375,0,0,-0.003797036863
2.38,0,0,-0.003778106551
2.385,0,0,-0.003759255649
2.39,0,0,-0.003740513879
2.395,0,0,-0.003721850411
2.4,0,0,-0.003703295148
2.405,0,0,-0.003684817368
2.41,0,0,-0.00366644678
2.415,0,0,-0.003648152746
2.42,0,0,-0.003629965035
2.425,0,0,-0.003611853042
2.43,0,0,-0.003593846334
2.435,0,0,-0.003575914355
2.44,0,0,-0.003558086984
2.445,0,0,-0.003540333491
2.45,0,0,-0.003522683425
2.455,0,0,-0.003505106501
2.46,0,0,-0.003487632246
2.465,0,0,-0.003470230036
2.47,0,0,-0.003452929734
2.475,0,0,-0.003435700753
2.48,0,0,-0.003418572547
2.485,0,0,-0.003401514804
2.49,0,0,-0.003384557258
2.495,0,0,-0.003367669201
2.5,0,0,-0.003350880309
2.505,0,0,-0.003334160236
2.51,0,0,-0.003317538588
2.515,0,0,-0.00330098476
2.52,0,0,-0.003284528588
2.525,0,0,-0.003268139371
2.53,0,0,-0.003251846992
2.535,0,0,-0.003235620854
2.54,0,0,-0.00321949065
2.545,0,0,-0.003203425772
2.55,0,0,-0.003187456203
2.555,0,0,-0.003171551166
2.56,0,0,-0.003155740487
2.565,0,0,-0.003139993622
2.57,0,0,-0.003124340379
2.575,0,0,-0.003108750282
2.58,0,0,-0.003093252707
2.585,0,0,-0.003077817526
2.59,0,0,-0.003062474322
2.595,0,0,-0.003047192685
2.6,0,0,-0.003032002333
2.605,0,0,-0.003016872588
2.61,0,0,-0.003001833359
2.615,0,0,-0.00298685416
2.62,0,0,-0.002971964666
2.625,0,0,-0.002957134416
2.63,0,0,-0.002942393112
2.635,0,0,-0.002927710386
2.64,0,0,-0.002913115889
2.645,0,0,-0.002898579185
2.65,0,0,-0.002884129905
2.655,0,0,-0.002869737739
2.66,0,0,-0.002855432438
2.665,0,0,-0.002841183381
2.67,0,0,-0.002827020414
2.675,0,0,-0.002812913134
2.68,0,0,-0.002798891142
2.685,0,0,-0.002784924045
2.69,0,0,-0.002771041759
2.695,0,0,-0.002757213605
2.7,0,0,-0.002743469463
2.705,0,0,-0.002729778784
2.71,0,0,-0.00271617146
2.715,0,0,-0.002702617058
2.72,0,0,-0.002689145209
2.725,0,0,-0.002675725454
2.73,0,0,-0.002662387761
2.735,0,0,-0.002649101491
2.74,0,0,-0.002635896609
2.745,0,0,-0.002622742491
2.75,0,0,-0.002609669091
2.755,0,0,-0.002596645724
2.76,0,0,-0.002583702425
2.765,0,0,-0.002570808566
2.77,0,0,-0.00255799419
2.775,0,0,-0.002545228641
2.78,0,0,-0.002532541702
2.785,0,0,-0.002519903128
2.79,0,0,-0.002507342604
2.795,0,0,-0.002494829688
2.8,0,0,-0.002482394145
2.805,0,0,-0.002470005599
2.81,0,0,-0.00245769397
2.815,0,0,-0.002445428664
2.82,0,0,-0.002433239498
2.825,0,0,-0.00242109608
2.83,0,0,-0.002409028392
2.835,0,0,-0.002397005772
2.84,0,0,-0.002385058214
2.845,0,0,-0.002373155077
2.85,0,0,-0.00236132657
2.855,0,0,-0.002349541786
2.86,0,0,-0.002337830973
2.865,0,0,-0.002326163453
2.87,0,0,-0.002314569209
2.875,0,0,-0.002303017697
2.88,0,0,-0.002291538871
2.885,0,0,-0.002280102323
2.89,0,0,-0.002268737706
2.895,0,0,-0.00225741476
2.9,0,0,-0.002246163451
2.905,0,0,-0.002234953108
2.91,0,0,-0.002223813776
2.915,0,0,-0.002212714949
2.92,0,0,-0.002201686495
2.925,0,0,-0.002190697969
2.93,0,0,-0.002179779411
2.935,0,0,-0.002168900153
2.94,0,0,-0.002158090235
2.945,0,0,-0.002147319221
2.95,0,0,-0.002136616893
2.955,0,0,-0.002125952994
2.96,0,0,-0.002115357299
2.965,0,0,-0.002104799361
2.97,0,0,-0.002094309186
2.975,0,0,-0.002083856261
2.98,0,0,-0.002073470524
2.985,0,0,-0.002063121518
2.99,0,0,-0.002052839088
2.995,0,0,-0.002042593067
3,0,0,-0.002032413084
3.005,0,0,-0.002022268874
3.01,0,0,-0.002012190268
3.015,0,0,-0.002002146936
3.02,0,0,-0.001992168659
3.025,0,0,-0.001982225136
3.03,0,0,-0.001972346317
3.035,0,0,-0.001962501624
3.04,0,0,-0.00195272111
3.045,0,0,-0.001942974343
3.05,0,0,-0.001933291294
3.055,0,0,-0.001923641421
3.06,0,0,-0.001914054771
3.065,0,0,-0.00190450083
3.07,0,0,-0.001895009606
3.075,0,0,-0.001885550762
3.08,0,0,-0.001876154008
3.085,0,0,-0.001866789153
3.09,0,0,-0.001857485963
3.095,0,0,-0.00184821422
3.1,0,0,-0.001839003773
3.105,0,0,-0.00182982413
3.11,0,0,-0.001820705364
3.115,0,0,-0.00181161696
3.12,0,0,-0.001802589122
3.125,0,0,-0.001793591167
3.13,0,0,-0.001784653132
3.135,0,0,-0.001775744568
3.14,0,0,-0.001766895501
3.145,0,0,-0.001758075556
3.15,0,0,-0.001749314652
3.155,0,0,-0.001740582338
3.16,0,0,-0.001731908666
3.165,0,0,-0.001723263171
3.17,0,0,-0.0017146759
3.175,0,0,-0.00170611644
3.18,0,0,-0.001697614686
3.185,0,0,-0.001689140249
3.19,0,0,-0.001680723206
3.195,0,0,-0.001672332952
3.2,0,0,-0.001663999728
3.205,0,0,-0.001655692959
3.21,0,0,-0.001647442703
3.215,0,0,-0.001639218543
3.22,0,0,-0.001631050361
3.225,0,0,-0.001622907974
3.23,0,0,-0.001614821227
3.235,0,0,-0.001606759718
3.24,0,0,-0.001598753531
3.245,0,0,-0.001590772242
3.25,0,0,-0.001582845699
3.255,0,0,-0.001574943679
3.26,0,0,-0.001567096118
3.265,0,0,-0.001559272767
3.27,0,0,-0.001551503305
3.275,0,0,-0.001543757585
3.28,0,0,-0.001536065689
3.285,0,0,-0.001528396959
3.29,0,0,-0.001520781605
3.295,0,0,-0.00151318912
3.3,0,0,-0.001505649569
3.305,0,0,-0.001498132662
3.31,0,0,-0.001490668119
3.315,0,0,-0.001483225899
3.32,0,0,-0.001475835725
3.325,0,0,-0.00146846757
3.33,0,0,-0.001461150968
3.335,0,0,-0.001453855927
3.34,0,0,-0.001446612362
3.345,0,0,-0.001439389852
3.35,0,0,-0.00143221835
3.355,0,0,-0.001425067541
3.36,0,0,-0.001417967551
3.365,0,0,-0.001410887914
3.37,0,0,-0.001403858656
3.375,0,0,-0.001396849315
3.38,0,0,-0.001389889998
3.385,0,0,-0.00138295038
3.39,0,0,-0.00137606042
3.395,0,0,-0.001369189769
3.4,0,0,-0.001362368412
3.405,0,0,-0.001355566028
3.41,0,0,-0.001348812699
3.415,0,0,-0.001342077966
3.42,0,0,-0.001335391808
3.425,0,0,-0.00132872394
3.43,0,0,-0.001322104403
3.435,0,0,-0.001315502924
3.44,0,0,-0.001308949282
3.445,0,0,-0.001302413441
3.45,0,0,-0.001295925202
3.455,0,0,-0.001289454164
3.46,0,0,-0.001283030484
3.465,0,0,-0.001276623801
3.47,0,0,-0.001270264131
3.475,0,0,-0.001263921151
3.48,0,0,-0.001257624863
3.485,0,0,-0.001251344915
3.49,0,0,-0.001245111352
3.495,0,0,-0.001238893723
3.5,0,0,-0.001232722265
3.505,0,0,-0.001226566516
3.51,0,0,-0.001220456527
3.515,0,0,-0.001214361956
3.52,0,0,-0.001208312816
3.525,0,0,-0.001202278748
3.53,0,0,-0.001196289927
3.535,0,0,-0.001190315956
3.54,0,0,-0.001184386681
3.545,0,0,-0.001178471948
3.55,0,0,-0.001172601844
3.555,0,0,-0.001166745921
3.56,0,0,-0.001160934357
3.565,0,0,-0.001155136637
3.57,0,0,-0.001149382842
3.575,0,0,-0.001143642854
3.58,0,0,-0.001137946383
3.585,0,0,-0.00113226333
3.59,0,0,-0.001126623649
3.595,0,0,-0.001120997055
3.6,0,0,-0.001115413587
3.605,0,0,-0.00110984295
3.61,0,0,-0.001104315057
3.615,0,0,-0.001098799769
3.62,0,0,-0.00109332702
3.625,0,0,-0.00108786643
3.63,0,0,-0.001082448257
3.635,0,0,-0.001077041968
3.64,0,0,-0.001071677769
3.645,0,0,-0.001066325268
3.65,0,0,-0.001061014321
3.655,0,0,-0.00105571507
3.66,0,0,-0.001050457184
3.665,0,0,-0.001045210513
3.67,0,0,-0.001040004962
3.675,0,0,-0.001034810414
3.68,0,0,-0.001029656754
3.685,0,0,-0.001024513868
3.69,0,0,-0.001019411567
3.695,0,0,-0.001014319714
3.7,0,0,-0.001009268302
3.705,0,0,-0.001004227069
3.71,0,0,-0.0009992259502
3.715,0,0,-0.0009942347883
3.72,0,0,-0.0009892834722
3.725,0,0,-0.0009843419591
3.73,0,0,-0.0009794400164
3.735,0,0,-0.0009745475256
3.74,0,0,-0.0009696944736
3.745,0,0,-0.0009648505051
3.75,0,0,-0.0009600458654
3.755,0,0,-0.0009552501657
3.76,0,0,-0.0009504933262
3.765,0,0,-0.0009457451916
3.77,0,0,-0.0009410358134
3.775,0,0,-0.0009363348112
3.78,0,0,-0.0009316723391
3.785,0,0,-0.0009270181109
3.79,0,0,-0.0009224020856
3.795,0,0,-0.0009177940319
3.8,0,0,-0.0009132240826
3.805,0,0,-0.0009086617827
3.81,0,0,-0.0009041373963
3.815,0,0,-0.0008996204102
3.82,0,0,-0.0008951411579
3.825,0,0,-0.0008906690941
3.83,0,0,-0.0008862343589
3.835,0,0,-0.0008818066817
3.84,0,0,-0.0008774161922
3.845,0,0,-0.0008730325944
3.85,0,0,-0.0008686857737
3.855,0,0,-0.0008643456376
3.86,0,0,-0.0008600422326
3.865,0,0,-0.0008557452431
3.87,0,0,-0.0008514847321
3.875,0,0,-0.0008472304191
3.88,0,0,-0.0008430123879
3.885,0,0,-0.0008388003256
3.89,0,0,-0.0008346242061
3.895,0,0,-0.0008304540574
3.9,0,0,-0.0008263196757
3.905,0,0,-0.0008221908551
3.91,0,0,-0.0008180976778
3.915,0,0,-0.0008140098713
3.92,0,0,-0.0008099575335
3.925,0,0,-0.0008059103799
3.93,0,0,-0.0008018983721
3.935,0,0,-0.0007978912975
3.94,0,0,-0.000793919391
3.945,0,0,-0.0007899521799
3.95,0,0,-0.0007860197176
3.955,0,0,-0.0007820919052
3.96,0,0,-0.0007781987522
3.965,0,0,-0.0007743099707
3.97,0,0,-0.0007704555869
3.975,0,0,-0.000766605449
3.98,0,0,-0.0007627895027
3.985,0,0,-0.000758977549
3.99,0,0,-0.0007551996737
3.995,0,0,-0.0007514255744
4,0,0,-0.0007476852656
4.005,0,0,-0.0007439487378
4.01,0,0,-0.0007402457857
4.015,0,0,-0.0007365462195
4.02,0,0,-0.0007328802016
4.025,0,0,-0.0007292174573
4.03,0,0,-0.0007255879433
4.035,0,0,-0.0007219615892
4.04,0,0,-0.00071836827
4.045,0,0,-0.0007147778887
4.05,0,0,-0.00071122045
4.055,0,0,-0.0007076657229
4.06,0,0,-0.0007041437
4.065,0,0,-0.000700624279
4.07,0,0,-0.0006971373735
4.075,0,0,-0.0006936529
4.08,0,0,-0.0006902008539
4.085,0,0,-0.0006867509126
4.09,0,0,-0.0006833332273
4.095,0,0,-0.0006799175476
4.1,0,0,-0.0006765339793
4.105,0,0,-0.0006731522304
4.11,0,0,-0.0006698024139
4.115,0,0,-0.0006664542064
4.12,0,0,-0.0006631378109
4.125,0,0,-0.0006598229057
4.13,0,0,-0.0006565394457
4.135,0,0,-0.0006532574718
4.14,0,0,-0.0006500068809
4.145,0,0,-0.000646757416
4.15,0,0,-0.0006435392313
4.155,0,0,-0.0006403220448
4.16,0,0,-0.0006371359138
4.165,0,0,-0.0006339506713
4.17,0,0,-0.0006307963589
4.175,0,0,-0.00062764272
4.18,0,0,-0.0006245198837
4.185,0,0,-0.0006213975957
4.19,0,0,-0.0006183058125
4.195,0,0,-0.0006152144986
4.2,0,0,-0.0006121536143
4.205,0,0,-0.0006090929968
4.21,0,0,-0.0006060625814
4.215,0,0,-0.0006030323697
4.22,0,0,-0.0006000322522
4.225,0,0,-0.0005970320459
4.23,0,0,-0.0005940618606
4.235,0,0,-0.0005910914389
4.24,0,0,-0.0005881509259
4.245,0,0,-0.0005852099819
4.25,0,0,-0.0005822986462
4.255,0,0,-0.0005793869655
4.26,0,0,-0.0005765048133
4.265,0,0,-0.0005736219337
4.27,0,0,-0.0005707685128
4.275,0,0,-0.0005679143119
4.28,0,0,-0.0005650893149
4.285,0,0,-0.0005622634204
4.29,0,0,-0.0005594665556
4.295,0,0,-0.0005566687548
4.3,0,0,-0.0005538998224
4.305,0,0,-0.0005511297422
4.31,0,0,-0.0005483885415
4.315,0,0,-0.0005456459379
4.32,0,0,-0.0005429319448
4.325,0,0,-0.0005402166212
4.33,0,0,-0.0005375297602
4.335,0,0,-0.0005348412447
4.34,0,0,-0.0005321812198
4.345,0,0,-0.0005295194982
4.35,0,0,-0.0005268860294
4.355,0,0,-0.0005242507087
4.36,0,0,-0.000521643496
4.365,0,0,-0.0005190342154
4.37,0,0,-0.000516453063
4.375,0,0,-0.0005138697508
4.38,0,0,-0.0005113142672
4.385,0,0,-0.0005087565465
4.39,0,0,-0.0005062266959
4.395,0,0,-0.000503694357
4.4,0,0,-0.0005011897255
4.405,0,0,-0.0004986824219
4.41,0,0,-0.0004962027522
4.415,0,0,-0.0004937204864
4.42,0,0,-0.0004912655184
4.425,0,0,-0.0004888077934
4.43,0,0,-0.0004863774006
4.435,0,0,-0.000483944051
4.44,0,0,-0.0004815378424
4.445,0,0,-0.0004791286963
4.45,0,0,-0.0004767465157
4.455,0,0,-0.0004743612315
4.46,0,0,-0.0004720028865
4.465,0,0,-0.0004696412779
