#Exudyn implicit second order time integration sensor output file
#measure KinematicTree number = 1
#OutputVariableType = Rotation
#simulation started = 2025-09-03,07:51:04
#columns contain: time, comma separated sensor values (e.g, x,y,z position coordinates)
#number of sensor values = 3
#Exudyn version = 1.10.0; Python3.13.2; Windows AVX2 FLOAT64
#
0,-0,0,-2.094395102
0.01,-0,0,-2.272050103
0.02,-0,0,-1.723276881
0.03,-0,0,-0.9945439779
0.04,-0,0,-0.9899575955
0.05,-0,0,-0.9854168488
0.06,-0,0,-0.9809212836
0.07,-0,0,-0.9764704504
0.08,-0,0,-0.9720639041
0.09,-0,0,-0.967701204
0.1,-0,0,-0.9633819139
0.11,-0,0,-0.9591056018
0.12,-0,0,-0.9548718401
0.13,-0,0,-0.9506802053
0.14,-0,0,-0.9465302784
0.15,-0,0,-0.9424216442
0.16,-0,0,-0.938353892
0.17,-0,0,-0.934326615
0.18,-0,0,-0.9303394103
0.19,-0,0,-0.9263918793
0.2,-0,0,-0.9224836273
0.21,-0,0,-0.9186142633
0.22,-0,0,-0.9147834005
0.23,-0,0,-0.9109906557
0.24,-0,0,-0.9072356496
0.25,-0,0,-0.9035180068
0.26,-0,0,-0.8998373555
0.27,-0,0,-0.8961933275
0.28,-0,0,-0.8925855586
0.29,-0,0,-0.8890136878
0.3,-0,0,-0.8854773581
0.31,-0,0,-0.8819762157
0.32,-0,0,-0.8785099105
0.33,-0,0,-0.8750780389
0.34,-0,0,-0.8716803153
0.35,-0,0,-0.868316457
0.36,-0,0,-0.8649860698
0.37,-0,0,-0.8616888208
0.38,-0,0,-0.8584243803
0.39,-0,0,-0.8551924218
0.4,-0,0,-0.851992622
0.41,-0,0,-0.8488246611
0.42,-0,0,-0.8456882221
0.43,-0,0,-0.8425829915
0.44,-0,0,-0.8395086588
0.45,-0,0,-0.8364648627
0.46,-0,0,-0.8334513531
0.47,-0,0,-0.8304678824
0.48,-0,0,-0.827514098
0.49,-0,0,-0.8245897044
0.5,-0,0,-0.8216944093
0.51,-0,0,-0.8188279232
0.52,-0,0,-0.8159899592
0.53,-0,0,-0.8131802337
0.54,-0,0,-0.8103984657
0.55,-0,0,-0.807644377
0.56,-0,0,-0.8049176921
0.57,-0,0,-0.8022181384
0.58,-0,0,-0.799545446
0.59,-0,0,-0.7968992931
0.6,-0,0,-0.7942794701
0.61,-0,0,-0.7916857694
0.62,-0,0,-0.7891178766
0.63,-0,0,-0.7865754778
0.64,-0,0,-0.7840583765
0.65,-0,0,-0.7815663782
0.66,-0,0,-0.7790991759
0.67,-0,0,-0.7766565229
0.68,-0,0,-0.7742381748
0.69,-0,0,-0.77184389
0.7,-0,0,-0.7694734289
0.71,-0,0,-0.7671265544
0.72,-0,0,-0.764803032
0.73,-0,0,-0.7625026291
0.74,-0,0,-0.7602251159
0.75,-0,0,-0.7579702645
0.76,-0,0,-0.7557378494
0.77,-0,0,-0.7535275936
0.78,-0,0,-0.7513393303
0.79,-0,0,-0.7491728947
0.8,-0,0,-0.7470280156
0.81,-0,0,-0.7449044786
0.82,-0,0,-0.7428020713
0.83,-0,0,-0.7407205835
0.84,-0,0,-0.7386598071
0.85,-0,0,-0.7366195358
0.86,-0,0,-0.7345995658
0.87,-0,0,-0.732599695
0.88,-0,0,-0.7306197234
0.89,-0,0,-0.7286594529
0.9,-0,0,-0.7267186877
0.91,-0,0,-0.7247972336
0.92,-0,0,-0.7228948984
0.93,-0,0,-0.7210114919
0.94,-0,0,-0.7191468258
0.95,-0,0,-0.7173007136
0.96,-0,0,-0.7154729706
0.97,-0,0,-0.7136634142
0.98,-0,0,-0.7118718633
0.99,-0,0,-0.7100981388
1,-0,0,-0.7083420632
1.01,-0,0,-0.7066034611
1.02,-0,0,-0.7048821585
1.03,-0,0,-0.7031779832
1.04,-0,0,-0.701490765
1.05,-0,0,-0.6998203349
1.06,-0,0,-0.6981665261
1.07,-0,0,-0.6965291731
1.08,-0,0,-0.6949081121
1.09,-0,0,-0.6933031811
1.1,-0,0,-0.6917142196
1.11,-0,0,-0.6901410686
1.12,-0,0,-0.6885835709
1.13,-0,0,-0.6870415707
1.14,-0,0,-0.6855149137
1.15,-0,0,-0.6840034474
1.16,-0,0,-0.6825070206
1.17,-0,0,-0.6810254835
1.18,-0,0,-0.6795586881
1.19,-0,0,-0.6781064877
1.2,-0,0,-0.6766687371
1.21,-0,0,-0.6752452924
1.22,-0,0,-0.6738360114
1.23,-0,0,-0.672440753
1.24,-0,0,-0.6710593778
1.25,-0,0,-0.6696916928
1.26,-0,0,-0.6683376165
1.27,-0,0,-0.6669970686
1.28,-0,0,-0.6656698594
1.29,-0,0,-0.6643558563
1.3,-0,0,-0.6630549279
1.31,-0,0,-0.6617668903
1.32,-0,0,-0.660491669
1.33,-0,0,-0.6592291901
1.34,-0,0,-0.6579792733
1.35,-0,0,-0.6567417934
1.36,-0,0,-0.6555166268
1.37,-0,0,-0.6543036509
1.38,-0,0,-0.6531027444
1.39,-0,0,-0.6519137872
1.4,-0,0,-0.6507366605
1.41,-0,0,-0.6495712464
1.42,-0,0,-0.6484174285
1.43,-0,0,-0.6472750369
1.44,-0,0,-0.6461440124
1.45,-0,0,-0.6450242963
1.46,-0,0,-0.6439157217
1.47,-0,0,-0.6428181777
1.48,-0,0,-0.6417315545
1.49,-0,0,-0.6406557435
1.5,-0,0,-0.6395906371
1.51,-0,0,-0.6385361287
1.52,-0,0,-0.637492113
1.53,-0,0,-0.6364584854
1.54,-0,0,-0.6354351428
1.55,-0,0,-0.6344219826
1.56,-0,0,-0.6334189037
1.57,-0,0,-0.6324258056
1.58,-0,0,-0.6314425891
1.59,-0,0,-0.6304691559
1.6,-0,0,-0.6295054085
1.61,-0,0,-0.6285512507
1.62,-0,0,-0.627606587
1.63,-0,0,-0.6266713229
1.64,-0,0,-0.6257453649
1.65,-0,0,-0.6248286205
1.66,-0,0,-0.6239209979
1.67,-0,0,-0.6230224063
1.68,-0,0,-0.622132756
1.69,-0,0,-0.6212519579
1.7,-0,0,-0.620379924
1.71,-0,0,-0.619516567
1.72,-0,0,-0.6186618006
1.73,-0,0,-0.6178155394
1.74,-0,0,-0.6169776987
1.75,-0,0,-0.6161481947
1.76,-0,0,-0.6153269445
1.77,-0,0,-0.6145138659
1.78,-0,0,-0.6137088777
1.79,-0,0,-0.6129118992
1.8,-0,0,-0.612122851
1.81,-0,0,-0.6113416539
1.82,-0,0,-0.61056823
1.83,-0,0,-0.6098025018
1.84,-0,0,-0.6090443928
1.85,-0,0,-0.6082938272
1.86,-0,0,-0.6075507299
1.87,-0,0,-0.6068150266
1.88,-0,0,-0.6060866437
1.89,-0,0,-0.6053655084
1.9,-0,0,-0.6046515486
1.91,-0,0,-0.6039446929
1.92,-0,0,-0.6032448705
1.93,-0,0,-0.6025520116
1.94,-0,0,-0.6018660468
1.95,-0,0,-0.6011869075
1.96,-0,0,-0.6005145258
1.97,-0,0,-0.5998488345
1.98,-0,0,-0.5991897669
1.99,-0,0,-0.5985372573
2,-0,0,-0.5978912403
2.01,-0,0,-0.5972516513
2.02,-0,0,-0.5966184264
2.03,-0,0,-0.5959915022
2.04,-0,0,-0.5953708161
2.05,-0,0,-0.594756306
2.06,-0,0,-0.5941479103
2.07,-0,0,-0.5935455684
2.08,-0,0,-0.59294922
2.09,-0,0,-0.5923588053
2.1,-0,0,-0.5917742654
2.11,-0,0,-0.5911955419
2.12,-0,0,-0.5906225768
2.13,-0,0,-0.5900553128
2.14,-0,0,-0.5894936932
2.15,-0,0,-0.5889376619
2.16,-0,0,-0.5883871633
2.17,-0,0,-0.5878420878
2.18,-0,0,-0.587302436
2.19,-0,0,-0.5867682083
2.2,-0,0,-0.5862392962
2.21,-0,0,-0.585715647
2.22,-0,0,-0.5851972082
2.23,-0,0,-0.584683928
2.24,-0,0,-0.584175755
2.25,-0,0,-0.5836726385
2.26,-0,0,-0.5831745282
2.27,-0,0,-0.5826813742
2.28,-0,0,-0.5821931271
2.29,-0,0,-0.5817097383
2.3,-0,0,-0.5812311593
2.31,-0,0,-0.5807573422
2.32,-0,0,-0.5802882398
2.33,-0,0,-0.579823805
2.34,-0,0,-0.5793639915
2.35,-0,0,-0.5789087533
2.36,-0,0,-0.5784580448
2.37,-0,0,-0.5780117655
2.38,-0,0,-0.5775699268
2.39,-0,0,-0.5771325399
2.4,-0,0,-0.5766995052
2.41,-0,0,-0.5762707282
2.42,-0,0,-0.5758462177
2.43,-0,0,-0.5754259822
2.44,-0,0,-0.5750099281
2.45,-0,0,-0.5745980139
2.46,-0,0,-0.5741901983
2.47,-0,0,-0.5737864406
2.48,-0,0,-0.5733867003
2.49,-0,0,-0.5729909376
2.5,-0,0,-0.5725991128
2.51,-0,0,-0.5722111868
2.52,-0,0,-0.5718271208
2.53,-0,0,-0.5714468762
2.54,-0,0,-0.5710704153
2.55,-0,0,-0.5706977002
2.56,-0,0,-0.5703286937
2.57,-0,0,-0.5699633589
2.58,-0,0,-0.5696016593
2.59,-0,0,-0.5692435587
2.6,-0,0,-0.5688890212
2.61,-0,0,-0.5685380115
2.62,-0,0,-0.5681904945
2.63,-0,0,-0.5678464353
2.64,-0,0,-0.5675057996
2.65,-0,0,-0.5671685533
2.66,-0,0,-0.5668346627
2.67,-0,0,-0.5665040944
2.68,-0,0,-0.5661768153
2.69,-0,0,-0.5658527928
2.7,-0,0,-0.5655319943
2.71,-0,0,-0.5652143879
2.72,-0,0,-0.5648999417
2.73,-0,0,-0.5645886244
2.74,-0,0,-0.5642804047
2.75,-0,0,-0.5639752519
2.76,-0,0,-0.5636731354
2.77,-0,0,-0.5633740251
2.78,-0,0,-0.563077891
2.79,-0,0,-0.5627847035
2.8,-0,0,-0.5624944333
2.81,-0,0,-0.5622070513
2.82,-0,0,-0.5619225289
2.83,-0,0,-0.5616408376
2.84,-0,0,-0.5613619491
2.85,-0,0,-0.5610858356
2.86,-0,0,-0.5608124696
2.87,-0,0,-0.5605418236
2.88,-0,0,-0.5602738706
2.89,-0,0,-0.5600085838
2.9,-0,0,-0.5597459367
2.91,-0,0,-0.5594858495
2.92,-0,0,-0.5592283502
2.93,-0,0,-0.5589734666
2.94,-0,0,-0.5587211192
2.95,-0,0,-0.5584712826
2.96,-0,0,-0.558223932
2.97,-0,0,-0.5579790426
2.98,-0,0,-0.55773659
2.99,-0,0,-0.5574965497
3,-0,0,-0.557258898
3.01,-0,0,-0.5570236109
3.02,-0,0,-0.556790665
3.03,-0,0,-0.556560037
3.04,-0,0,-0.5563317037
3.05,-0,0,-0.5561056425
3.06,-0,0,-0.5558818306
3.07,-0,0,-0.5556602457
3.08,-0,0,-0.5554408656
3.09,-0,0,-0.5552236684
3.1,-0,0,-0.5550086324
3.11,-0,0,-0.554795736
3.12,-0,0,-0.554584958
3.13,-0,0,-0.5543762773
3.14,-0,0,-0.554169673
3.15,-0,0,-0.5539651245
3.16,-0,0,-0.5537626113
3.17,-0,0,-0.5535621132
3.18,-0,0,-0.55336361
3.19,-0,0,-0.5531670821
3.2,-0,0,-0.5529725096
3.21,-0,0,-0.5527798731
3.22,-0,0,-0.5525891535
3.23,-0,0,-0.5524003315
3.24,-0,0,-0.5522133884
3.25,-0,0,-0.5520283054
3.26,-0,0,-0.551845064
3.27,-0,0,-0.551663646
3.28,-0,0,-0.5514840331
3.29,-0,0,-0.5513062073
3.3,-0,0,-0.551130151
3.31,-0,0,-0.5509558465
3.32,-0,0,-0.5507832764
3.33,-0,0,-0.550612368
3.34,-0,0,-0.5504431602
3.35,-0,0,-0.5502756914
3.36,-0,0,-0.550109889
3.37,-0,0,-0.5499457364
3.38,-0,0,-0.5497832171
3.39,-0,0,-0.549622259
3.4,-0,0,-0.5494629026
3.41,-0,0,-0.5493051876
3.42,-0,0,-0.5491490419
3.43,-0,0,-0.54899445
3.44,-0,0,-0.5488413962
3.45,-0,0,-0.5486898145
3.46,-0,0,-0.5485397411
3.47,-0,0,-0.5483912119
3.48,-0,0,-0.5482441605
3.49,-0,0,-0.5480985723
3.5,-0,0,-0.5479544327
3.51,-0,0,-0.5478117274
3.52,-0,0,-0.547670442
3.53,-0,0,-0.5475305073
3.54,-0,0,-0.547391965
3.55,-0,0,-0.5472548564
3.56,-0,0,-0.547119112
3.57,-0,0,-0.5469847184
3.58,-0,0,-0.5468516619
3.59,-0,0,-0.546719877
3.6,-0,0,-0.5465894033
3.61,-0,0,-0.5464602804
3.62,-0,0,-0.5463324423
3.63,-0,0,-0.5462058761
3.64,-0,0,-0.5460805694
3.65,-0,0,-0.5459565095
3.66,-0,0,-0.545833684
3.67,-0,0,-0.5457120265
3.68,-0,0,-0.5455915796
3.69,-0,0,-0.5454723853
3.7,-0,0,-0.5453543769
3.71,-0,0,-0.545237492
3.72,-0,0,-0.5451217702
3.73,-0,0,-0.5450072506
3.74,-0,0,-0.5448938704
3.75,-0,0,-0.5447816185
3.76,-0,0,-0.5446704834
3.77,-0,0,-0.5445604542
3.78,-0,0,-0.5444515198
3.79,-0,0,-0.5443436693
3.8,-0,0,-0.544236892
3.81,-0,0,-0.5441311771
3.82,-0,0,-0.5440265142
3.83,-0,0,-0.5439228926
3.84,-0,0,-0.5438203021
3.85,-0,0,-0.5437187324
3.86,-0,0,-0.5436181734
3.87,-0,0,-0.5435185559
3.88,-0,0,-0.5434199298
3.89,-0,0,-0.5433222909
3.9,-0,0,-0.5432256236
3.91,-0,0,-0.5431299711
3.92,-0,0,-0.5430352703
3.93,-0,0,-0.5429415119
3.94,-0,0,-0.5428486864
3.95,-0,0,-0.5427567845
3.96,-0,0,-0.5426657971
3.97,-0,0,-0.542575715
3.98,-0,0,-0.5424865292
3.99,-0,0,-0.5423982309
4,-0,0,-0.5423108112
4.01,-0,0,-0.5422242613
4.02,-0,0,-0.5421385726
4.03,-0,0,-0.5420537365
4.04,-0,0,-0.5419697446
4.05,-0,0,-0.5418865884
4.06,-0,0,-0.5418042596
4.07,-0,0,-0.5417227501
4.08,-0,0,-0.5416420515
4.09,-0,0,-0.541562156
4.1,-0,0,-0.5414830554
4.11,-0,0,-0.5414047419
4.12,-0,0,-0.5413272076
4.13,-0,0,-0.5412504448
4.14,-0,0,-0.5411744459
4.15,-0,0,-0.5410992031
4.16,-0,0,-0.541024709
4.17,-0,0,-0.5409509055
4.18,-0,0,-0.5408778365
4.19,-0,0,-0.540805545
4.2,-0,0,-0.5407339729
4.21,-0,0,-0.5406630562
4.22,-0,0,-0.5405928451
4.23,-0,0,-0.5405233894
4.24,-0,0,-0.5404546248
4.25,-0,0,-0.5403865444
4.26,-0,0,-0.5403191415
4.27,-0,0,-0.5402524092
4.28,-0,0,-0.5401863409
4.29,-0,0,-0.5401209301
4.3,-0,0,-0.54005617
4.31,-0,0,-0.5399920544
4.32,-0,0,-0.5399285767
4.33,-0,0,-0.5398657306
4.34,-0,0,-0.5398035099
4.35,-0,0,-0.5397418513
4.36,-0,0,-0.5396808063
4.37,-0,0,-0.5396204256
4.38,-0,0,-0.5395606457
4.39,-0,0,-0.5395014607
4.4,-0,0,-0.5394428645
4.41,-0,0,-0.5393848514
4.42,-0,0,-0.5393274155
4.43,-0,0,-0.5392705512
4.44,-0,0,-0.5392142526
4.45,-0,0,-0.5391585143
4.46,-0,0,-0.5391033305
4.47,-0,0,-0.5390486959
4.48,-0,0,-0.5389946049
4.49,-0,0,-0.538941052
4.5,-0,0,-0.5388880321
4.51,-0,0,-0.5388355397
4.52,-0,0,-0.5387835696
4.53,-0,0,-0.5387321167
4.54,-0,0,-0.5386811757
4.55,-0,0,-0.5386307416
4.56,-0,0,-0.5385808093
4.57,-0,0,-0.5385313739
4.58,-0,0,-0.5384824303
4.59,-0,0,-0.5384339738
4.6,-0,0,-0.5383859994
4.61,-0,0,-0.5383385024
4.62,-0,0,-0.5382914779
4.63,-0,0,-0.5382449214
4.64,-0,0,-0.5381988281
4.65,-0,0,-0.5381531935
4.66,-0,0,-0.538108013
4.67,-0,0,-0.538063282
4.68,-0,0,-0.538018996
4.69,-0,0,-0.5379751508
4.7,-0,0,-0.5379317418
4.71,-0,0,-0.5378887647
4.72,-0,0,-0.5378462153
4.73,-0,0,-0.5378040893
4.74,-0,0,-0.5377623824
4.75,-0,0,-0.5377210905
4.76,-0,0,-0.5376802095
4.77,-0,0,-0.5376397352
4.78,-0,0,-0.5375996637
4.79,-0,0,-0.5375599909
4.8,-0,0,-0.5375207129
4.81,-0,0,-0.5374818256
4.82,-0,0,-0.5374433254
4.83,-0,0,-0.5374052082
4.84,-0,0,-0.5373674703
4.85,-0,0,-0.5373301078
4.86,-0,0,-0.5372931172
4.87,-0,0,-0.5372564946
4.88,-0,0,-0.5372202364
4.89,-0,0,-0.537184339
4.9,-0,0,-0.5371487988
4.91,-0,0,-0.5371136122
4.92,-0,0,-0.5370787758
4.93,-0,0,-0.5370442362
4.94,-0,0,-0.5370100402
4.95,-0,0,-0.5369762343
4.96,-0,0,-0.5369427648
4.97,-0,0,-0.5369096283
4.98,-0,0,-0.5368768215
4.99,-0,0,-0.5368443412
5,-0,0,-0.536812184
5.01,-0,0,-0.5367802919
5.02,-0,0,-0.536748717
5.03,-0,0,-0.5367175113
5.04,-0,0,-0.5366866162
5.05,-0,0,-0.5366560284
5.06,-0,0,-0.536625745
5.07,-0,0,-0.536595763
5.08,-0,0,-0.5365660792
5.09,-0,0,-0.5365366909
5.1,-0,0,-0.5365075949
5.11,-0,0,-0.5364787885
5.12,-0,0,-0.5364502687
5.13,-0,0,-0.5364220326
5.14,-0,0,-0.5363940776
5.15,-0,0,-0.5363663541
5.16,-0,0,-0.5363389065
5.17,-0,0,-0.5363117786
5.18,-0,0,-0.5362849205
5.19,-0,0,-0.5362583298
5.2,-0,0,-0.5362320036
5.21,-0,0,-0.5362059393
5.22,-0,0,-0.5361801344
5.23,-0,0,-0.5361545863
5.24,-0,0,-0.5361292924
5.25,-0,0,-0.5361042502
5.26,-0,0,-0.5360794571
5.27,-0,0,-0.5360549107
5.28,-0,0,-0.5360306086
5.29,-0,0,-0.5360065483
5.3,-0,0,-0.5359827274
5.31,-0,0,-0.5359591435
5.32,-0,0,-0.5359357943
5.33,-0,0,-0.5359126774
5.34,-0,0,-0.5358897906
5.35,-0,0,-0.5358671314
5.36,-0,0,-0.5358446978
5.37,-0,0,-0.5358224873
5.38,-0,0,-0.5358004979
5.39,-0,0,-0.5357787272
5.4,-0,0,-0.5357571732
5.41,-0,0,-0.5357358336
5.42,-0,0,-0.5357147064
5.43,-0,0,-0.5356937894
5.44,-0,0,-0.5356730805
5.45,-0,0,-0.5356525777
5.46,-0,0,-0.5356322789
5.47,-0,0,-0.5356121821
5.48,-0,0,-0.5355922852
5.49,-0,0,-0.5355725863
5.5,-0,0,-0.5355530835
5.51,-0,0,-0.5355337746
5.52,-0,0,-0.535514658
5.53,-0,0,-0.5354957315
5.54,-0,0,-0.5354769933
5.55,-0,0,-0.5354584416
5.56,-0,0,-0.5354400745
5.57,-0,0,-0.5354218902
5.58,-0,0,-0.5354038868
5.59,-0,0,-0.5353860625
5.6,-0,0,-0.5353684156
5.61,-0,0,-0.5353509443
5.62,-0,0,-0.5353336468
5.63,-0,0,-0.5353164677
5.64,-0,0,-0.5352994595
5.65,-0,0,-0.5352826743
5.66,-0,0,-0.5352660561
5.67,-0,0,-0.5352496033
5.68,-0,0,-0.5352333142
5.69,-0,0,-0.5352171872
5.7,-0,0,-0.5352012206
5.71,-0,0,-0.5351854129
5.72,-0,0,-0.5351697625
5.73,-0,0,-0.5351542678
5.74,-0,0,-0.5351389273
5.75,-0,0,-0.5351237395
5.76,-0,0,-0.5351087027
5.77,-0,0,-0.5350938156
5.78,-0,0,-0.5350790766
5.79,-0,0,-0.5350644843
5.8,-0,0,-0.5350500372
5.81,-0,0,-0.5350357338
5.82,-0,0,-0.5350215727
5.83,-0,0,-0.5350075526
5.84,-0,0,-0.5349936719
5.85,-0,0,-0.5349799294
5.86,-0,0,-0.5349663236
5.87,-0,0,-0.5349528532
5.88,-0,0,-0.5349395168
5.89,-0,0,-0.5349263132
5.9,-0,0,-0.5349132409
5.91,-0,0,-0.5349002986
5.92,-0,0,-0.5348874852
5.93,-0,0,-0.5348747992
5.94,-0,0,-0.5348622395
5.95,-0,0,-0.5348498048
5.96,-0,0,-0.5348374938
5.97,-0,0,-0.5348253052
5.98,-0,0,-0.534813238
5.99,-0,0,-0.5348012359
6,-0,0,-0.5347893533
6.01,-0,0,-0.5347776438
6.02,-0,0,-0.5347660508
6.03,-0,0,-0.5347545731
6.04,-0,0,-0.5347432097
6.05,-0,0,-0.5347319593
6.06,-0,0,-0.5347208209
6.07,-0,0,-0.5347097933
6.08,-0,0,-0.5346988754
6.09,-0,0,-0.5346880662
6.1,-0,0,-0.5346773645
6.11,-0,0,-0.5346667693
6.12,-0,0,-0.5346562795
6.13,-0,0,-0.5346458942
6.14,-0,0,-0.5346356121
6.15,-0,0,-0.5346254324
6.16,-0,0,-0.5346153539
6.17,-0,0,-0.5346053757
6.18,-0,0,-0.5345954968
6.19,-0,0,-0.5345857162
6.2,-0,0,-0.534576033
6.21,-0,0,-0.5345664461
6.22,-0,0,-0.5345569545
6.23,-0,0,-0.5345475574
6.24,-0,0,-0.5345382539
6.25,-0,0,-0.5345290429
6.26,-0,0,-0.5345199235
6.27,-0,0,-0.5345108949
6.28,-0,0,-0.5345019561
6.29,-0,0,-0.5344931063
6.3,-0,0,-0.5344843445
6.31,-0,0,-0.5344756188
6.32,-0,0,-0.53446698
6.33,-0,0,-0.5344584273
6.34,-0,0,-0.5344499597
6.35,-0,0,-0.5344416273
6.36,-0,0,-0.5344333777
6.37,-0,0,-0.5344252103
6.38,-0,0,-0.5344171241
6.39,-0,0,-0.5344091183
6.4,-0,0,-0.5344011923
6.41,-0,0,-0.534393345
6.42,-0,0,-0.5343855759
6.43,-0,0,-0.5343778841
6.44,-0,0,-0.5343702688
6.45,-0,0,-0.5343627293
6.46,-0,0,-0.5343552648
6.47,-0,0,-0.5343478746
6.48,-0,0,-0.5343405579
6.49,-0,0,-0.534333314
6.5,-0,0,-0.5343261422
6.51,-0,0,-0.5343190418
6.52,-0,0,-0.534312012
6.53,-0,0,-0.5343050521
6.54,-0,0,-0.5342981615
6.55,-0,0,-0.5342913395
6.56,-0,0,-0.5342845853
6.57,-0,0,-0.5342778984
6.58,-0,0,-0.534271278
6.59,-0,0,-0.5342647235
6.6,-0,0,-0.5342582342
6.61,-0,0,-0.5342518094
6.62,-0,0,-0.5342454486
6.63,-0,0,-0.5342391511
6.64,-0,0,-0.5342329162
6.65,-0,0,-0.5342267434
6.66,-0,0,-0.534220632
6.67,-0,0,-0.5342145814
6.68,-0,0,-0.534208591
6.69,-0,0,-0.5342026602
6.7,-0,0,-0.5341967885
6.71,-0,0,-0.5341909208
6.72,-0,0,-0.5341851115
6.73,-0,0,-0.5341794143
6.74,-0,0,-0.5341737739
6.75,-0,0,-0.5341681895
6.76,-0,0,-0.5341626608
6.77,-0,0,-0.534157187
6.78,-0,0,-0.5341517677
6.79,-0,0,-0.5341464023
6.8,-0,0,-0.5341410903
6.81,-0,0,-0.5341358312
6.82,-0,0,-0.5341306244
6.83,-0,0,-0.5341254694
6.84,-0,0,-0.5341203657
6.85,-0,0,-0.5341153128
6.86,-0,0,-0.5341103102
6.87,-0,0,-0.5341053573
6.88,-0,0,-0.5341004537
6.89,-0,0,-0.5340955989
6.9,-0,0,-0.5340907924
6.91,-0,0,-0.5340860338
6.92,-0,0,-0.5340813225
6.93,-0,0,-0.5340766581
6.94,-0,0,-0.53407204
6.95,-0,0,-0.534067468
6.96,-0,0,-0.5340629414
6.97,-0,0,-0.5340584599
6.98,-0,0,-0.5340540229
6.99,-0,0,-0.5340496302
7,-0,0,-0.5340452811
7.01,-0,0,-0.5340409753
7.02,-0,0,-0.5340367123
7.03,-0,0,-0.5340324918
7.04,-0,0,-0.5340283132
7.05,-0,0,-0.5340241762
7.06,-0,0,-0.5340200804
7.07,-0,0,-0.5340160254
7.08,-0,0,-0.5340120107
7.09,-0,0,-0.5340080359
7.1,-0,0,-0.5340041007
7.11,-0,0,-0.5340002047
7.12,-0,0,-0.5339963474
7.13,-0,0,-0.5339925285
7.14,-0,0,-0.5339887476
7.15,-0,0,-0.5339850043
7.16,-0,0,-0.5339812982
7.17,-0,0,-0.5339775758
7.18,-0,0,-0.5339738903
7.19,-0,0,-0.5339702949
7.2,-0,0,-0.5339667352
7.21,-0,0,-0.5339632109
7.22,-0,0,-0.5339597218
7.23,-0,0,-0.5339562673
7.24,-0,0,-0.5339528472
7.25,-0,0,-0.5339494611
7.26,-0,0,-0.5339461088
7.27,-0,0,-0.5339427897
7.28,-0,0,-0.5339395037
7.29,-0,0,-0.5339362505
7.3,-0,0,-0.5339330295
7.31,-0,0,-0.5339298407
7.32,-0,0,-0.5339266835
7.33,-0,0,-0.5339235006
7.34,-0,0,-0.5339203493
7.35,-0,0,-0.5339172866
7.36,-0,0,-0.5339142544
7.37,-0,0,-0.5339112523
7.38,-0,0,-0.5339082801
7.39,-0,0,-0.5339052826
7.4,-0,0,-0.5339023149
7.41,-0,0,-0.5338994316
7.42,-0,0,-0.533896577
7.43,-0,0,-0.5338937509
7.44,-0,0,-0.5338909528
7.45,-0,0,-0.5338881826
7.46,-0,0,-0.53388544
7.47,-0,0,-0.5338827246
7.48,-0,0,-0.5338800363
7.49,-0,0,-0.5338773747
7.5,-0,0,-0.5338747396
7.51,-0,0,-0.5338721308
7.52,-0,0,-0.5338695478
7.53,-0,0,-0.5338669906
7.54,-0,0,-0.5338644589
7.55,-0,0,-0.5338619523
7.56,-0,0,-0.5338594706
7.57,-0,0,-0.5338570137
7.58,-0,0,-0.5338545812
7.59,-0,0,-0.5338521729
7.6,-0,0,-0.5338497886
7.61,-0,0,-0.533847428
7.62,-0,0,-0.5338450908
7.63,-0,0,-0.533842777
7.64,-0,0,-0.5338404861
7.65,-0,0,-0.5338382181
7.66,-0,0,-0.5338359726
7.67,-0,0,-0.5338337495
7.68,-0,0,-0.5338315485
7.69,-0,0,-0.5338293694
7.7,-0,0,-0.5338272119
7.71,-0,0,-0.533825076
7.72,-0,0,-0.5338229613
7.73,-0,0,-0.5338208676
7.74,-0,0,-0.5338187947
7.75,-0,0,-0.5338167425
7.76,-0,0,-0.5338147107
7.77,-0,0,-0.5338126992
7.78,-0,0,-0.5338107076
7.79,-0,0,-0.5338087359
7.8,-0,0,-0.5338067838
7.81,-0,0,-0.5338048511
7.82,-0,0,-0.5338029376
7.83,-0,0,-0.5338010432
7.84,-0,0,-0.5337991676
7.85,-0,0,-0.5337973107
7.86,-0,0,-0.5337954722
7.87,-0,0,-0.5337936521
7.88,-0,0,-0.53379185
7.89,-0,0,-0.5337900659
7.9,-0,0,-0.5337882996
7.91,-0,0,-0.5337865508
7.92,-0,0,-0.5337848194
7.93,-0,0,-0.5337831053
7.94,-0,0,-0.5337814082
7.95,-0,0,-0.533779728
7.96,-0,0,-0.5337780645
7.97,-0,0,-0.5337764176
7.98,-0,0,-0.533774787
7.99,-0,0,-0.5337731727
8,-0,0,-0.5337715744
8.01,-0,0,-0.5337699921
8.02,-0,0,-0.5337684255
8.03,-0,0,-0.5337668744
8.04,-0,0,-0.5337653389
8.05,-0,0,-0.5337637684
8.06,-0,0,-0.5337622136
8.07,-0,0,-0.5337607243
8.08,-0,0,-0.5337592499
8.09,-0,0,-0.5337577902
8.1,-0,0,-0.533756345
8.11,-0,0,-0.5337549142
8.12,-0,0,-0.5337534976
8.13,-0,0,-0.5337520951
8.14,-0,0,-0.5337507066
8.15,-0,0,-0.5337493319
8.16,-0,0,-0.5337479708
8.17,-0,0,-0.5337466233
8.18,-0,0,-0.5337452893
8.19,-0,0,-0.5337439684
8.2,-0,0,-0.5337426608
8.21,-0,0,-0.5337413661
8.22,-0,0,-0.5337400843
8.23,-0,0,-0.5337388153
8.24,-0,0,-0.5337375589
8.25,-0,0,-0.533736315
8.26,-0,0,-0.5337350835
8.27,-0,0,-0.5337338642
8.28,-0,0,-0.5337326571
8.29,-0,0,-0.533731462
8.3,-0,0,-0.5337302788
8.31,-0,0,-0.5337291073
8.32,-0,0,-0.5337279475
8.33,-0,0,-0.5337267993
8.34,-0,0,-0.5337256624
8.35,-0,0,-0.5337245369
8.36,-0,0,-0.5337234226
8.37,-0,0,-0.5337222623
8.38,-0,0,-0.5337211136
8.39,-0,0,-0.5337200334
8.4,-0,0,-0.5337189639
8.41,-0,0,-0.533717905
8.42,-0,0,-0.5337168567
8.43,-0,0,-0.5337158188
8.44,-0,0,-0.5337147912
8.45,-0,0,-0.5337137738
8.46,-0,0,-0.5337127666
8.47,-0,0,-0.5337117694
8.48,-0,0,-0.5337107821
8.49,-0,0,-0.5337098047
8.5,-0,0,-0.5337088369
8.51,-0,0,-0.5337078788
8.52,-0,0,-0.5337069303
8.53,-0,0,-0.5337059911
8.54,-0,0,-0.5337050613
8.55,-0,0,-0.5337041408
8.56,-0,0,-0.5337032294
8.57,-0,0,-0.5337023271
8.58,-0,0,-0.5337014338
8.59,-0,0,-0.5337005494
8.6,-0,0,-0.5336996737
8.61,-0,0,-0.5336988068
8.62,-0,0,-0.5336979485
8.63,-0,0,-0.5336970987
8.64,-0,0,-0.5336962574
8.65,-0,0,-0.5336954245
8.66,-0,0,-0.5336945998
8.67,-0,0,-0.5336937834
8.68,-0,0,-0.5336929751
8.69,-0,0,-0.5336921748
8.7,-0,0,-0.5336913825
8.71,-0,0,-0.5336905981
8.72,-0,0,-0.5336898214
8.73,-0,0,-0.5336890526
8.74,-0,0,-0.5336882913
8.75,-0,0,-0.5336875376
8.76,-0,0,-0.5336867915
8.77,-0,0,-0.5336860527
8.78,-0,0,-0.5336853213
8.79,-0,0,-0.5336845972
8.8,-0,0,-0.5336838803
8.81,-0,0,-0.5336831705
8.82,-0,0,-0.5336824678
8.83,-0,0,-0.5336817721
8.84,-0,0,-0.5336810833
8.85,-0,0,-0.5336804013
8.86,-0,0,-0.5336797262
8.87,-0,0,-0.5336790577
8.88,-0,0,-0.5336783959
8.89,-0,0,-0.5336777407
8.9,-0,0,-0.533677092
8.91,-0,0,-0.5336764498
8.92,-0,0,-0.533675814
8.93,-0,0,-0.5336751845
8.94,-0,0,-0.5336745612
8.95,-0,0,-0.5336739441
8.96,-0,0,-0.5336733332
8.97,-0,0,-0.5336727284
8.98,-0,0,-0.5336721296
8.99,-0,0,-0.5336714817
9,-0,0,-0.5336708403
9.01,-0,0,-0.5336702603
9.02,-0,0,-0.5336696861
9.03,-0,0,-0.5336691175
9.04,-0,0,-0.5336685546
9.05,-0,0,-0.5336679973
9.06,-0,0,-0.5336674456
9.07,-0,0,-0.5336668415
9.08,-0,0,-0.5336662433
9.09,-0,0,-0.533665709
9.1,-0,0,-0.5336651801
9.11,-0,0,-0.5336646564
9.12,-0,0,-0.5336641379
9.13,-0,0,-0.5336636245
9.14,-0,0,-0.5336631163
9.15,-0,0,-0.5336626131
9.16,-0,0,-0.533662115
9.17,-0,0,-0.5336616218
9.18,-0,0,-0.5336611335
9.19,-0,0,-0.53366065
9.2,-0,0,-0.5336601714
9.21,-0,0,-0.5336596975
9.22,-0,0,-0.5336592284
9.23,-0,0,-0.5336587639
9.24,-0,0,-0.533658304
9.25,-0,0,-0.5336578487
9.26,-0,0,-0.533657398
9.27,-0,0,-0.5336568977
9.28,-0,0,-0.5336564025
9.29,-0,0,-0.5336559661
9.3,-0,0,-0.5336555341
9.31,-0,0,-0.5336550531
9.32,-0,0,-0.533654577
9.33,-0,0,-0.5336541588
9.34,-0,0,-0.5336537448
9.35,-0,0,-0.5336533349
9.36,-0,0,-0.533652929
9.37,-0,0,-0.5336525272
9.38,-0,0,-0.5336521294
9.39,-0,0,-0.5336517355
9.4,-0,0,-0.5336513456
9.41,-0,0,-0.5336509596
9.42,-0,0,-0.5336505774
9.43,-0,0,-0.533650199
9.44,-0,0,-0.5336498243
9.45,-0,0,-0.5336494534
9.46,-0,0,-0.5336490862
9.47,-0,0,-0.5336487226
9.48,-0,0,-0.5336483627
9.49,-0,0,-0.5336480063
9.5,-0,0,-0.5336476535
9.51,-0,0,-0.5336473042
9.52,-0,0,-0.5336469583
9.53,-0,0,-0.5336466159
9.54,-0,0,-0.5336462769
9.55,-0,0,-0.5336459413
9.56,-0,0,-0.533645609
9.57,-0,0,-0.5336452801
9.58,-0,0,-0.5336449544
9.59,-0,0,-0.5336446319
9.6,-0,0,-0.5336443127
9.61,-0,0,-0.5336439966
9.62,-0,0,-0.5336436837
9.63,-0,0,-0.5336433213
9.64,-0,0,-0.5336429625
9.65,-0,0,-0.5336426599
9.66,-0,0,-0.5336423603
9.67,-0,0,-0.5336420636
9.68,-0,0,-0.5336417699
9.69,-0,0,-0.5336414791
9.7,-0,0,-0.5336411913
9.71,-0,0,-0.5336409063
9.72,-0,0,-0.5336406241
9.73,-0,0,-0.5336403447
9.74,-0,0,-0.5336400681
9.75,-0,0,-0.5336397943
9.76,-0,0,-0.5336395232
9.77,-0,0,-0.5336392548
9.78,-0,0,-0.533638989
9.79,-0,0,-0.5336387259
9.8,-0,0,-0.5336384654
9.81,-0,0,-0.5336382076
9.82,-0,0,-0.5336379522
9.83,-0,0,-0.5336376994
9.84,-0,0,-0.5336374492
9.85,-0,0,-0.5336372014
9.86,-0,0,-0.5336369561
9.87,-0,0,-0.5336367132
9.88,-0,0,-0.5336364728
9.89,-0,0,-0.5336362347
9.9,-0,0,-0.533635999
9.91,-0,0,-0.5336357657
9.92,-0,0,-0.5336355346
9.93,-0,0,-0.5336353059
9.94,-0,0,-0.5336350795
9.95,-0,0,-0.5336348553
9.96,-0,0,-0.5336346333
9.97,-0,0,-0.5336344135
9.98,-0,0,-0.533634196
9.99,-0,0,-0.5336339806
10,-0,0,-0.5336337673
