#Exudyn implicit second order time integration sensor output file
#measure KinematicTree number = 1
#OutputVariableType = Rotation
#simulation started = 2025-09-04,07:18:25
#columns contain: time, comma separated sensor values (e.g, x,y,z position coordinates)
#number of sensor values = 3
#Exudyn version = 1.10.0; Python3.13.2; Windows AVX2 FLOAT64
#
0,-0,0,5.551115123e-17
0.005,-0,0,3.750932898e-11
0.01,-0,0,3.272397908e-10
0.015,-0,0,1.207582145e-09
0.02,-0,0,3.119689285e-09
0.025,-0,0,6.618241677e-09
0.03,-0,0,1.238194791e-08
0.035,-0,0,2.122383835e-08
0.04,-0,0,3.410150357e-08
0.045,-0,0,5.212727888e-08
0.05,-0,0,7.65782725e-08
0.055,-0,0,1.089063567e-07
0.06,-0,0,1.507480379e-07
0.065,-0,0,2.039342533e-07
0.07,-0,0,2.705000532e-07
0.075,-0,0,3.52694218e-07
0.08,-0,0,4.53092983e-07
0.085,-0,0,5.751847966e-07
0.09,-0,0,7.23170035e-07
0.095,-0,0,9.018146275e-07
0.1,-0,0,1.11649083e-06
0.105,-0,0,1.373217789e-06
0.11,-0,0,1.678701591e-06
0.115,-0,0,2.040387289e-06
0.12,-0,0,2.467240699e-06
0.125,-0,0,2.970424812e-06
0.13,-0,0,3.562535016e-06
0.135,-0,0,4.25760196e-06
0.14,-0,0,5.071195398e-06
0.145,-0,0,6.021632528e-06
0.15,-0,0,7.131061504e-06
0.155,-0,0,8.424290084e-06
0.16,-0,0,9.928935933e-06
0.165,-0,0,1.167768324e-05
0.17,-0,0,1.370860457e-05
0.175,-0,0,1.60641387e-05
0.18,-0,0,1.879389511e-05
0.185,-0,0,2.195507312e-05
0.19,-0,0,2.561238117e-05
0.195,-0,0,2.984136948e-05
0.2,-0,0,3.472754786e-05
0.205,-0,0,4.037001277e-05
0.21,-0,0,4.688151268e-05
0.215,-0,0,5.439182438e-05
0.22,-0,0,6.304911276e-05
0.225,-0,0,7.30227775e-05
0.23,-0,0,8.450635753e-05
0.235,-0,0,9.772034546e-05
0.24,-0,0,0.0001129155987
0.245,-0,0,0.0001303768951
0.25,-0,0,0.0001504266299
0.255,-0,0,0.0001734286065
0.26,-0,0,0.0001997917742
0.265,-0,0,0.0002299737132
0.27,-0,0,0.0002644836383
0.275,-0,0,0.0003038845189
0.28,-0,0,0.000348793572
0.285,-0,0,0.000399881458
0.29,-0,0,0.000457867841
0.295,-0,0,0.0005235143801
0.3,-0,0,0.0005976127412
0.305,-0,0,0.000680966423
0.31,-0,0,0.0007743685167
0.315,-0,0,0.0008785682812
0.32,-0,0,0.0009942310349
0.325,-0,0,0.001121913618
0.33,-0,0,0.001261978677
0.335,-0,0,0.001414564714
0.34,-0,0,0.001579528128
0.345,-0,0,0.001756406057
0.35,-0,0,0.001944895727
0.355,-0,0,0.002145246963
0.36,-0,0,0.002357747478
0.365,-0,0,0.002582675025
0.37,-0,0,0.002820295851
0.375,-0,0,0.003070863191
0.38,-0,0,0.003334615722
0.385,-0,0,0.003611775971
0.39,-0,0,0.003902548712
0.395,-0,0,0.004207119334
0.4,-0,0,0.004525652216
0.405,-0,0,0.0048582891
0.41,-0,0,0.005205147479
0.415,-0,0,0.00556631902
0.42,-0,0,0.005941868029
0.425,-0,0,0.006331829968
0.43,-0,0,0.00673621003
0.435,-0,0,0.007155011275
0.44,-0,0,0.007588382845
0.445,-0,0,0.008036529441
0.45,-0,0,0.008499652616
0.455,-0,0,0.00897794945
0.46,-0,0,0.009471611206
0.465,-0,0,0.009980821949
0.47,-0,0,0.01050575706
0.475,-0,0,0.01104658172
0.48,-0,0,0.01160344929
0.485,-0,0,0.0121764997
0.49,-0,0,0.01276585771
0.495,-0,0,0.01337163115
0.5,-0,0,0.01399390912
0.505,-0,0,0.01463276015
0.51,-0,0,0.01528823033
0.515,-0,0,0.01596036726
0.52,-0,0,0.01664929185
0.525,-0,0,0.01735514246
0.53,-0,0,0.01807805717
0.535,-0,0,0.01881817381
0.54,-0,0,0.01957562993
0.545,-0,0,0.0203505628
0.55,-0,0,0.02114310942
0.555,-0,0,0.02195340652
0.56,-0,0,0.02278159051
0.565,-0,0,0.02362779755
0.57,-0,0,0.02449216348
0.575,-0,0,0.02537482386
0.58,-0,0,0.02627591395
0.585,-0,0,0.02719556871
0.59,-0,0,0.02813392337
0.595,-0,0,0.02909111582
0.6,-0,0,0.03006728709
0.605,-0,0,0.03106258147
0.61,-0,0,0.0320771468
0.615,-0,0,0.03311113482
0.62,-0,0,0.0341647015
0.625,-0,0,0.03523800737
0.63,-0,0,0.03633121788
0.635,-0,0,0.03744450376
0.64,-0,0,0.0385780414
0.645,-0,0,0.03973201324
0.65,-0,0,0.04090660812
0.655,-0,0,0.04210202173
0.66,-0,0,0.04331845521
0.665,-0,0,0.04455609527
0.67,-0,0,0.04581512053
0.675,-0,0,0.04709571469
0.68,-0,0,0.04839806711
0.685,-0,0,0.04972237322
0.69,-0,0,0.0510688348
0.695,-0,0,0.05243766049
0.7,-0,0,0.05382906607
0.705,-0,0,0.05524327499
0.71,-0,0,0.05668051868
0.715,-0,0,0.05814103708
0.72,-0,0,0.05962507905
0.725,-0,0,0.06113290281
0.73,-0,0,0.06266477408
0.735,-0,0,0.06422094793
0.74,-0,0,0.06580167687
0.745,-0,0,0.06740722003
0.75,-0,0,0.06903784352
0.755,-0,0,0.07069382073
0.76,-0,0,0.07237543262
0.765,-0,0,0.07408296806
0.77,-0,0,0.07581672413
0.775,-0,0,0.07757700644
0.78,-0,0,0.07936412951
0.785,-0,0,0.08117841712
0.79,-0,0,0.08302020265
0.795,-0,0,0.08488982944
0.8,-0,0,0.08678764946
0.805,-0,0,0.08871402122
0.81,-0,0,0.09066931124
0.815,-0,0,0.0926538944
0.82,-0,0,0.09466815412
0.825,-0,0,0.09671248265
0.83,-0,0,0.0987872812
0.835,-0,0,0.1008929603
0.84,-0,0,0.1030299398
0.845,-0,0,0.1051986494
0.85,-0,0,0.1073995288
0.855,-0,0,0.1096330278
0.86,-0,0,0.1118996072
0.865,-0,0,0.1141997547
0.87,-0,0,0.1165339897
0.875,-0,0,0.1189028433
0.88,-0,0,0.1213068573
0.885,-0,0,0.1237465844
0.89,-0,0,0.1262225877
0.895,-0,0,0.1287354416
0.9,-0,0,0.1312857315
0.905,-0,0,0.1338740538
0.91,-0,0,0.1365010166
0.915,-0,0,0.1391672389
0.92,-0,0,0.1418733517
0.925,-0,0,0.144620015
0.93,-0,0,0.147407978
0.935,-0,0,0.1502380239
0.94,-0,0,0.1531109497
0.945,-0,0,0.1560275665
0.95,-0,0,0.1589886993
0.955,-0,0,0.1619951864
0.96,-0,0,0.1650478803
0.965,-0,0,0.1681476465
0.97,-0,0,0.1712953641
0.975,-0,0,0.1744919251
0.98,-0,0,0.1777382345
0.985,-0,0,0.1810352589
0.99,-0,0,0.1843841195
0.995,-0,0,0.1877859918
1,-0,0,0.1912420844
1.005,-0,0,0.1947536393
1.01,-0,0,0.1983219338
1.015,-0,0,0.2019482802
1.02,-0,0,0.2056340279
1.025,-0,0,0.2093805636
1.03,-0,0,0.2131893124
1.035,-0,0,0.2170617389
1.04,-0,0,0.2209995536
1.045,-0,0,0.225005489
1.05,-0,0,0.2290823714
1.055,-0,0,0.2332327036
1.06,-0,0,0.2374586239
1.065,-0,0,0.2417618608
1.07,-0,0,0.2461436831
1.075,-0,0,0.2506048481
1.08,-0,0,0.2551455451
1.085,-0,0,0.2597653388
1.09,-0,0,0.2644631806
1.095,-0,0,0.2692394148
1.1,-0,0,0.2740961087
1.105,-0,0,0.2790346634
1.11,-0,0,0.2840555924
1.115,-0,0,0.2891584339
1.12,-0,0,0.294341664
1.125,-0,0,0.2996026106
1.13,-0,0,0.3049373739
1.135,-0,0,0.3103407577
1.14,-0,0,0.3158064489
1.145,-0,0,0.3213303107
1.15,-0,0,0.326910584
1.155,-0,0,0.3325459475
1.16,-0,0,0.3382354913
1.165,-0,0,0.3439787395
1.17,-0,0,0.3497756731
1.175,-0,0,0.355626751
1.18,-0,0,0.3615329325
1.185,-0,0,0.3674957004
1.19,-0,0,0.3735167197
1.195,-0,0,0.3795965067
1.2,-0,0,0.3857352293
1.205,-0,0,0.3919330575
1.21,-0,0,0.3981901638
1.215,-0,0,0.4045067229
1.22,-0,0,0.4108829119
1.225,-0,0,0.4173189104
1.23,-0,0,0.4238149003
1.235,-0,0,0.4303710801
1.24,-0,0,0.4369881859
1.245,-0,0,0.4436675729
1.25,-0,0,0.4504104817
1.255,-0,0,0.4572179772
1.26,-0,0,0.4640909385
1.265,-0,0,0.4710300475
1.27,-0,0,0.4780357781
1.275,-0,0,0.4851083841
1.28,-0,0,0.4922478873
1.285,-0,0,0.4994543941
1.29,-0,0,0.506729365
1.295,-0,0,0.5140745414
1.3,-0,0,0.5214914609
1.305,-0,0,0.5289814443
1.31,-0,0,0.5365455821
1.315,-0,0,0.5441847191
1.32,-0,0,0.5518994393
1.325,-0,0,0.5596900501
1.33,-0,0,0.5675567612
1.335,-0,0,0.5755013474
1.34,-0,0,0.5835263498
1.345,-0,0,0.5916340574
1.35,-0,0,0.5998264763
1.355,-0,0,0.6081053099
1.36,-0,0,0.6164719356
1.365,-0,0,0.6249273822
1.37,-0,0,0.6334723045
1.375,-0,0,0.6421074642
1.38,-0,0,0.6508360976
1.385,-0,0,0.6596620865
1.39,-0,0,0.6685889305
1.395,-0,0,0.6776197118
1.4,-0,0,0.6867570592
1.405,-0,0,0.6960031078
1.41,-0,0,0.705359456
1.415,-0,0,0.7148273179
1.42,-0,0,0.7244108319
1.425,-0,0,0.7341166032
1.43,-0,0,0.7439507387
1.435,-0,0,0.7539186847
1.44,-0,0,0.7640251537
1.445,-0,0,0.7742740418
1.45,-0,0,0.7846683378
1.455,-0,0,0.795211364
1.46,-0,0,0.8059130462
1.465,-0,0,0.8167851456
1.47,-0,0,0.8278385318
1.475,-0,0,0.8390830449
1.48,-0,0,0.8505273323
1.485,-0,0,0.8621786588
1.49,-0,0,0.8740470113
1.495,-0,0,0.8861572376
1.5,-0,0,0.8985346812
1.505,-0,0,0.9112000076
1.51,-0,0,0.9241682576
1.515,-0,0,0.9374476918
1.52,-0,0,0.9510812663
1.525,-0,0,0.9652299558
1.53,-0,0,0.9799812787
1.535,-0,0,0.9952667261
1.54,-0,0,1.01081956
1.545,-0,0,1.026139841
1.55,-0,0,1.040676893
1.555,-0,0,1.054183272
1.56,-0,0,1.066681434
1.565,-0,0,1.078362662
1.57,-0,0,1.089473553
1.575,-0,0,1.100104418
1.58,-0,0,1.110292457
1.585,-0,0,1.120074439
1.59,-0,0,1.129486351
1.595,-0,0,1.138563169
1.6,-0,0,1.147338546
1.605,-0,0,1.155836897
1.61,-0,0,1.164071931
1.615,-0,0,1.172057102
1.62,-0,0,1.179806161
1.625,-0,0,1.187333012
1.63,-0,0,1.194651598
1.635,-0,0,1.201775814
1.64,-0,0,1.208719071
1.645,-0,0,1.215490445
1.65,-0,0,1.22209641
1.655,-0,0,1.228543475
1.66,-0,0,1.234838188
1.665,-0,0,1.240987106
1.67,-0,0,1.246996763
1.675,-0,0,1.252873652
1.68,-0,0,1.258624203
1.685,-0,0,1.264254432
1.69,-0,0,1.26976847
1.695,-0,0,1.275169839
1.7,-0,0,1.280462062
1.705,-0,0,1.285648659
1.71,-0,0,1.290733127
1.715,-0,0,1.295718941
1.72,-0,0,1.300609546
1.725,-0,0,1.305408346
1.73,-0,0,1.310118702
1.735,-0,0,1.314743597
1.74,-0,0,1.319285234
1.745,-0,0,1.323745705
1.75,-0,0,1.328127093
1.755,-0,0,1.332431461
1.76,-0,0,1.336660856
1.765,-0,0,1.340817301
1.77,-0,0,1.344902798
1.775,-0,0,1.348919323
1.78,-0,0,1.352868824
1.785,-0,0,1.356753194
1.79,-0,0,1.360573982
1.795,-0,0,1.36433253
1.8,-0,0,1.368030161
1.805,-0,0,1.371668185
1.81,-0,0,1.375247896
1.815,-0,0,1.378770572
1.82,-0,0,1.382237472
1.825,-0,0,1.38564984
1.83,-0,0,1.3890089
1.835,-0,0,1.392315858
1.84,-0,0,1.395571896
1.845,-0,0,1.398778068
1.85,-0,0,1.401935281
1.855,-0,0,1.405044425
1.86,-0,0,1.408106376
1.865,-0,0,1.411121995
1.87,-0,0,1.414092132
1.875,-0,0,1.417017623
1.88,-0,0,1.419899289
1.885,-0,0,1.42273794
1.89,-0,0,1.42553437
1.895,-0,0,1.42828936
1.9,-0,0,1.431003674
1.905,-0,0,1.433678004
1.91,-0,0,1.436312982
1.915,-0,0,1.438909228
1.92,-0,0,1.441467348
1.925,-0,0,1.443987939
1.93,-0,0,1.446471585
1.935,-0,0,1.448918861
1.94,-0,0,1.45133033
1.945,-0,0,1.453706545
1.95,-0,0,1.456048045
1.955,-0,0,1.458355364
1.96,-0,0,1.46062902
1.965,-0,0,1.462869516
1.97,-0,0,1.465077317
1.975,-0,0,1.467252874
1.98,-0,0,1.469396629
1.985,-0,0,1.471509013
1.99,-0,0,1.473590445
1.995,-0,0,1.475641339
2,-0,0,1.477662095
2.005,-0,0,1.479653107
2.01,-0,0,1.48161476
2.015,-0,0,1.48354743
2.02,-0,0,1.485451482
2.025,-0,0,1.487327277
2.03,-0,0,1.489175167
2.035,-0,0,1.490995497
2.04,-0,0,1.492788603
2.045,-0,0,1.494554811
2.05,-0,0,1.496294438
2.055,-0,0,1.498007791
2.06,-0,0,1.49969517
2.065,-0,0,1.501356865
2.07,-0,0,1.502993158
2.075,-0,0,1.504604325
2.08,-0,0,1.506190633
2.085,-0,0,1.507752343
2.09,-0,0,1.509289708
2.095,-0,0,1.510802977
2.1,-0,0,1.512292411
2.105,-0,0,1.513758271
2.11,-0,0,1.515200809
2.115,-0,0,1.516620268
2.12,-0,0,1.518016881
2.125,-0,0,1.519390876
2.13,-0,0,1.520742469
2.135,-0,0,1.522071873
2.14,-0,0,1.523379291
2.145,-0,0,1.52466492
2.15,-0,0,1.525928951
2.155,-0,0,1.527171571
2.16,-0,0,1.528392958
2.165,-0,0,1.52959329
2.17,-0,0,1.530772763
2.175,-0,0,1.531931575
2.18,-0,0,1.533069915
2.185,-0,0,1.53418797
2.19,-0,0,1.535285917
2.195,-0,0,1.536363929
2.2,-0,0,1.537422173
2.205,-0,0,1.538460813
2.21,-0,0,1.539480004
2.215,-0,0,1.540479901
2.22,-0,0,1.541460653
2.225,-0,0,1.542422406
2.23,-0,0,1.543365301
2.235,-0,0,1.544289478
2.24,-0,0,1.545195073
2.245,-0,0,1.54608222
2.25,-0,0,1.546951051
2.255,-0,0,1.547801702
2.26,-0,0,1.548634308
2.265,-0,0,1.549449003
2.27,-0,0,1.550245924
2.275,-0,0,1.551025207
2.28,-0,0,1.551786989
2.285,-0,0,1.552531406
2.29,-0,0,1.553258596
2.295,-0,0,1.553968698
2.3,-0,0,1.554661849
2.305,-0,0,1.555338188
2.31,-0,0,1.555997852
2.315,-0,0,1.556640933
2.32,-0,0,1.557267467
2.325,-0,0,1.55787751
2.33,-0,0,1.558471137
2.335,-0,0,1.559048448
2.34,-0,0,1.559609556
2.345,-0,0,1.560154593
2.35,-0,0,1.560683705
2.355,-0,0,1.561197052
2.36,-0,0,1.561694804
2.365,-0,0,1.56217714
2.37,-0,0,1.562644248
2.375,-0,0,1.563096323
2.38,-0,0,1.563533565
2.385,-0,0,1.563956177
2.39,-0,0,1.56436436
2.395,-0,0,1.564758203
2.4,-0,0,1.565137697
2.405,-0,0,1.56550286
2.41,-0,0,1.56585374
2.415,-0,0,1.566190414
2.42,-0,0,1.566512988
2.425,-0,0,1.566821591
2.43,-0,0,1.567116379
2.435,-0,0,1.567397528
2.44,-0,0,1.567665235
2.445,-0,0,1.567919717
2.45,-0,0,1.568161207
2.455,-0,0,1.568389953
2.46,-0,0,1.56860622
2.465,-0,0,1.56881028
2.47,-0,0,1.56900242
2.475,-0,0,1.569182935
2.48,-0,0,1.569352004
2.485,-0,0,1.569509213
2.49,-0,0,1.569654223
2.495,-0,0,1.569787007
2.5,-0,0,1.569907801
2.505,-0,0,1.570017048
2.51,-0,0,1.570115337
2.515,-0,0,1.570203379
2.52,-0,0,1.570281927
2.525,-0,0,1.570351765
2.53,-0,0,1.570413677
2.535,-0,0,1.570468426
2.54,-0,0,1.570516737
2.545,-0,0,1.570559291
2.55,-0,0,1.570596717
2.555,-0,0,1.570629593
2.56,-0,0,1.570658442
2.565,-0,0,1.570683736
2.57,-0,0,1.570705897
2.575,-0,0,1.570725302
2.58,-0,0,1.570742286
2.585,-0,0,1.570757145
2.59,-0,0,1.570770141
2.595,-0,0,1.570781504
2.6,-0,0,1.570791437
2.605,-0,0,1.570800117
2.61,-0,0,1.570807701
2.615,-0,0,1.570814325
2.62,-0,0,1.570820108
2.625,-0,0,1.570825156
2.63,-0,0,1.570829559
2.635,-0,0,1.570833398
2.64,-0,0,1.570836742
2.645,-0,0,1.570839653
2.65,-0,0,1.570842184
2.655,-0,0,1.570844382
2.66,-0,0,1.570846288
2.665,-0,0,1.570847937
2.67,-0,0,1.57084936
2.675,-0,0,1.570850586
2.68,-0,0,1.570851638
2.685,-0,0,1.570852537
2.69,-0,0,1.570853301
2.695,-0,0,1.570853946
2.7,-0,0,1.570854488
2.705,-0,0,1.570854937
2.71,-0,0,1.570855303
2.715,-0,0,1.570855595
2.72,-0,0,1.570855821
2.725,-0,0,1.57085599
2.73,-0,0,1.570856111
2.735,-0,0,1.570856192
2.74,-0,0,1.570856241
2.745,-0,0,1.570856262
2.75,-0,0,1.570856255
2.755,-0,0,1.570856225
2.76,-0,0,1.570856171
2.765,-0,0,1.570856097
2.77,-0,0,1.570856003
2.775,-0,0,1.570855892
2.78,-0,0,1.570855764
2.785,-0,0,1.570855622
2.79,-0,0,1.570855466
2.795,-0,0,1.570855298
2.8,-0,0,1.570855119
2.805,-0,0,1.57085493
2.81,-0,0,1.570854732
2.815,-0,0,1.570854526
2.82,-0,0,1.570854312
2.825,-0,0,1.570854092
2.83,-0,0,1.570853865
2.835,-0,0,1.570853632
2.84,-0,0,1.570853393
2.845,-0,0,1.570853149
2.85,-0,0,1.570852901
2.855,-0,0,1.570852649
2.86,-0,0,1.570852394
2.865,-0,0,1.570852135
2.87,-0,0,1.570851874
2.875,-0,0,1.570851611
2.88,-0,0,1.570851347
2.885,-0,0,1.570851081
2.89,-0,0,1.570850814
2.895,-0,0,1.570850546
2.9,-0,0,1.570850279
2.905,-0,0,1.570850012
2.91,-0,0,1.570849745
2.915,-0,0,1.570849479
2.92,-0,0,1.570849214
2.925,-0,0,1.57084895
2.93,-0,0,1.570848688
2.935,-0,0,1.570848427
2.94,-0,0,1.570848167
2.945,-0,0,1.570847908
2.95,-0,0,1.570847651
2.955,-0,0,1.570847395
2.96,-0,0,1.57084714
2.965,-0,0,1.570846887
2.97,-0,0,1.570846635
2.975,-0,0,1.570846384
2.98,-0,0,1.570846134
2.985,-0,0,1.570845886
2.99,-0,0,1.570845638
2.995,-0,0,1.570845392
3,-0,0,1.570845148
3.005,-0,0,1.570844904
3.01,-0,0,1.570844662
3.015,-0,0,1.570844421
3.02,-0,0,1.570844181
3.025,-0,0,1.570843942
3.03,-0,0,1.570843705
3.035,-0,0,1.570843469
3.04,-0,0,1.570843233
3.045,-0,0,1.570843
3.05,-0,0,1.570842767
3.055,-0,0,1.570842535
3.06,-0,0,1.570842305
3.065,-0,0,1.570842075
3.07,-0,0,1.570841847
3.075,-0,0,1.57084162
3.08,-0,0,1.570841394
3.085,-0,0,1.570841169
3.09,-0,0,1.570840946
3.095,-0,0,1.570840723
3.1,-0,0,1.570840502
3.105,-0,0,1.570840282
3.11,-0,0,1.570840062
