#Exudyn implicit second order time integration sensor output file
#measure KinematicTree number = 1
#OutputVariableType = VelocityLocal
#simulation started = 2025-09-03,06:45:25
#columns contain: time, comma separated sensor values (e.g, x,y,z position coordinates)
#number of sensor values = 3
#Exudyn version = 1.10.0; Python3.13.2; Windows AVX2 FLOAT64
#
0,0,0,0
0.01,0,0,-4.871312758e-08
0.02,0,0,4.100096937e-10
0.03,0,0,-4.819087433e-08
0.04,0,0,9.90668022e-10
0.05,0,0,-4.767720805e-08
0.06,0,0,1.397214556e-09
0.07,0,0,-4.731537302e-08
0.08,0,0,1.885093573e-09
0.09,0,0,-4.673836202e-08
0.1,0,0,2.303615873e-09
0.11,0,0,-4.638962921e-08
0.12,0,0,2.794080156e-09
0.13,0,0,-4.591614261e-08
0.14,0,0,3.190123136e-09
0.15,0,0,-4.547511573e-08
0.16,0,0,3.60693313e-09
0.17,0,0,-4.505373986e-08
0.18,0,0,4.065624713e-09
0.19,0,0,-4.459676483e-08
0.2,0,0,4.400005074e-09
0.21,0,0,-4.425954305e-08
0.22,0,0,4.840664402e-09
0.23,0,0,-4.383936676e-08
0.24,0,0,5.19490429e-09
0.25,0,0,-4.353291169e-08
0.26,0,0,5.637664171e-09
0.27,0,0,-4.303070018e-08
0.28,0,0,5.952709793e-09
0.29,0,0,-4.275723209e-08
0.3,0,0,6.344640799e-09
0.31,0,0,-4.237028337e-08
0.32,0,0,6.679428691e-09
0.33,0,0,-4.206463773e-08
0.34,0,0,7.065838594e-09
0.35,0,0,-4.163006271e-08
0.36,0,0,7.407536694e-09
0.37,0,0,-4.131492256e-08
0.38,0,0,7.736242599e-09
0.39,0,0,-4.097387729e-08
0.4,0,0,8.033728399e-09
0.41,0,0,-4.067111626e-08
0.42,0,0,8.314743623e-09
0.43,0,0,-4.039019682e-08
0.44,0,0,8.768282284e-09
0.45,0,0,-4.004494944e-08
0.46,0,0,9.014221152e-09
0.47,0,0,-3.968588006e-08
0.48,0,0,9.325545293e-09
0.49,0,0,-3.941639012e-08
0.5,0,0,9.655034161e-09
0.51,0,0,-3.909433672e-08
0.52,0,0,9.933528888e-09
0.53,0,0,-3.886949922e-08
0.54,0,0,1.019517966e-08
0.55,0,0,-3.860414646e-08
0.56,0,0,1.044421946e-08
0.57,0,0,-3.83114485e-08
0.58,0,0,1.083821931e-08
0.59,0,0,-3.798994668e-08
0.6,0,0,1.101352584e-08
0.61,0,0,-3.773830097e-08
0.62,0,0,1.12698978e-08
0.63,0,0,-3.744180763e-08
0.64,0,0,1.155954127e-08
0.65,0,0,-3.725613097e-08
0.66,0,0,1.181412183e-08
0.67,0,0,-3.691541678e-08
0.68,0,0,1.200998517e-08
0.69,0,0,-3.670693801e-08
0.7,0,0,1.229533601e-08
0.71,0,0,-3.647842782e-08
0.72,0,0,1.251076524e-08
0.73,0,0,-3.622830324e-08
0.74,0,0,1.277113281e-08
0.75,0,0,-3.600364221e-08
0.76,0,0,1.303842391e-08
0.77,0,0,-3.575009597e-08
0.78,0,0,1.326857739e-08
0.79,0,0,-3.5514118e-08
0.8,0,0,1.342319369e-08
0.81,0,0,-3.535734521e-08
0.82,0,0,1.362972812e-08
0.83,0,0,-3.512529125e-08
0.84,0,0,1.389972953e-08
0.85,0,0,-3.491444203e-08
0.86,0,0,1.404542979e-08
0.87,0,0,-3.469610718e-08
0.88,0,0,1.428019377e-08
0.89,0,0,-3.445566747e-08
0.9,0,0,1.455824244e-08
0.91,0,0,-3.429523043e-08
0.92,0,0,1.476944049e-08
0.93,0,0,-3.40615839e-08
0.94,0,0,1.487223063e-08
0.95,0,0,-3.386741489e-08
0.96,0,0,1.502744991e-08
0.97,0,0,-3.365851863e-08
0.98,0,0,1.525015063e-08
0.99,0,0,-3.354069642e-08
1,0,0,1.550025205e-08
1.01,0,0,-3.333392867e-08
1.02,0,0,1.559481134e-08
1.03,0,0,-3.320339939e-08
1.04,0,0,1.585278119e-08
1.05,0,0,-3.297450018e-08
1.06,0,0,1.598583435e-08
1.07,0,0,-3.285500458e-08
1.08,0,0,1.620266285e-08
1.09,0,0,-3.269532033e-08
1.1,0,0,1.629223245e-08
1.11,0,0,-3.251720086e-08
1.12,0,0,1.64401523e-08
1.13,0,0,-3.234153496e-08
1.14,0,0,1.658894448e-08
1.15,0,0,-3.217492557e-08
1.16,0,0,1.681775739e-08
1.17,0,0,-3.201742258e-08
1.18,0,0,1.694740424e-08
1.19,0,0,-3.192595784e-08
1.2,0,0,1.70915271e-08
1.21,0,0,-3.176370526e-08
1.22,0,0,1.719652244e-08
1.23,0,0,-3.160878335e-08
1.24,0,0,1.743680756e-08
1.25,0,0,-3.139043848e-08
1.26,0,0,1.747895912e-08
1.27,0,0,-3.123920899e-08
1.28,0,0,1.765796459e-08
1.29,0,0,-3.114654088e-08
1.3,0,0,1.776885004e-08
1.31,0,0,-3.103284353e-08
1.32,0,0,1.793121308e-08
1.33,0,0,-3.090012392e-08
1.34,0,0,1.803101567e-08
1.35,0,0,-3.076351962e-08
1.36,0,0,1.817384491e-08
1.37,0,0,-3.064208367e-08
1.38,0,0,1.829731028e-08
1.39,0,0,-3.046781515e-08
1.4,0,0,1.837602048e-08
1.41,0,0,-3.046174655e-08
1.42,0,0,1.853913932e-08
1.43,0,0,-3.023612636e-08
1.44,0,0,1.86333175e-08
1.45,0,0,-3.016726881e-08
1.46,0,0,1.87762627e-08
1.47,0,0,-3.007003247e-08
1.48,0,0,1.882985665e-08
1.49,0,0,-3.000606264e-08
1.5,0,0,1.898024844e-08
1.51,0,0,-2.987897732e-08
1.52,0,0,1.90556441e-08
1.53,0,0,-2.971034994e-08
1.54,0,0,1.918030837e-08
1.55,0,0,-2.957576834e-08
1.56,0,0,1.934196522e-08
1.57,0,0,-2.949801538e-08
1.58,0,0,1.943098032e-08
1.59,0,0,-2.944433398e-08
1.6,0,0,1.947027518e-08
1.61,0,0,-2.936294784e-08
1.62,0,0,1.960252981e-08
1.63,0,0,-2.926630206e-08
1.64,0,0,1.968475396e-08
1.65,0,0,-2.914273637e-08
1.66,0,0,1.986058301e-08
1.67,0,0,-2.900754017e-08
1.68,0,0,1.987694635e-08
1.69,0,0,-2.893390931e-08
1.7,0,0,1.995637334e-08
1.71,0,0,-2.887333594e-08
1.72,0,0,2.007192688e-08
1.73,0,0,-2.874600409e-08
1.74,0,0,2.016162426e-08
1.75,0,0,-2.872386152e-08
1.76,0,0,2.020672189e-08
1.77,0,0,-2.85701455e-08
1.78,0,0,2.033022586e-08
1.79,0,0,-2.853698865e-08
1.8,0,0,2.033542576e-08
1.81,0,0,-2.844857779e-08
1.82,0,0,2.047064073e-08
1.83,0,0,-2.83962264e-08
1.84,0,0,2.059096768e-08
1.85,0,0,-2.824363559e-08
1.86,0,0,2.064437239e-08
1.87,0,0,-2.819224968e-08
1.88,0,0,2.070075194e-08
1.89,0,0,-2.815187367e-08
1.9,0,0,2.072870847e-08
1.91,0,0,-2.802815417e-08
1.92,0,0,2.086112322e-08
1.93,0,0,-2.79835953e-08
1.94,0,0,2.092938221e-08
1.95,0,0,-2.792801528e-08
1.96,0,0,2.096233264e-08
1.97,0,0,-2.788759026e-08
1.98,0,0,2.103898621e-08
1.99,0,0,-2.780181064e-08
2,0,0,2.109586228e-08
2.01,0,0,-2.765993103e-08
2.02,0,0,2.121883188e-08
2.03,0,0,-2.760167106e-08
2.04,0,0,2.123154116e-08
2.05,0,0,-2.763139333e-08
2.06,0,0,2.138816856e-08
2.07,0,0,-2.749945054e-08
2.08,0,0,2.135381596e-08
2.09,0,0,-2.745269949e-08
2.1,0,0,2.145448017e-08
2.11,0,0,-2.739608888e-08
2.12,0,0,2.152263207e-08
2.13,0,0,-2.736368739e-08
2.14,0,0,2.160162041e-08
2.15,0,0,-2.730648817e-08
2.16,0,0,2.16039989e-08
2.17,0,0,-2.720009399e-08
2.18,0,0,2.163553118e-08
2.19,0,0,-2.718332571e-08
2.2,0,0,2.169596392e-08
2.21,0,0,-2.713560385e-08
2.22,0,0,2.183992378e-08
2.23,0,0,-2.704407521e-08
2.24,0,0,2.184864887e-08
2.25,0,0,-2.702599335e-08
2.26,0,0,2.189779487e-08
2.27,0,0,-2.701109145e-08
2.28,0,0,2.189583481e-08
2.29,0,0,-2.690345419e-08
2.3,0,0,2.203056774e-08
2.31,0,0,-2.685215024e-08
2.32,0,0,2.20329369e-08
2.33,0,0,-2.682261393e-08
2.34,0,0,2.209954079e-08
2.35,0,0,-2.68084924e-08
2.36,0,0,2.215116769e-08
2.37,0,0,-2.663243036e-08
2.38,0,0,2.219012951e-08
2.39,0,0,-2.666013635e-08
2.4,0,0,2.224303526e-08
2.41,0,0,-2.661128205e-08
2.42,0,0,2.224368303e-08
2.43,0,0,-2.664491118e-08
2.44,0,0,2.231287157e-08
2.45,0,0,-2.652765783e-08
2.46,0,0,2.234386181e-08
2.47,0,0,-2.653820633e-08
2.48,0,0,2.239800464e-08
2.49,0,0,-2.643778686e-08
2.5,0,0,2.24178249e-08
2.51,0,0,-2.63575459e-08
2.52,0,0,2.243502559e-08
2.53,0,0,-2.639005359e-08
2.54,0,0,2.249199256e-08
2.55,0,0,-2.630432321e-08
2.56,0,0,2.26089152e-08
2.57,0,0,-2.62826833e-08
2.58,0,0,2.261753597e-08
2.59,0,0,-2.629474386e-08
2.6,0,0,2.266734779e-08
2.61,0,0,-2.619307683e-08
2.62,0,0,2.261245808e-08
2.63,0,0,-2.61954763e-08
2.64,0,0,2.269091253e-08
2.65,0,0,-2.62409195e-08
2.66,0,0,2.271906043e-08
2.67,0,0,-2.607679211e-08
2.68,0,0,2.277122981e-08
2.69,0,0,-2.604786352e-08
2.7,0,0,2.280953446e-08
2.71,0,0,-2.609757075e-08
2.72,0,0,2.278586814e-08
2.73,0,0,-2.602044638e-08
2.74,0,0,2.285763195e-08
2.75,0,0,-2.593413574e-08
2.76,0,0,2.289887402e-08
2.77,0,0,-2.599663788e-08
2.78,0,0,2.296885928e-08
2.79,0,0,-2.596702232e-08
2.8,0,0,2.2940267e-08
2.81,0,0,-2.58808887e-08
2.82,0,0,2.297933247e-08
2.83,0,0,-2.588025714e-08
2.84,0,0,2.303518016e-08
2.85,0,0,-2.587145414e-08
2.86,0,0,2.306538962e-08
2.87,0,0,-2.578702311e-08
2.88,0,0,2.304586295e-08
2.89,0,0,-2.57928974e-08
2.9,0,0,2.30587282e-08
2.91,0,0,-2.577682581e-08
2.92,0,0,2.312423283e-08
2.93,0,0,-2.574132388e-08
2.94,0,0,2.312982307e-08
2.95,0,0,-2.570601322e-08
2.96,0,0,2.319447742e-08
2.97,0,0,-2.567078447e-08
2.98,0,0,2.319808012e-08
2.99,0,0,-2.569162091e-08
3,0,0,2.319118128e-08
3.01,0,0,-2.568060978e-08
3.02,0,0,2.320790792e-08
3.03,0,0,-2.56812488e-08
3.04,0,0,2.325903296e-08
3.05,0,0,-2.55481709e-08
3.06,0,0,2.332315924e-08
3.07,0,0,-2.557637847e-08
3.08,0,0,2.327413654e-08
3.09,0,0,-2.550308649e-08
3.1,0,0,2.333730876e-08
3.11,0,0,-2.552962964e-08
3.12,0,0,2.334142205e-08
3.13,0,0,-2.549834125e-08
3.14,0,0,2.340971949e-08
3.15,0,0,-2.548238549e-08
3.16,0,0,2.340341684e-08
3.17,0,0,-2.548153853e-08
3.18,0,0,2.344224843e-08
3.19,0,0,-2.54380615e-08
3.2,0,0,2.347101643e-08
3.21,0,0,-2.542533968e-08
3.22,0,0,2.347199617e-08
3.23,0,0,-2.544869495e-08
3.24,0,0,2.352162635e-08
3.25,0,0,-2.543963202e-08
3.26,0,0,2.347347912e-08
3.27,0,0,-2.537563731e-08
3.28,0,0,2.349854676e-08
3.29,0,0,-2.535367821e-08
3.3,0,0,2.352933258e-08
3.31,0,0,-2.529050148e-08
3.32,0,0,2.349472402e-08
3.33,0,0,-2.532955191e-08
3.34,0,0,2.358830402e-08
3.35,0,0,-2.527723743e-08
3.36,0,0,2.352532045e-08
3.37,0,0,-2.529190852e-08
3.38,0,0,2.360419768e-08
3.39,0,0,-2.525615183e-08
3.4,0,0,2.358982204e-08
3.41,0,0,-2.523945827e-08
3.42,0,0,2.369151827e-08
3.43,0,0,-2.527448593e-08
3.44,0,0,2.359017372e-08
3.45,0,0,-2.517618293e-08
3.46,0,0,2.368463192e-08
3.47,0,0,-2.519076272e-08
3.48,0,0,2.369874579e-08
3.49,0,0,-2.520313152e-08
3.5,0,0,2.3706236e-08
3.51,0,0,-2.519566412e-08
3.52,0,0,2.371362277e-08
3.53,0,0,-2.512887602e-08
3.54,0,0,2.372067613e-08
3.55,0,0,-2.50625638e-08
3.56,0,0,2.372768768e-08
3.57,0,0,-2.511620228e-08
3.58,0,0,2.373724349e-08
3.59,0,0,-2.505792951e-08
3.6,0,0,2.382709951e-08
3.61,0,0,-2.506398284e-08
3.62,0,0,2.381044553e-08
3.63,0,0,-2.510802244e-08
3.64,0,0,2.378958608e-08
3.65,0,0,-2.507892979e-08
3.66,0,0,2.384716183e-08
3.67,0,0,-2.510738222e-08
3.68,0,0,2.383841572e-08
3.69,0,0,-2.505606489e-08
3.7,0,0,2.388764109e-08
3.71,0,0,-2.500158493e-08
3.72,0,0,2.386606966e-08
3.73,0,0,-2.503331877e-08
3.74,0,0,2.386525229e-08
3.75,0,0,-2.494832979e-08
3.76,0,0,2.381145483e-08
3.77,0,0,-2.500261599e-08
3.78,0,0,2.38190135e-08
3.79,0,0,-2.500158728e-08
3.8,0,0,2.389878968e-08
3.81,0,0,-2.492084155e-08
3.82,0,0,2.385642308e-08
3.83,0,0,-2.495132669e-08
3.84,0,0,2.385044478e-08
3.85,0,0,-2.497091072e-08
3.86,0,0,2.39311049e-08
3.87,0,0,-2.495336085e-08
3.88,0,0,2.389914797e-08
3.89,0,0,-2.489645483e-08
3.9,0,0,2.392733356e-08
3.91,0,0,-2.49611646e-08
3.92,0,0,2.396282452e-08
3.93,0,0,-2.492844755e-08
3.94,0,0,2.394384898e-08
3.95,0,0,-2.491161267e-08
3.96,0,0,2.397224644e-08
3.97,0,0,-2.491823796e-08
3.98,0,0,2.401081612e-08
3.99,0,0,-2.489650508e-08
4,0,0,2.39636757e-08
4.01,0,0,-2.485607443e-08
4.02,0,0,2.397956371e-08
4.03,0,0,-2.488597923e-08
4.04,0,0,2.402741296e-08
4.05,0,0,-2.483356461e-08
4.06,0,0,2.400587122e-08
4.07,0,0,-2.481220468e-08
4.08,0,0,2.401757105e-08
4.09,0,0,-2.483125769e-08
4.1,0,0,2.403123558e-08
4.11,0,0,-2.485605849e-08
4.12,0,0,2.400294265e-08
4.13,0,0,-2.47547654e-08
4.14,0,0,2.407188935e-08
4.15,0,0,-2.476871953e-08
4.16,0,0,2.400872518e-08
4.17,0,0,-2.480259212e-08
4.18,0,0,2.406615906e-08
4.19,0,0,-2.484047918e-08
4.2,0,0,2.407585941e-08
4.21,0,0,-2.479486278e-08
4.22,0,0,2.407284276e-08
4.23,0,0,-2.477150434e-08
4.24,0,0,2.40764441e-08
4.25,0,0,-2.476840463e-08
4.26,0,0,2.402166899e-08
4.27,0,0,-2.476823327e-08
4.28,0,0,2.409532334e-08
4.29,0,0,-2.479641494e-08
4.3,0,0,2.413395148e-08
4.31,0,0,-2.472042306e-08
4.32,0,0,2.415639158e-08
4.33,0,0,-2.471676418e-08
4.34,0,0,2.40973314e-08
4.35,0,0,-2.476566431e-08
4.36,0,0,2.413774258e-08
4.37,0,0,-2.475498148e-08
4.38,0,0,2.411819006e-08
4.39,0,0,-2.474334866e-08
4.4,0,0,2.40959641e-08
4.41,0,0,-2.472353795e-08
4.42,0,0,2.410872335e-08
4.43,0,0,-2.469001858e-08
4.44,0,0,2.413901655e-08
4.45,0,0,-2.476933003e-08
4.46,0,0,2.415068366e-08
4.47,0,0,-2.473247974e-08
4.48,0,0,2.417106035e-08
4.49,0,0,-2.472272369e-08
4.5,0,0,2.42122728e-08
4.51,0,0,-2.471676645e-08
4.52,0,0,2.414525128e-08
4.53,0,0,-2.468358653e-08
4.54,0,0,2.417570115e-08
4.55,0,0,-2.470491491e-08
4.56,0,0,2.419048534e-08
4.57,0,0,-2.467942775e-08
4.58,0,0,2.412426134e-08
4.59,0,0,-2.470825792e-08
4.6,0,0,2.416249181e-08
4.61,0,0,-2.463340328e-08
4.62,0,0,2.418602131e-08
4.63,0,0,-2.46353123e-08
4.64,0,0,2.420065149e-08
4.65,0,0,-2.472956972e-08
4.66,0,0,2.419553318e-08
4.67,0,0,-2.470368907e-08
4.68,0,0,2.424713501e-08
4.69,0,0,-2.467045774e-08
4.7,0,0,2.427514286e-08
4.71,0,0,-2.462744078e-08
4.72,0,0,2.421326707e-08
4.73,0,0,-2.46720349e-08
4.74,0,0,2.417736743e-08
4.75,0,0,-2.467382247e-08
4.76,0,0,2.419257426e-08
4.77,0,0,-2.465025516e-08
4.78,0,0,2.42500656e-08
4.79,0,0,-2.463569679e-08
4.8,0,0,2.421435448e-08
4.81,0,0,-2.458019735e-08
4.82,0,0,2.429347341e-08
4.83,0,0,-2.463234931e-08
4.84,0,0,2.427771097e-08
4.85,0,0,-2.463762625e-08
4.86,0,0,2.430059924e-08
4.87,0,0,-2.458051245e-08
4.88,0,0,2.42545811e-08
4.89,0,0,-2.461481189e-08
4.9,0,0,2.424534943e-08
4.91,0,0,-2.457994815e-08
4.92,0,0,2.426672688e-08
4.93,0,0,-2.457811369e-08
4.94,0,0,2.426745676e-08
4.95,0,0,-2.463341464e-08
4.96,0,0,2.43209256e-08
4.97,0,0,-2.460861412e-08
4.98,0,0,2.425274278e-08
4.99,0,0,-2.457626485e-08
5,0,0,2.428139317e-08
5.01,0,0,-2.459646965e-08
5.02,0,0,2.422925949e-08
5.03,0,0,-2.461172272e-08
5.04,0,0,2.422301829e-08
5.05,0,0,-2.452607991e-08
5.06,0,0,2.42110577e-08
5.07,0,0,-2.454347512e-08
5.08,0,0,2.426951237e-08
5.09,0,0,-2.453429956e-08
5.1,0,0,2.42474377e-08
5.11,0,0,-2.452211427e-08
5.12,0,0,2.42758986e-08
5.13,0,0,-2.454272265e-08
5.14,0,0,2.428331548e-08
5.15,0,0,-2.461897136e-08
5.16,0,0,2.433929956e-08
5.17,0,0,-2.454301155e-08
5.18,0,0,2.429491009e-08
5.19,0,0,-2.458371345e-08
5.2,0,0,2.430333692e-08
5.21,0,0,-2.460324657e-08
5.22,0,0,2.430820779e-08
5.23,0,0,-2.455258279e-08
5.24,0,0,2.428070413e-08
5.25,0,0,-2.458382479e-08
5.26,0,0,2.43205325e-08
5.27,0,0,-2.457866145e-08
5.28,0,0,2.425097408e-08
5.29,0,0,-2.454277365e-08
5.3,0,0,2.432775609e-08
5.31,0,0,-2.458938834e-08
5.32,0,0,2.429395484e-08
5.33,0,0,-2.454208613e-08
5.34,0,0,2.433585175e-08
5.35,0,0,-2.454422273e-08
5.36,0,0,2.434636572e-08
5.37,0,0,-2.457161789e-08
5.38,0,0,2.431387249e-08
5.39,0,0,-2.452896373e-08
5.4,0,0,2.430965544e-08
5.41,0,0,-2.451203217e-08
5.42,0,0,2.438184128e-08
5.43,0,0,-2.448732989e-08
5.44,0,0,2.431032538e-08
5.45,0,0,-2.450791533e-08
5.46,0,0,2.431629606e-08
5.47,0,0,-2.452189519e-08
5.48,0,0,2.430274088e-08
5.49,0,0,-2.453644623e-08
5.5,0,0,2.435075519e-08
5.51,0,0,-2.455722208e-08
5.52,0,0,2.435747001e-08
5.53,0,0,-2.457325772e-08
5.54,0,0,2.435024398e-08
5.55,0,0,-2.448797733e-08
5.56,0,0,2.433607335e-08
5.57,0,0,-2.450203255e-08
5.58,0,0,2.43219539e-08
5.59,0,0,-2.451567961e-08
5.6,0,0,2.43664787e-08
5.61,0,0,-2.452678255e-08
5.62,0,0,2.434344858e-08
5.63,0,0,-2.451381019e-08
5.64,0,0,2.430817997e-08
5.65,0,0,-2.45232303e-08
5.66,0,0,2.434053242e-08
5.67,0,0,-2.449739184e-08
5.68,0,0,2.432596093e-08
5.69,0,0,-2.456917192e-08
5.7,0,0,2.436678841e-08
5.71,0,0,-2.444958206e-08
5.72,0,0,2.436789496e-08
5.73,0,0,-2.445125404e-08
5.74,0,0,2.437453652e-08
5.75,0,0,-2.45288279e-08
5.76,0,0,2.431224438e-08
5.77,0,0,-2.445749726e-08
5.78,0,0,2.433979495e-08
5.79,0,0,-2.453725828e-08
5.8,0,0,2.43441879e-08
5.81,0,0,-2.448719947e-08
5.82,0,0,2.437577797e-08
5.83,0,0,-2.451981555e-08
5.84,0,0,2.435722737e-08
5.85,0,0,-2.45206054e-08
5.86,0,0,2.436283248e-08
5.87,0,0,-2.453416942e-08
5.88,0,0,2.434735622e-08
5.89,0,0,-2.454363906e-08
5.9,0,0,2.437948278e-08
5.91,0,0,-2.451749643e-08
5.92,0,0,2.436362982e-08
5.93,0,0,-2.446719104e-08
5.94,0,0,2.439369997e-08
5.95,0,0,-2.455534048e-08
5.96,0,0,2.442237832e-08
5.97,0,0,-2.451954265e-08
5.98,0,0,2.431763097e-08
5.99,0,0,-2.44999075e-08
6,0,0,2.438135981e-08
6.01,0,0,-2.445023425e-08
6.02,0,0,2.435331547e-08
6.03,0,0,-2.454265484e-08
6.04,0,0,2.433596544e-08
6.05,0,0,-2.448683685e-08
6.06,0,0,2.435054901e-08
6.07,0,0,-2.446827706e-08
6.08,0,0,2.441619796e-08
6.09,0,0,-2.442564866e-08
6.1,0,0,2.434865737e-08
6.11,0,0,-2.440076318e-08
6.12,0,0,2.433484116e-08
6.13,0,0,-2.447689378e-08
6.14,0,0,2.438662049e-08
6.15,0,0,-2.445148053e-08
6.16,0,0,2.44307934e-08
6.17,0,0,-2.446409227e-08
6.18,0,0,2.440973224e-08
6.19,0,0,-2.451886231e-08
6.2,0,0,2.439719983e-08
6.21,0,0,-2.447909335e-08
6.22,0,0,2.433962226e-08
6.23,0,0,-2.448265524e-08
6.24,0,0,2.435308348e-08
6.25,0,0,-2.452019241e-08
6.26,0,0,2.434965733e-08
6.27,0,0,-2.444728039e-08
6.28,0,0,2.443085541e-08
6.29,0,0,-2.451100752e-08
6.3,0,0,2.432582327e-08
6.31,0,0,-2.449085657e-08
6.32,0,0,2.438767181e-08
6.33,0,0,-2.44358856e-08
6.34,0,0,2.440273664e-08
6.35,0,0,-2.453942862e-08
6.36,0,0,2.43581768e-08
6.37,0,0,-2.440302897e-08
6.38,0,0,2.442704962e-08
6.39,0,0,-2.449013855e-08
6.4,0,0,2.439135984e-08
6.41,0,0,-2.450042993e-08
6.42,0,0,2.44241997e-08
6.43,0,0,-2.447816276e-08
6.44,0,0,2.435891527e-08
6.45,0,0,-2.44591599e-08
6.46,0,0,2.436358789e-08
6.47,0,0,-2.453049086e-08
6.48,0,0,2.440155837e-08
6.49,0,0,-2.446315662e-08
6.5,0,0,2.438004576e-08
6.51,0,0,-2.451600914e-08
6.52,0,0,2.442164102e-08
6.53,0,0,-2.446016489e-08
6.54,0,0,2.443391056e-08
6.55,0,0,-2.449620686e-08
6.56,0,0,2.442394276e-08
6.57,0,0,-2.446506371e-08
6.58,0,0,2.445056757e-08
6.59,0,0,-2.448481174e-08
6.6,0,0,2.4391484e-08
6.61,0,0,-2.448480384e-08
6.62,0,0,2.433400951e-08
6.63,0,0,-2.442913953e-08
6.64,0,0,2.434794177e-08
6.65,0,0,-2.446904312e-08
6.66,0,0,2.440996025e-08
6.67,0,0,-2.441545621e-08
6.68,0,0,2.44282996e-08
6.69,0,0,-2.441105681e-08
6.7,0,0,2.441484581e-08
6.71,0,0,-2.443034666e-08
6.72,0,0,2.441333189e-08
6.73,0,0,-2.448480446e-08
6.74,0,0,2.439911957e-08
6.75,0,0,-2.444074522e-08
6.76,0,0,2.44465713e-08
6.77,0,0,-2.446365579e-08
6.78,0,0,2.43965709e-08
6.79,0,0,-2.443193084e-08
6.8,0,0,2.442134726e-08
6.81,0,0,-2.450555618e-08
6.82,0,0,2.440520149e-08
6.83,0,0,-2.445544312e-08
6.84,0,0,2.437547566e-08
6.85,0,0,-2.442457394e-08
6.86,0,0,2.446238373e-08
6.87,0,0,-2.450639667e-08
6.88,0,0,2.441055902e-08
6.89,0,0,-2.452797095e-08
6.9,0,0,2.441788096e-08
6.91,0,0,-2.448829214e-08
6.92,0,0,2.441965161e-08
6.93,0,0,-2.449220286e-08
6.94,0,0,2.437344167e-08
6.95,0,0,-2.447074545e-08
6.96,0,0,2.437074098e-08
6.97,0,0,-2.446070702e-08
6.98,0,0,2.440192389e-08
6.99,0,0,-2.449315725e-08
7,0,0,2.444113626e-08
7.01,0,0,-2.443105451e-08
7.02,0,0,2.443378758e-08
7.03,0,0,-2.446851715e-08
7.04,0,0,2.436819689e-08
7.05,0,0,-2.444897829e-08
7.06,0,0,2.437088484e-08
7.07,0,0,-2.445543453e-08
7.08,0,0,2.445111569e-08
7.09,0,0,-2.44572121e-08
7.1,0,0,2.433791822e-08
7.11,0,0,-2.447334697e-08
7.12,0,0,2.444800485e-08
7.13,0,0,-2.444506314e-08
7.14,0,0,2.436365778e-08
7.15,0,0,-2.442931293e-08
7.16,0,0,2.437733521e-08
7.17,0,0,-2.44690386e-08
7.18,0,0,2.443823847e-08
7.19,0,0,-2.441269109e-08
7.2,0,0,2.444773315e-08
7.21,0,0,-2.444168349e-08
7.22,0,0,2.441539683e-08
7.23,0,0,-2.440410309e-08
7.24,0,0,2.442179495e-08
7.25,0,0,-2.44828302e-08
7.26,0,0,2.436108374e-08
7.27,0,0,-2.447740627e-08
7.28,0,0,2.434723478e-08
7.29,0,0,-2.443354458e-08
7.3,0,0,2.439616443e-08
7.31,0,0,-2.440069162e-08
7.32,0,0,2.441696565e-08
7.33,0,0,-2.440369708e-08
7.34,0,0,2.442565815e-08
7.35,0,0,-2.448934666e-08
7.36,0,0,2.438562939e-08
7.37,0,0,-2.44273011e-08
7.38,0,0,2.437948104e-08
7.39,0,0,-2.440802677e-08
7.4,0,0,2.444122585e-08
7.41,0,0,-2.441476882e-08
7.42,0,0,2.44607913e-08
7.43,0,0,-2.447399161e-08
7.44,0,0,2.440031145e-08
7.45,0,0,-2.447021368e-08
7.46,0,0,2.444975196e-08
7.47,0,0,-2.443921986e-08
7.48,0,0,2.441648586e-08
7.49,0,0,-2.445824733e-08
7.5,0,0,2.44147126e-08
7.51,0,0,-2.445209649e-08
7.52,0,0,2.439712645e-08
7.53,0,0,-2.439859412e-08
7.54,0,0,2.441563755e-08
7.55,0,0,-2.439479013e-08
7.56,0,0,2.440388643e-08
7.57,0,0,-2.447856775e-08
7.58,0,0,2.441780582e-08
7.59,0,0,-2.445953164e-08
7.6,0,0,2.44212148e-08
7.61,0,0,-2.440962015e-08
7.62,0,0,2.445016715e-08
7.63,0,0,-2.443739983e-08
7.64,0,0,2.441408308e-08
7.65,0,0,-2.444801787e-08
7.66,0,0,2.444640119e-08
7.67,0,0,-2.448498878e-08
7.68,0,0,2.443872988e-08
7.69,0,0,-2.452051501e-08
7.7,0,0,2.442761297e-08
7.71,0,0,-2.442622867e-08
7.72,0,0,2.444314325e-08
7.73,0,0,-2.441353897e-08
7.74,0,0,2.440473758e-08
7.75,0,0,-2.447683536e-08
7.76,0,0,2.441687758e-08
7.77,0,0,-2.44525125e-08
7.78,0,0,2.44044103e-08
7.79,0,0,-2.441440154e-08
7.8,0,0,2.440965089e-08
7.81,0,0,-2.437061642e-08
7.82,0,0,2.439700625e-08
7.83,0,0,-2.445207546e-08
7.84,0,0,2.446293386e-08
7.85,0,0,-2.447083801e-08
7.86,0,0,2.440038927e-08
7.87,0,0,-2.440166324e-08
7.88,0,0,2.443149932e-08
7.89,0,0,-2.443565989e-08
7.9,0,0,2.441427931e-08
7.91,0,0,-2.444322517e-08
7.92,0,0,2.437809258e-08
7.93,0,0,-2.43933971e-08
7.94,0,0,2.434852076e-08
7.95,0,0,-2.44823013e-08
7.96,0,0,2.4378894e-08
7.97,0,0,-2.439283447e-08
7.98,0,0,2.440909183e-08
7.99,0,0,-2.442384244e-08
8,0,0,2.438317605e-08
8.01,0,0,-2.44644177e-08
8.02,0,0,2.43870949e-08
8.03,0,0,-2.447455749e-08
8.04,0,0,2.441905299e-08
8.05,0,0,-2.445007503e-08
8.06,0,0,2.440601832e-08
8.07,0,0,-2.441035371e-08
8.08,0,0,2.446565532e-08
8.09,0,0,-2.447056217e-08
8.1,0,0,2.434863979e-08
8.11,0,0,-2.447526654e-08
8.12,0,0,2.442448724e-08
8.13,0,0,-2.446305653e-08
8.14,0,0,2.43888678e-08
8.15,0,0,-2.441473882e-08
8.16,0,0,2.436400728e-08
8.17,0,0,-2.439895053e-08
8.18,0,0,2.443626816e-08
8.19,0,0,-2.43778054e-08
8.2,0,0,2.443139819e-08
8.21,0,0,-2.4423667e-08
8.22,0,0,2.444930028e-08
8.23,0,0,-2.441821899e-08
8.24,0,0,2.443244617e-08
8.25,0,0,-2.442758329e-08
8.26,0,0,2.446025588e-08
8.27,0,0,-2.439249304e-08
8.28,0,0,2.447295113e-08
8.29,0,0,-2.443192725e-08
8.3,0,0,2.441172835e-08
8.31,0,0,-2.442699964e-08
8.32,0,0,2.445665555e-08
8.33,0,0,-2.44428611e-08
8.34,0,0,2.444434165e-08
8.35,0,0,-2.446550202e-08
8.36,0,0,2.43936188e-08
8.37,0,0,-2.437222055e-08
8.38,0,0,2.447105347e-08
8.39,0,0,-2.442702602e-08
8.4,0,0,2.43962707e-08
8.41,0,0,-2.438147825e-08
8.42,0,0,2.437885565e-08
8.43,0,0,-2.444814362e-08
8.44,0,0,2.440097963e-08
8.45,0,0,-2.445382858e-08
8.46,0,0,2.441897308e-08
8.47,0,0,-2.438814105e-08
8.48,0,0,2.440052846e-08
8.49,0,0,-2.445203694e-08
8.5,0,0,2.441404529e-08
8.51,0,0,-2.443225429e-08
8.52,0,0,2.441476147e-08
8.53,0,0,-2.443404046e-08
8.54,0,0,2.436116007e-08
8.55,0,0,-2.439146885e-08
8.56,0,0,2.441281985e-08
8.57,0,0,-2.436792073e-08
8.58,0,0,2.440105872e-08
8.59,0,0,-2.445214699e-08
8.6,0,0,2.447515364e-08
8.61,0,0,-2.449549069e-08
8.62,0,0,2.43674946e-08
8.63,0,0,-2.440934138e-08
8.64,0,0,2.446744236e-08
8.65,0,0,-2.441181136e-08
8.66,0,0,2.447369606e-08
8.67,0,0,-2.437237147e-08
8.68,0,0,2.441490631e-08
8.69,0,0,-2.443379772e-08
8.7,0,0,2.447826905e-08
8.71,0,0,-2.43877309e-08
8.72,0,0,2.439849175e-08
8.73,0,0,-2.438743317e-08
8.74,0,0,2.439883768e-08
8.75,0,0,-2.44465458e-08
8.76,0,0,2.433726301e-08
8.77,0,0,-2.444024996e-08
8.78,0,0,2.437985835e-08
8.79,0,0,-2.444737027e-08
8.8,0,0,2.440242104e-08
8.81,0,0,-2.439509866e-08
8.82,0,0,2.442442503e-08
8.83,0,0,-2.440194827e-08
8.84,0,0,2.444439021e-08
8.85,0,0,-2.446229102e-08
8.86,0,0,2.444664957e-08
8.87,0,0,-2.446871287e-08
8.88,0,0,2.440691831e-08
8.89,0,0,-2.440838819e-08
8.9,0,0,2.440509834e-08
8.91,0,0,-2.440289904e-08
8.92,0,0,2.444800439e-08
8.93,0,0,-2.441304471e-08
8.94,0,0,2.447754377e-08
8.95,0,0,-2.444305044e-08
8.96,0,0,2.444766121e-08
8.97,0,0,-2.441339734e-08
8.98,0,0,2.435861022e-08
8.99,0,0,-2.444346672e-08
9,0,0,2.44499086e-08
9.01,0,0,-2.441913268e-08
9.02,0,0,2.437677834e-08
9.03,0,0,-2.437827871e-08
9.04,0,0,2.443298356e-08
9.05,0,0,-2.442824825e-08
9.06,0,0,2.446318728e-08
9.07,0,0,-2.440033746e-08
9.08,0,0,2.443806777e-08
9.09,0,0,-2.444484583e-08
9.1,0,0,2.445222578e-08
9.11,0,0,-2.436856884e-08
9.12,0,0,2.446048036e-08
9.13,0,0,-2.44543054e-08
9.14,0,0,2.441932047e-08
9.15,0,0,-2.439025682e-08
9.16,0,0,2.440579527e-08
9.17,0,0,-2.440956767e-08
9.18,0,0,2.44041105e-08
9.19,0,0,-2.44044383e-08
9.2,0,0,2.438883099e-08
9.21,0,0,-2.447720939e-08
9.22,0,0,2.442953053e-08
9.23,0,0,-2.441962497e-08
9.24,0,0,2.443565038e-08
9.25,0,0,-2.443818162e-08
9.26,0,0,2.43723853e-08
9.27,0,0,-2.442626034e-08
9.28,0,0,2.445654694e-08
9.29,0,0,-2.444044068e-08
9.3,0,0,2.437986912e-08
9.31,0,0,-2.444796015e-08
9.32,0,0,2.440363291e-08
9.33,0,0,-2.445858836e-08
9.34,0,0,2.443639967e-08
9.35,0,0,-2.44371788e-08
9.36,0,0,2.43726126e-08
9.37,0,0,-2.448303449e-08
9.38,0,0,2.439284834e-08
9.39,0,0,-2.442292809e-08
9.4,0,0,2.43922482e-08
9.41,0,0,-2.442052908e-08
9.42,0,0,2.438566171e-08
9.43,0,0,-2.440020683e-08
9.44,0,0,2.444400499e-08
9.45,0,0,-2.439702291e-08
9.46,0,0,2.443358165e-08
9.47,0,0,-2.44259959e-08
9.48,0,0,2.446046494e-08
9.49,0,0,-2.444748863e-08
9.5,0,0,2.440564104e-08
9.51,0,0,-2.44018914e-08
9.52,0,0,2.438829835e-08
9.53,0,0,-2.440924607e-08
9.54,0,0,2.441063282e-08
9.55,0,0,-2.441652452e-08
9.56,0,0,2.437313252e-08
9.57,0,0,-2.442252255e-08
9.58,0,0,2.44512982e-08
9.59,0,0,-2.435949622e-08
9.6,0,0,2.443957087e-08
9.61,0,0,-2.438544922e-08
9.62,0,0,2.439722016e-08
9.63,0,0,-2.443739842e-08
9.64,0,0,2.443421726e-08
9.65,0,0,-2.442897395e-08
9.66,0,0,2.44090072e-08
9.67,0,0,-2.441275624e-08
9.68,0,0,2.442005949e-08
9.69,0,0,-2.444583846e-08
9.7,0,0,2.440054466e-08
9.71,0,0,-2.438678102e-08
9.72,0,0,2.440219798e-08
9.73,0,0,-2.445132292e-08
9.74,0,0,2.441759256e-08
9.75,0,0,-2.437791293e-08
9.76,0,0,2.437595819e-08
9.77,0,0,-2.443172372e-08
9.78,0,0,2.441881322e-08
9.79,0,0,-2.438125476e-08
9.8,0,0,2.438627949e-08
9.81,0,0,-2.440301722e-08
9.82,0,0,2.445146682e-08
9.83,0,0,-2.442032176e-08
9.84,0,0,2.44431082e-08
9.85,0,0,-2.445517376e-08
9.86,0,0,2.442859454e-08
9.87,0,0,-2.441139274e-08
9.88,0,0,2.44163966e-08
9.89,0,0,-2.437514128e-08
9.9,0,0,2.44854669e-08
9.91,0,0,-2.440524885e-08
9.92,0,0,2.44549779e-08
9.93,0,0,-2.443399438e-08
9.94,0,0,2.436230065e-08
9.95,0,0,-2.439361268e-08
9.96,0,0,2.442050654e-08
9.97,0,0,-2.438968291e-08
9.98,0,0,2.434887401e-08
9.99,0,0,-2.44126311e-08
10,0,0,2.44185306e-08
