#Exudyn implicit second order time integration solver solution file
#simulation started=2025-08-01,15:23:58
#columns contain: time, ODE2 displacements, ODE2 velocities, ODE2 accelerations
#number of system coordinates [nODE2, nODE1, nAlgebraic, nData] = [5,0,0,0]
#number of written coordinates [nODE2, nVel2, nAcc2, nODE1, nVel1, nAlgebraic, nData] = [5,5,5,0,0,0,0]
#total columns exported  (excl. time) = 15
#number of time steps (planned) = 5000
#Exudyn version = 1.10.0; Python3.13.2; Windows AVX2 FLOAT64
#
0,0,0,0,0,0,0,0,0,0,0,0,0,0,0,0
0.005,0,0,0,0,0,0,0,0,0,0,0,0,0,0,0
0.01,0,0,0,0,0,0,0,0,0,0,0,0,0,0,0
0.015,0,0,0,0,0,0,0,0,0,0,0,0,0,0,0
0.02,0,0,0,0,0,0,0,0,0,0,0,0,0,0,0
0.025,0,0,0,0,0,0,0,0,0,0,0,0,0,0,0
0.03,0,0,0,0,0,0,0,0,0,0,0,0,0,0,0
0.035,0,0,0,0,0,0,0,0,0,0,0,0,0,0,0
0.04,0,0,0,0,0,0,0,0,0,0,0,0,0,0,0
0.045,0,0,0,0,0,0,0,0,0,0,0,0,0,0,0
0.05,0,0,0,0,0,0,0,0,0,0,0,0,0,0,0
0.055,0,0,0,0,0,0,0,0,0,0,0,0,0,0,0
0.06,0,0,0,0,0,0,0,0,0,0,0,0,0,0,0
0.065,0,0,0,0,0,0,0,0,0,0,0,0,0,0,0
0.07,0,0,0,0,0,0,0,0,0,0,0,0,0,0,0
0.075,0,0,0,0,0,0,0,0,0,0,0,0,0,0,0
0.08,0,0,0,0,0,0,0,0,0,0,0,0,0,0,0
0.085,0,0,0,0,0,0,0,0,0,0,0,0,0,0,0
0.09,0,0,0,0,0,0,0,0,0,0,0,0,0,0,0
0.095,0,0,0,0,0,0,0,0,0,0,0,0,0,0,0
0.1,0,0,0,0,0,0,0,0,0,0,0,0,0,0,0
0.105,0,0,0,0,0,0,0,0,0,0,0,0,0,0,0
0.11,0,0,0,0,0,0,0,0,0,0,0,0,0,0,0
0.115,0,0,0,0,0,0,0,0,0,0,0,0,0,0,0
0.12,0,0,0,0,0,0,0,0,0,0,0,0,0,0,0
0.125,0,0,0,0,0,0,0,0,0,0,0,0,0,0,0
0.13,0,0,0,0,0,0,0,0,0,0,0,0,0,0,0
0.135,0,0,0,0,0,0,0,0,0,0,0,0,0,0,0
0.14,0,0,0,0,0,0,0,0,0,0,0,0,0,0,0
0.145,0,0,0,0,0,0,0,0,0,0,0,0,0,0,0
0.15,0,0,0,0,0,0,0,0,0,0,0,0,0,0,0
0.155,0,0,0,0,0,0,0,0,0,0,0,0,0,0,0
0.16,0,0,0,0,0,0,0,0,0,0,0,0,0,0,0
0.165,0,0,0,0,0,0,0,0,0,0,0,0,0,0,0
0.17,0,0,0,0,0,0,0,0,0,0,0,0,0,0,0
0.175,0,0,0,0,0,0,0,0,0,0,0,0,0,0,0
0.18,0,0,0,0,0,0,0,0,0,0,0,0,0,0,0
0.185,0,0,0,0,0,0,0,0,0,0,0,0,0,0,0
0.19,0,0,0,0,0,0,0,0,0,0,0,0,0,0,0
0.195,0,0,0,0,0,0,0,0,0,0,0,0,0,0,0
0.2,0,0,0,0,0,0,0,0,0,0,0,0,0,0,0
0.205,0,0,0,0,0,0,0,0,0,0,0,0,0,0,0
0.21,0,0,0,0,0,0,0,0,0,0,0,0,0,0,0
0.215,0,0,0,0,0,0,0,0,0,0,0,0,0,0,0
0.22,0,0,0,0,0,0,0,0,0,0,0,0,0,0,0
0.225,0,0,0,0,0,0,0,0,0,0,0,0,0,0,0
0.23,0,0,0,0,0,0,0,0,0,0,0,0,0,0,0
0.235,0,0,0,0,0,0,0,0,0,0,0,0,0,0,0
0.24,0,0,0,0,0,0,0,0,0,0,0,0,0,0,0
0.245,0,0,0,0,0,0,0,0,0,0,0,0,0,0,0
0.25,7.085632728e-22,3.331451965e-22,-6.624733294e-20,1.228261458e-19,-5.26862215e-20,5.668506183e-18,2.665161572e-18,-5.299786635e-16,9.826091664e-16,-4.21489772e-16,4.534804946e-14,2.132129258e-14,-4.239829308e-12,7.860873331e-12,-3.371918176e-12
0.255,4.880337798e-06,8.854932346e-06,-0.0003188267909,0.0005620485031,-0.000169964236,0.00280522772,0.006397007758,-0.1629065889,0.2814686654,-0.0716844511,1.043767127,3.369183006,-47.75008759,78.62696209,-11.30017019
0.26,3.548362946e-05,0.0001070277068,-0.001777923246,0.002993815152,-0.0006094545522,0.01012073823,0.03769524512,-0.4283819213,0.6966476028,-0.09389082254,1.86921612,9.075480439,-57.1673668,85.51169655,0.968746806
0.265,0.0001127344714,0.0004256701357,-0.004658340968,0.007552591699,-0.001040276674,0.02142941488,0.09213443557,-0.7280656583,1.127544394,-0.07430191062,2.651502028,11.8904578,-62.35168641,86.37719792,6.013811514
0.27,0.0002562650035,0.001030377966,-0.009094788232,0.01426706699,-0.001327833373,0.03662886958,0.1478234776,-1.049662193,1.557399835,-0.03945952539,3.42890179,9.620737478,-66.15283278,85.37582854,7.562659422
0.275,0.0004855334273,0.001869906384,-0.01518402288,0.0231143839,-0.001429244722,0.05573040797,0.1838635747,-1.3887576,1.980048604,-0.001033518091,4.213166872,4.742407622,-69.43734666,83.60421594,7.662035757
0.28,0.0008201488878,0.002832268788,-0.0230088478,0.03405115504,-0.001340256609,0.07877467075,0.198585559,-1.743756678,2.392916575,0.03623032742,5.005772238,1.783529961,-72.54826389,81.50994994,7.188316303
0.285,0.001279920482,0.00384876459,-0.03264729934,0.0470254084,-0.001071969879,0.1057975143,0.2091793354,-2.11417429,2.794932945,0.0705180275,5.803949225,3.156435306,-75.61699182,79.28344069,6.509324943
0.29,0.001884793145,0.004950112023,-0.04417618163,0.06198164628,-0.0006410520449,0.1368160107,0.234815885,-2.499930454,3.185668922,0.1012399859,6.603213992,7.243539672,-78.68694682,77.00634081,5.777481568
0.295,0.002654737698,0.00623001709,-0.05767225724,0.07886301231,-6.567523829e-05,0.1718229072,0.2796418529,-2.901059067,3.56497163,0.1283093699,7.398429363,10.20075389,-81.76565987,74.71380812,5.054385184
0.3,0.003609623303,0.00775696684,-0.07321247979,0.09761222338,0.0006361302213,0.2107846159,0.3305756809,-3.317591292,3.932806644,0.151838454,8.184242266,9.541873468,-84.84677815,72.4207793,4.363537228
0.305,0.004769083973,0.009516560084,-0.09087385386,0.1181719654,0.00144710827,0.2536406289,0.3704262428,-3.749512529,4.289188473,0.1720116556,8.955253544,6.189869753,-87.91929565,70.13303409,3.712590531
0.31,0.0061523837,0.01143204826,-0.1107331674,0.1404850473,0.00235098727,0.3003034534,0.3933646493,-4.196750085,4.634148083,0.1890329869,9.706071712,3.342005684,-90.97136625,67.85186014,3.102690095
0.315,0.007778281674,0.01343760634,-0.1328666988,0.1644944371,0.003332516467,0.3506586689,0.4089531501,-4.659173359,4.967716112,0.2031046394,10.43131525,3.448269431,-93.99181904,65.57605055,2.532359044
0.32,0.009664897696,0.01553503099,-0.1573499385,0.1901432337,0.004377432276,0.4045649312,0.4322888404,-5.136598824,5.289912937,0.2144184447,11.12559126,6.133592627,-96.97069848,63.30281027,1.999090349
0.325,0.01182957729,0.01778571269,-0.1842573404,0.2173745978,0.005472396883,0.4618538362,0.4702327107,-5.62879652,5.600742026,0.223152557,11.78346287,8.79639389,-99.89938931,61.02823232,1.499982974
0.33,0.01428875568,0.02025109942,-0.2136621065,0.2461316551,0.00660492621,0.5223296075,0.516177139,-6.135496671,5.900185213,0.2294701955,12.39941141,9.103066816,-102.7705628,58.74761651,1.031987671
0.335,0.0170578198,0.02293879017,-0.2456360033,0.2763573793,0.007763313871,0.5857685879,0.5571270154,-6.656395807,6.188199413,0.2335191716,12.96779664,7.009404436,-105.578044,56.45573892,0.5919995528
0.34,0.02015096712,0.02580100711,-0.2802492068,0.3079944619,0.008936553621,0.6519185336,0.5857082246,-7.191162118,6.464714652,0.235431716,13.48281782,4.580943039,-108.3166419,54.147112,0.1768954554
0.345,0.02358106062,0.02878178884,-0.3175701728,0.3409851757,0.01011426132,0.7204977195,0.606099766,-7.73943991,6.729633408,0.2353244437,13.93847765,3.979823164,-110.9819619,51.81624678,-0.2164445514
0.35,0.02735947877,0.03186685942,-0.3576655266,0.3752712381,0.01128659699,0.791193878,0.6292657275,-8.3008531,6.98283126,0.2332984198,14.32855189,5.558986689,-113.5702095,49.45791796,-0.5911167466
0.355,0.03149595987,0.03509217368,-0.400599967,0.4107936811,0.01244418744,0.8636630043,0.6626904385,-8.875007718,7.224158876,0.2294393367,14.64656705,7.72520063,-116.0779917,47.06742907,-0.9501696567
0.36,0.0359984402,0.03850758581,-0.4464361821,0.4474927341,0.01357805011,0.9375280775,0.7041453751,-9.461493423,7.453445307,0.2238178222,14.88578953,8.522295066,-118.5021225,44.64087362,-1.296575371
0.365,0.04087288568,0.04213179212,-0.4952347685,0.4853077273,0.01467951887,1.012377763,0.7445706877,-10.05988408,7.670502578,0.2164899027,15.03922966,7.381703839,-120.839439,42.17538853,-1.633196664
0.37,0.0461231172,0.04593890384,-0.5470541522,0.5241770203,0.0157401725,1.087765182,0.7766741004,-10.66973744,7.875131511,0.207497639,15.09966444,5.488806746,-123.0866348,39.66939541,-1.962750612
0.375,0.0517506301,0.04988541009,-0.6019505057,0.5640379631,0.01675176682,1.163206846,0.8011589015,-11.29059407,8.067128724,0.1968699522,15.05968368,4.575792884,-125.2401192,37.12282517,-2.287769358
0.38,0.05774634643,0.05393231626,-0.6594838245,0.6039920115,0.0179636013,1.233445854,0.8125501541,-11.65765427,7.809135059,0.2995727801,13.08898732,-1.388318054,-42.59533822,-98.6699071,19.04498469
0.385,0.06406968398,0.0579361878,-0.7181818896,0.6416655068,0.01960074003,1.294417215,0.7807229173,-11.8018036,7.240722969,0.3368165151,11.31578662,-11.17953358,-18.33438604,-123.0728751,-2.839954106
0.39,0.07067599563,0.06167194579,-0.7773593851,0.6762967538,0.02119078068,1.346669485,0.7096491614,-11.85836777,6.607075021,0.2896399291,9.584950286,-15.84405064,-5.212143093,-128.8782364,-14.43022208
0.395,0.07752188306,0.06503082127,-0.8366741503,0.7077181073,0.02243474018,1.390229704,0.6373481375,-11.85957976,5.961716707,0.2042677239,7.833402995,-11.77939236,4.394579371,-128.6232217,-18.91303328
0.4,0.08456352602,0.06810466799,-0.8958816107,0.7359296344,0.02321281995,1.424940667,0.5992881809,-11.81649454,5.325471843,0.1060990171,6.044865794,-3.383852908,12.71987917,-125.5417318,-19.98242345
0.405,0.09175622367,0.07108624852,-0.9547719462,0.7610057845,0.02349453753,1.450625242,0.5975179919,-11.73308913,4.708839333,0.007018633722,4.224788797,1.564957622,20.60488248,-120.9184398,-19.47726316
0.41,0.099054506,0.07409051907,-1.013147406,0.7830608802,0.02329082631,1.467160715,0.6020581545,-11.61064791,4.11781381,-0.08746427263,2.388143275,-0.9451014898,28.36189337,-115.3721597,-18.23335924
0.415,0.1064124964,0.0770612158,-1.070813892,0.8022328704,0.02263201475,1.474510259,0.5802543033,-11.44953083,3.556075876,-0.1747251649,0.5536731458,-8.000599928,36.07973101,-109.2481408,-16.62989324
0.42,0.1137843745,0.07983654456,-1.127578472,0.8186743843,0.02155782566,1.472733995,0.5256760891,-11.24992146,3.025913352,-0.2534663087,-1.258914782,-12.9789132,43.75407421,-102.7744204,-14.84588494
0.425,0.1211248658,0.0823011722,-1.183249373,0.8325468977,0.02011266944,1.461989697,0.4612556946,-11.01212718,2.528619296,-0.3230396358,-3.030451969,-11.71135199,51.34604619,-96.1275658,-12.97425227
0.43,0.1283897191,0.08448296157,-1.237636893,0.8440162661,0.0183432206,1.442527677,0.4163706831,-10.73667733,2.064673237,-0.3831576871,-4.743210721,-5.905719721,58.80850523,-89.45888589,-11.07150413
0.435,0.1355361483,0.08651486834,-1.290554566,0.8532489245,0.01629696266,1.41468199,0.4004596371,-10.42433251,1.633841319,-0.43377163,-6.381504041,-1.087580621,66.09718917,-82.9030284,-9.178693061
0.44,0.1425232238,0.08850828798,-1.341820252,0.8604085198,0.01402114543,1.378859136,0.3966452207,-10.07605841,1.235254993,-0.475017791,-7.932097831,-1.389090956,73.17459742,-76.57909006,-7.329583503
0.445,0.1493122028,0.090457399,-1.39125708,0.8656529368,0.01156193579,1.335525069,0.3790494617,-9.692990031,0.8674921195,-0.5071891485,-9.384475123,-6.057301669,80.01041335,-70.5890808,-5.55325115
0.45,0.1558667919,0.0922554532,-1.438694204,0.8691317515,0.008963690218,1.285191244,0.3363521422,-9.276398128,0.5286672112,-0.5307132873,-10.73096458,-10.58072227,86.58040003,-65.0160622,-3.87443131
0.455,0.162153339,0.09379804257,-1.483967417,0.8709841577,0.006268337219,1.228400329,0.2803316961,-8.827662771,0.2165294381,-0.5461298969,-11.96674,-11.00531453,92.86479551,-59.92300534,-2.313155717
0.46,0.1681409541,0.09507446054,-1.526919643,0.8713373921,0.00351487737,1.165712241,0.2333295427,-8.34825495,-0.07143630094,-0.5540662353,-13.08970138,-7.349707599,98.84675656,-55.35273079,-0.884375055
0.465,0.1738015622,0.09616815349,-1.567401365,0.8703056623,0.0007390097806,1.09769102,0.2076448233,-7.839725236,-0.3379107402,-0.5552113093,-14.10025426,-3.209821139,104.5111232,-51.32891933,0.4021527081
0.47,0.179109894,0.09717454002,-1.605271004,0.8679895504,-0.002027112321,1.024893025,0.1957039865,-7.303697574,-0.5856489323,-0.5502903277,-15.0010105,-2.263285101,109.8436056,-47.85798615,1.541641547
0.475,0.1840434213,0.09811616942,-1.640395277,0.8644758476,-0.00475500232,0.9478567668,0.1786002253,-6.741866085,-0.8173998668,-0.5400410172,-15.79643627,-5.035701289,114.8303907,-44.93152972,2.533765404
0.48,0.1885822459,0.09892989443,-1.672649542,0.8598377584,-0.007419849875,0.8670945755,0.1437594604,-6.155992905,-1.035839148,-0.5251930445,-16.49247455,-8.740333931,119.4581034,-42.52905984,3.38194409
0.485,0.192708952,0.0995304391,-1.701918133,0.8541354074,-0.01000043714,0.783086165,0.09536585652,-5.54790552,-1.243515465,-0.5064513038,-17.09616642,-10.03861084,123.7140349,-40.62074861,4.092528015
0.49,0.1964084311,0.09988731245,-1.728094675,0.8474165792,-0.01247898172,0.6962740536,0.04909263875,-4.91949248,-1.442810456,-0.484483338,-17.61529219,-8.021302384,127.5865431,-39.17001132,4.673973354
0.495,0.1996676877,0.1000463275,-1.751082379,0.8397176284,-0.0148409269,0.6070606934,0.01725767623,-4.27269687,-1.635910782,-0.459910756,-18.05804758,-4.774293569,131.0655431,-38.13579299,5.136078731
0.5,0.2024756357,0.1000821346,-1.770794285,0.8310645019,-0.01707469805,0.5158071109,-0.00166136536,-3.609507233,-1.824790756,-0.4333042088,-18.43276488,-3.263121452,134.1430198,-37.47449976,5.489330238
0.505,0.204830743,0.1000476985,-1.787286359,0.8215941334,-0.01913723573,0.4275814562,-0.007577141325,-3.008033542,-1.945564934,-0.3835730796,-16.81702993,2.090628182,108.9548009,-15.52040216,14.90893767
0.51,0.2067658003,0.1000726379,-1.801035729,0.8117016615,-0.02083407193,0.3479397611,0.02484092602,-2.504649283,-2.007801072,-0.2892452444,-15.01528715,10.71366533,93.30880434,-11.01464641,22.02642836
0.515,0.2083257443,0.1003552002,-1.812445164,0.8015203624,-0.02198923219,0.2776435359,0.09156865039,-2.069114903,-2.066588363,-0.1704275522,-13.0839949,14.73011112,81.25660334,-13.20912681,24.93353942
0.52,0.2095588088,0.1009890852,-1.821820531,0.7910027385,-0.02252640635,0.2172755406,0.1588700617,-1.68993692,-2.144800599,-0.04419346864,-11.04725062,11.05633978,70.52856473,-18.40466769,25.25305907
0.525,0.2105158747,0.1018912281,-1.829432035,0.7800221609,-0.02243500235,0.1673166897,0.1957247421,-1.363297041,-2.252917367,0.07989708897,-8.923182073,3.648639449,60.1371464,-24.9935866,24.23207182
0.53,0.2112500088,0.1028915279,-1.835540303,0.7684154637,-0.02173909905,0.1281614771,0.2007792142,-1.088711809,-2.395766914,0.1970800819,-6.728541971,-0.6388479504,49.66686205,-32.21238621,22.57265418
0.535,0.2118160425,0.1038903606,-1.840407358,0.7560029235,-0.02047943719,0.1001214592,0.2007036345,-0.8669906014,-2.575471246,0.3051742258,-4.479866666,1.65707225,38.98395817,-39.69495296,20.63810168
0.54,0.2122701576,0.104939243,-1.844300251,0.7425978266,-0.01870401345,0.08342491671,0.2241235136,-0.6992192227,-2.792864679,0.4033066641,-2.193994979,7.894336655,28.09522176,-47.26922179,18.60801439
0.545,0.2126694641,0.1061812228,-1.847491043,0.7280109785,-0.01646340721,0.07821450025,0.2763234368,-0.5862598267,-3.048180809,0.491238913,0.1116194485,12.22569632,17.07464843,-54.85508615,16.56718528
0.55,0.2130715644,0.1077166672,-1.850255032,0.7120528161,-0.01380856281,0.08454363971,0.3368385117,-0.5285228984,-3.341365762,0.5690245867,2.418718935,11.03361449,6.024190601,-62.41144096,14.55327221
0.555,0.2135340957,0.1095192946,-1.852868252,0.6945344918,-0.01078979695,0.1023722502,0.3798625371,-0.5258868474,-3.672196158,0.6368428555,4.708146043,5.890757629,-4.947951507,-69.90828154,12.58175371
0.56,0.2141142517,0.1114713124,-1.855604791,0.6752686547,-0.007456385248,0.1315621543,0.3973942982,-0.5777010508,-4.040293477,0.6949233604,6.959823483,1.685282393,-15.73998802,-77.31176814,10.65884143
0.565,0.2148682805,0.113475473,-1.858734268,0.6540703129,-0.003856393315,0.1718725676,0.4045572802,-0.6828391872,-4.445082576,0.743518327,9.152797913,2.016709919,-26.26449812,-84.57612137,8.78813164
0.57,0.2158509609,0.1155384177,-1.862519653,0.6307579873,-3.657982073e-05,0.2229559492,0.4241273058,-0.8397854233,-4.885720019,0.7828990156,11.2653417,6.161448778,-36.45385317,-91.63931163,6.974044648
0.575,0.2171150597,0.1177549384,-1.867215588,0.6051552662,0.003957717713,0.2843545049,0.4658239293,-1.046743619,-5.361007181,0.8133648151,13.27511291,10.11998671,-46.26410421,-98.42113263,5.22362324
0.58,0.2187107736,0.1202164181,-1.873067293,0.5770928103,0.008082760908,0.3554976498,0.5190303509,-1.301763008,-5.869298399,0.8352589616,15.15938071,10.43774014,-55.67771306,-104.8230997,3.547471496
0.585,0.2206851614,0.1229309963,-1.880310128,0.5464108119,0.01229667654,0.4357007885,0.5640465678,-1.602874788,-6.408412859,0.8489876119,16.89532987,7.183352711,-64.70517814,-110.7300438,1.960194612
0.59,0.2230815747,0.125824372,-1.889169864,0.5129618671,0.01655982184,0.5241658544,0.5902364533,-1.948233871,-6.975558786,0.8550401817,18.46046351,3.552328173,-73.38544557,-116.0134583,0.4804757192
0.595,0.2259390964,0.1288128444,-1.899863644,0.4766141774,0.02083525099,0.6199841557,0.604492759,-2.33625932,-7.567278933,0.8540092107,19.83312645,2.765662867,-81.78494771,-120.5366719,-0.8691944127
0.6,0.229292001,0.1318776306,-1.912601651,0.437254952,0.02508927602,0.7221421833,0.623518487,-2.765766282,-8.179426434,0.846607921,20.99317054,5.242020795,-89.99515367,-124.1618016,-2.063179777
0.605,0.2331692519,0.1350751476,-1.927589373,0.3947938372,0.0292921054,0.8295311386,0.6582393507,-3.236081952,-8.807179317,0.8336833456,21.92277897,8.497863074,-98.1286451,-126.7581863,-3.073819531
0.61,0.2375940591,0.1384803496,-1.945030419,0.3491661634,0.03341853208,0.9409610005,0.7047711767,-3.747138615,-9.445099629,0.8162225963,22.60745849,9.602859619,-106.3139316,-128.211654,-3.873057293
0.615,0.2425835183,0.142119211,-1.965129712,0.3003357802,0.0374486305,1.055179976,0.7492400477,-4.299538529,-10.08723888,0.7953497021,23.03720051,7.792943985,-114.6894612,-128.4335845,-4.434576009
0.62,0.2481483642,0.1459506155,-1.988096937,0.2482972562,0.04136840911,1.170900169,0.7809053514,-4.894588188,-10.72728555,0.7723106915,23.20780637,4.933851809,-123.3974897,-127.3684353,-4.736339625
0.625,0.2542928683,0.1499088235,-2.01415009,0.1930772577,0.04517035557,1.286830281,0.8012822764,-5.534303158,-11.35874347,0.7484453895,23.1223741,3.633623608,-132.5785601,-124.998351,-4.763316553
0.63,0.2610051222,0.1539457772,-2.043807513,0.1354294203,0.04851010114,1.395926942,0.8088493669,-6.362044758,-11.62416762,0.5624094416,20.52735543,-1.854305431,-178.4231858,-21.54707281,-43.43172731
0.635,0.2682302712,0.1579288382,-2.077861615,0.07712331784,0.05081876141,1.491894794,0.7768090903,-7.260211407,-11.68483055,0.3689477093,17.83619842,-10.80601733,-179.4231941,-4.87550302,-34.16335451
0.64,0.2759011049,0.1616522181,-2.116392662,0.0186853242,0.05226534423,1.574113809,0.7089757505,-8.149074151,-11.68152383,0.2147343354,15.04073185,-15.03876942,-175.680303,5.800328499,-28.05610595
0.645,0.2839479092,0.1650172012,-2.159311354,-0.03961107092,0.05300573785,1.642264021,0.6401966741,-9.01350876,-11.62958783,0.08454441736,12.22236364,-11.28991761,-169.8006096,14.76696475,-24.28218186
0.65,0.2923003938,0.1681085201,-2.206471742,-0.09754049827,0.05313675476,1.696433908,0.6028239544,-9.844426687,-11.53562293,-0.02995614455,9.46160449,-3.609410565,-162.3202475,22.66114213,-21.64959639
0.655,0.3008896962,0.1711025267,-2.257687139,-0.1549052923,0.05272529477,1.737101158,0.5985739236,-10.63431791,-11.40449053,-0.1329453392,6.83301136,0.8904440314,-153.4014482,29.64361672,-19.62209499
0.66,0.3096502377,0.1741037589,-2.312734611,-0.2115308753,0.05182249988,1.765093434,0.5999446065,-11.37608052,-11.24068566,-0.226804036,4.401361198,-1.434066093,-143.0664754,35.72665807,-17.97424087
0.665,0.3185213342,0.1770600934,-2.37135572,-0.2672652398,0.05046975824,1.781529491,0.5771276399,-12.06257086,-11.04877644,-0.313159815,2.217644461,-7.892809108,-131.2859759,40.87949892,-16.61077767
0.67,0.3274484629,0.1798234148,-2.433255868,-0.3219796281,0.04870124727,1.787740392,0.5243756183,-12.68646257,-10.83349299,-0.3933106234,0.3151831114,-12.42585584,-118.0212043,45.07293765,-15.4867844
0.675,0.3363840884,0.1822886979,-2.498103384,-0.3755692185,0.04654512459,1.785172584,0.4627479243,-13.24026336,-10.59966044,-0.4683800929,-1.29366339,-11.24064207,-103.2475987,48.30074959,-14.57407593
0.68,0.345287967,0.1844820224,-2.565528938,-0.4279532551,0.04402425898,1.775277091,0.4190802057,-13.71642705,-10.35205034,-0.539363005,-2.61965696,-5.922397583,-86.97034097,50.59230937,-13.84806961
0.685,0.3541268767,0.1865251875,-2.635125693,-0.4790742952,0.04115685361,1.759391911,0.4018935714,-14.10753158,-10.09517953,-0.6071301423,-3.697162436,-1.530514685,-69.2354008,52.02131325,-13.28341567
0.69,0.3628737616,0.1885197396,-2.706450473,-0.5288963552,0.03795708137,1.738627119,0.3956674536,-14.40650219,-9.833073298,-0.6724214774,-4.582525536,-1.829078964,-50.13653359,52.71131214,-12.85313935
0.695,0.3715063311,0.1904598299,-2.779026106,-0.5774018185,0.03443575843,1.7137638,0.3767477733,-14.60685848,-9.569010469,-0.7358386196,-5.350154059,-6.108676153,-29.81773618,52.83718831,-12.52895346
0.7,0.3800052129,0.1922475917,-2.852345026,-0.6245870713,0.03060105047,1.685178129,0.3348718434,-14.70296163,-9.30527346,-0.7978394528,-6.086435378,-10.23549654,-8.470845738,52.62157274,-12.28171539
0.705,0.3883518092,0.1937877666,-2.925874048,-0.670456955,0.02645920085,1.652800299,0.2808929055,-14.6902382,-9.042929751,-0.8587344855,-6.881984939,-10.60415357,13.67125343,52.32590316,-12.0816191
0.71,0.3965260499,0.1950710144,-2.999060176,-0.7150182593,0.02201527607,1.616114752,0.2352451967,-14.56536175,-8.781670049,-0.9186832534,-7.823037676,-7.249838495,36.34441783,52.23690263,-11.89802556
0.715,0.4045042543,0.1961739084,-3.071337176,-0.7582725884,0.01727393275,1.574203509,0.2091053204,-14.32638231,-8.519721954,-0.9776891029,-8.982988014,-3.47010052,59.26394371,52.65027066,-11.69900588
0.72,0.4122573114,0.19718357,-3.14213268,-0.8002090036,0.0122402171,1.525829274,0.1954716352,-13.97280472,-8.253847239,-1.035591295,-10.41510316,-2.621039087,82.13394066,53.85394602,-11.45075662
0.725,0.4197493597,0.1981202411,-3.21087557,-0.8407968565,0.006920411134,1.46955019,0.1770403556,-13.50562738,-7.979419063,-1.092054247,-12.1472729,-5.167815204,104.653622,56.11320936,-11.11706934
0.73,0.4269370953,0.1989259093,-3.277003486,-0.8799791807,0.001322938541,1.403854499,0.1423670181,-12.92735896,-7.690565628,-1.146554604,-14.17935805,-8.552448648,126.519739,59.65917047,-10.65901575
0.735,0.4337697751,0.1995226615,-3.33997042,-0.9176669305,-0.004540662145,1.327301493,0.09534628936,-12.24203207,-7.380361802,-1.198367538,-16.48332921,-9.726066921,147.4255902,64.68106957,-10.0349733
0.74,0.4401899115,0.1998829266,-3.399254378,-0.9537342592,-0.01065469794,1.238655081,0.05033212338,-11.45522741,-7.041050973,-1.246554237,-19.00602457,-7.870150809,167.0581126,71.32167714,-9.201089693
0.745,0.4461345916,0.2000488569,-3.454365223,-0.9880149561,-0.01699822721,1.136997943,0.01854883462,-10.57411272,-6.664285283,-1.289953018,-21.67405822,-4.901722842,185.0952467,79.6742449,-8.112286145
0.75,0.4515372979,0.2000887008,-3.50485272,-1.020300122,-0.02354393615,1.021817139,-0.001456041387,-9.607489421,-6.241381094,-1.327177059,-24.40021227,-3.530773553,201.2059319,89.77916174,-6.723927078
0.755,0.4563299079,0.2000521565,-3.550415448,-1.050169473,-0.03031471426,0.8929909258,-0.008534157366,-8.622063802,-5.67104465,-1.384741707,-27.09105719,1.93091103,195.4759385,133.01812,-11.9431639
0.76,0.4604457165,0.2000712784,-3.591076129,-1.076747326,-0.0373654226,0.7512877299,0.02367194492,-7.640242638,-4.939181143,-1.430565428,-29.55019859,10.7916856,197.741495,158.3501626,-6.078925661
0.765,0.4638233261,0.2003497708,-3.62679199,-1.099375909,-0.04456885583,0.5979324165,0.09123333451,-6.643527139,-4.095296484,-1.445947847,-31.74319893,14.95474828,200.8007588,178.7953143,-0.2365845348
0.77,0.4664080257,0.2009847367,-3.657491591,-1.117537489,-0.05178014042,0.4343895147,0.1595830025,-5.635198164,-3.153578457,-1.434456959,-33.61665592,11.21655782,202.1257386,197.7651529,4.714535323
0.775,0.4681530749,0.2018916719,-3.683144019,-1.130755934,-0.05887457958,0.2623758049,0.1967605474,-4.627010155,-2.118458165,-1.39961891,-35.12511474,3.61004464,200.6306044,216.2215341,9.170536756
0.78,0.469020826,0.2028959174,-3.703787507,-1.138569703,-0.06574012425,0.08379932756,0.2011984917,-3.634321134,-0.9920616487,-1.343051404,-36.23803649,-0.823432112,195.8956269,234.2459858,13.43996858
0.785,0.4689834861,0.203894469,-3.719540419,-1.140528924,-0.07226981507,-0.09931962971,0.200197426,-2.673476683,0.2227190063,-1.265339047,-36.94101388,1.502341191,187.9214226,251.4941387,17.63282473
0.79,0.4680234793,0.2049394933,-3.730601438,-1.136203623,-0.07835891016,-0.2849269351,0.2232241563,-1.759996031,1.52061907,-1.166904889,-37.23459883,7.902337333,177.0259218,267.3833488,21.7137909
0.795,0.4661334381,0.2061777636,-3.737241744,-1.125198072,-0.08390565551,-0.4710039246,0.2758573394,-0.9071439708,2.893097375,-1.048597079,-37.13199501,12.37388432,163.7843046,281.2004034,25.5558031
0.8,0.4633158787,0.2077128867,-3.739790735,-1.107168453,-0.08881437849,-0.6556241022,0.3371731876,-0.1247737287,4.327888034,-0.9120429712,-36.65644204,11.17862691,148.9771424,292.1805108,28.98000371
0.805,0.4595826249,0.2095185397,-3.73861664,-1.081841836,-0.09299989445,-0.8369973675,0.3806280129,0.5815590203,5.808914435,-0.7598274847,-35.83893306,5.905695499,133.5323562,299.5749057,31.78689616
0.81,0.4549540363,0.2114739565,-3.734103466,-1.049034771,-0.09639244041,-1.013504596,0.3978780111,1.211164578,7.316528267,-0.5955301202,-34.71668519,1.569453044,118.4559118,302.7140249,33.78201648
0.815,0.4494580797,0.2134788725,-3.726626012,-1.008669892,-0.09894249308,-1.1837268,0.4043618103,1.768412686,8.828061446,-0.423645723,-33.33250048,1.884193124,104.7514931,301.0700265,34.79671033
0.82,0.4431292581,0.2155395185,-3.716524966,-0.9607889775,-0.1006249531,-1.346473046,0.4234889168,2.262503455,10.31869537,-0.2494147397,-31.73485248,6.130077743,93.33257703,294.3216536,34.70346735
0.825,0.4360073986,0.2177529943,-3.704084257,-0.9055608413,-0.1014423123,-1.500809745,0.4653448624,2.70679086,11.76266443,-0.07859071525,-29.97826098,10.20762906,84.93248879,282.4230929,33.4258052
0.83,0.4281362891,0.2202134248,-3.689512898,-0.8432823268,-0.1014265533,-1.646091255,0.5191156329,3.117667768,13.13480872,0.0828310303,-28.12332738,10.55616262,80.0206227,265.6735429,30.9443496
0.835,0.4195621649,0.2229296797,-3.672933388,-0.7743707084,-0.1006396225,-1.781988405,0.5645675459,3.513072807,14.41244997,0.2289124007,-26.23576112,7.225740755,78.73759395,244.7733497,27.30247298
0.84,0.4103320719,0.2258257269,-3.654378256,-0.6993461504,-0.09917232792,-1.908508562,0.590694566,3.910759107,15.57745592,0.354106274,-24.38393031,3.488754366,80.86855733,220.837065,22.61499115
0.845,0.4004921645,0.2288154275,-3.63379536,-0.6188039876,-0.09714144264,-2.025999748,0.6044921572,4.326573717,16.61817789,0.4536429272,-22.6350049,2.662002778,85.87787835,195.3228694,17.08003638
0.85,0.3900860366,0.2318790588,-3.611061047,-0.5333786556,-0.09468473432,-2.135133613,0.6231034649,4.773099392,17.53075918,0.5239701697,-21.05056719,5.193027617,93.02019471,169.8495963,10.98666569
0.855,0.3791531889,0.2350742783,-3.585998415,-0.4437038055,-0.09195376204,-2.236868299,0.6578134975,5.259023032,18.31927534,0.5631896919,-19.68324677,8.541296811,101.5144129,145.9217834,4.702839023
0.86,0.367727715,0.2384781645,-3.558396449,-0.350375283,-0.08910477304,-2.332400264,0.7047090756,5.789426372,18.99444663,0.5713526885,-18.57584139,9.691802544,110.7267459,124.653482,-1.370136669
0.865,0.3558372274,0.2421177524,-3.528025611,-0.2539236087,-0.08628882909,-2.423118858,0.7495614667,6.366858743,19.57122691,0.5504481295,-17.76320513,7.845035097,120.2891642,106.613523,-6.871873711
0.87,0.343501979,0.2459510935,-3.494647023,-0.1547996861,-0.08364295212,-2.510574833,0.7812917562,6.992738891,20.06607978,0.5040084279,-17.2756262,4.906913906,130.110585,91.85667058,-11.55502734
0.875,0.3307340993,0.249910634,-3.458014906,-0.0533730654,-0.08128401124,-2.596465365,0.8013885202,7.668576283,20.49479614,0.436440071,-17.1417429,3.5588263,140.3017881,80.09294665,-15.31840844
0.88,0.3175417867,0.253947205,-3.417213778,0.04869692369,-0.07875379594,-2.679555511,0.8086089853,8.723137945,20.19106174,0.6017358597,-16.07124352,-1.906785153,238.5836672,-116.5388178,33.60852376
0.885,0.3039473845,0.2579286673,-3.370581909,0.1480984801,-0.07544398194,-2.75739976,0.7764660129,9.931742259,19.55742931,0.7014884919,-15.10275032,-10.79227466,241.6750985,-132.1118145,8.914724135
0.89,0.2899749436,0.261650751,-3.317928769,0.2442228883,-0.07187884516,-2.830955995,0.7088407161,11.12284266,18.89156155,0.7163559537,-14.35571525,-14.97717749,233.7219427,-133.1490028,-1.104394161
0.895,0.2756431927,0.2650158485,-3.25944231,0.3370272344,-0.0683255822,-2.901288427,0.6403682827,12.26112922,18.23295845,0.7031099557,-13.80626895,-11.23906894,220.9788381,-129.8366702,-3.387747441
0.9,0.2609659907,0.2681084574,-3.195438011,0.4265897218,-0.06485051973,-2.969252368,0.6031224172,13.32731985,17.5964639,0.6877196091,-13.39568046,-3.612883564,205.0214693,-124.5230841,-2.450710735
0.905,0.2459537982,0.271103686,-3.126313852,0.5130414951,-0.06143430548,-3.035322739,0.5987253319,14.30681102,16.98962282,0.6805609017,-13.03043908,0.8408786935,186.3369795,-118.0593814,-0.3044475329
0.91,0.230616011,0.2741050066,-3.052536721,0.5965434299,-0.05802499299,-3.099423606,0.5998301786,15.18634244,16.41718483,0.6852533419,-12.58456736,-1.481848349,165.0450959,-110.8043215,2.203781554
0.915,0.2149640926,0.2770603267,-2.974638858,0.6772764347,-0.05456056215,-3.16078313,0.5768731133,15.95296155,15.88251805,0.7026230399,-11.90739779,-7.897064783,141.1770864,-102.9875051,4.733047037
0.92,0.1990153146,0.2798225258,-2.893216863,0.7554354366,-0.05097803766,-3.217839771,0.5242176255,16.59389551,15.38785405,0.7324005983,-10.83616635,-12.38700486,114.7833864,-94.84623296,7.15509177
0.925,0.1827967919,0.2822875735,-2.808930362,0.8312233723,-0.04721695326,-3.268221459,0.462815843,17.09674828,14.93412593,0.7739217354,-9.212381686,-11.19687656,85.96624788,-86.66433513,9.426892495
0.93,0.1663494049,0.2844816713,-2.722499458,0.904844105,-0.04322053806,-3.308812725,0.4192929046,17.44977174,14.52073616,0.8263974701,-6.9003189,-5.91257667,54.88179198,-78.76750047,11.53583174
0.935,0.149731155,0.286525844,-2.634700831,0.9764943271,-0.03893608055,-3.335915181,0.4020506617,17.6421221,14.14539644,0.8889981734,-3.805475398,-1.560014389,21.73507634,-71.50254775,13.47567792
0.94,0.1330194924,0.2885207316,-2.546362617,1.046354934,-0.03431510698,-3.345495223,0.3956364446,17.66410422,13.80407562,0.9608543684,0.1093901989,-1.868271128,-13.21823892,-65.21703762,15.23546922
0.945,0.1163122235,0.2904602553,-2.45835798,1.114582355,-0.02931366677,-3.333501109,0.3765738121,17.50745527,13.49102701,1.04101768,4.812900449,-6.12225744,-49.65732423,-60.24907418,16.7939566
0.95,0.09972671629,0.2922471314,-2.371597034,1.181300096,-0.02389286972,-3.29622111,0.3347211645,17.16573362,13.19883214,1.12840133,10.20024647,-10.21399727,-87.16933036,-56.93097739,18.11668374
0.955,0.08339728635,0.2937869089,-2.28701646,1.246590396,-0.0180197506,-3.230646649,0.2808954599,16.63485959,12.91839581,1.221709846,16.09615162,-10.56977954,-125.2169821,-55.60418218,19.15444359
0.96,0.06747083809,0.2950705495,-2.205566006,1.310485654,-0.01166850116,-3.134800154,0.2353841237,15.91381082,12.63885434,1.319362865,22.26600302,-7.233970294,-163.1110694,-56.63735466,19.84235016
0.965,0.05210103883,0.2961742067,-2.128191237,1.37295919,-0.004822094226,-3.007987934,0.2092457445,15.00542041,12.34740783,1.419414545,28.43451491,-3.484891753,-199.9982905,-60.43682691,20.09892307
0.97,0.03744148808,0.297184297,-2.055812221,1.4339151,0.002525676791,-2.850944349,0.1954902364,13.91718262,12.02914158,1.519467682,34.31015965,-2.650589941,-234.8710834,-67.43902635,19.82487669
0.975,0.02363848711,0.2981207182,-1.989298406,1.493177413,0.01036771321,-2.665845049,0.1769324406,12.66195176,11.66694477,1.616581625,39.61257674,-5.18479604,-266.6000784,-78.07848605,18.90199959
0.98,0.01082408672,0.2989257418,-1.929440499,1.550479347,0.01868065654,-2.456182823,0.1422393187,11.25843122,11.24165258,1.707177712,44.0995281,-8.543163539,-293.9845384,-92.73096951,17.19364364
0.985,-0.0008899201682,0.2995220579,-1.876920569,1.605454078,0.02742148221,-2.226517096,0.09531270855,9.731378743,10.7325242,1.786956861,47.58993558,-9.701166633,-315.8145234,-111.637337,14.5496813
0.99,-0.01141649119,0.299882458,-1.832281953,1.657628893,0.0365237738,-1.982124204,0.05041313764,8.111479267,10.11812885,1.850861073,49.98014058,-7.852967228,-330.9416145,-134.8185142,10.81978187
0.995,-0.02069590998,0.3000489214,-1.795900714,1.706424843,0.04589401747,-1.728587353,0.01866244626,6.43483837,9.377651772,1.89313001,51.25155441,-4.906592799,-338.3608662,-161.9949149,5.878665278
1,-0.02869625436,0.300089191,-1.767960726,1.751163856,0.05540855099,-1.471371572,-0.001412600336,4.742024439,8.492560655,1.907517385,51.46898429,-3.551321073,-337.3104166,-192.525499,-0.33535349
1.005,-0.0354128216,0.300026037,-1.74841119,1.791066948,0.06490883672,-1.216043957,-0.02778332075,3.090489878,7.438211895,1.885708634,50.52372909,-8.193343393,-322.0251878,-229.1658298,-8.605386963
1.01,-0.04086780947,0.2997502093,-1.736895992,1.825242295,0.07419208803,-0.9673402239,-0.08951282045,1.534733492,6.202038171,1.819937264,48.85655039,-16.43333194,-299.0023797,-265.1015086,-17.80517237
1.015,-0.04510241368,0.299072372,-1.732840506,1.852794065,0.08302948081,-0.7282995648,-0.1852191236,0.1126748637,4.790362216,1.707077279,46.69718898,-20.70005079,-268.6903836,-299.1304296,-27.35056236
1.02,-0.04817014278,0.2978931911,-1.735489568,1.872874737,0.09118359899,-0.5008112148,-0.2838483474,-1.142056938,3.216442766,1.546824384,44.27141827,-17.62991393,-232.340104,-329.7381413,-36.65749151
1.025,-0.05013122854,0.296281881,-1.743938438,1.884722337,0.09842316579,-0.2857000615,-0.3547455608,-2.203808016,1.501247956,1.342005431,41.7752331,-10.61599905,-191.8580366,-355.3995574,-45.06375029
1.03,-0.05104776833,0.2943994098,-1.75717995,1.887698064,0.1045394145,-0.08292896667,-0.3945066039,-3.057604514,-0.3271101127,1.098794186,39.35487236,-6.187049352,-149.5619526,-374.8166959,-51.91173462
1.035,-0.0509800902,0.292348547,-1.774161803,1.881318386,0.1093622773,0.1081228813,-0.4273641277,-3.700451171,-2.234967463,0.8263947116,37.0968627,-7.981415827,-107.872305,-387.0881208,-56.66574169
1.04,-0.04998458652,0.290089269,-1.793846426,1.865277401,0.1127735791,0.2883602987,-0.4812943514,-4.141068254,-4.185335071,0.5361803611,35.02940075,-13.83134447,-69.00875104,-391.7912225,-59.00532376
1.045,-0.04811298584,0.2874874908,-1.815265989,1.839457421,0.1147149655,0.4587045484,-0.5631197133,-4.398270576,-6.140310281,0.2404933267,33.1332903,-18.21845178,-34.75978899,-388.9753768,-58.86492591
1.05,-0.04541279765,0.2844416575,-1.837566858,1.803927895,0.1151895817,0.6198962689,-0.6545426678,-4.49846223,-8.063268935,-0.0486058616,31.35843426,-17.4340253,-6.362046608,-379.0858628,-56.41550282
1.055,-0.04192852793,0.2809687221,-1.860040486,1.758934525,0.114257929,0.7723851404,-0.7305926406,-4.472802218,-9.920572139,-0.3203817648,29.64132419,-12.65956868,15.51406513,-362.8517588,-52.00376707
1.06,-0.03770323532,0.277177968,-1.882140305,1.70488127,0.1120293642,0.9163017127,-0.78216639,-4.354503035,-11.68269493,-0.5661079353,27.9199593,-8.463830717,30.70320618,-341.1720146,-46.07320511
1.065,-0.03278005917,0.2731663383,-1.90348607,1.642308069,0.108651172,1.051493235,-0.8224992691,-4.17654196,-13.32483757,-0.7793570584,26.14437617,-8.472011563,39.44740513,-315.025836,-39.08858599
1.07,-0.02720345621,0.2689345768,-1.92385802,1.571866464,0.1042970684,1.177600512,-0.8734240976,-3.969882073,-14.82718242,-0.9559530197,24.28260429,-12.27583551,42.29433872,-285.4220124,-31.47779998
1.075,-0.02101999537,0.2643957539,-1.943183367,1.494294395,0.09915657658,1.294154664,-0.9453995634,-3.762166758,-16.17500414,-1.093688896,22.32284557,-16.17651969,40.01197629,-253.3906238,-23.59678734
1.08,-0.01427865398,0.2594598848,-1.961517225,1.410390396,0.09342615311,1.400677539,-1.02942129,-3.576781016,-17.35883219,-1.191928284,20.27291601,-16.74322155,33.52757214,-220.0101795,-15.71763126
1.085,-0.007030627746,0.2541131532,-1.97901951,1.320986527,0.08730236813,1.496774156,-1.10677728,-3.432161745,-18.37480239,-1.251199076,18.15770045,-13.79693994,23.88760732,-186.4521783,-8.036785859
1.09,0.0006712825235,0.2484227641,-1.995928845,1.226919024,0.08097694353,1.582208133,-1.166387914,-3.341283234,-19.22521399,-1.272869445,16.01490848,-10.25727019,12.22459136,-154.0125492,-0.6988734051
1.095,0.008773601214,0.2424702621,-2.012534347,1.12899594,0.07463306679,1.656951691,-1.213796555,-3.311337687,-19.91912614,-1.258969609,13.88915298,-9.28575448,-0.2919781465,-124.0886482,6.169983909
1.1,0.01722327775,0.2362786343,-2.029146577,1.027962457,0.06844216531,1.721202268,-1.26472101,-3.343752093,-20.47261591,-1.212186386,11.82460734,-11.48955682,-12.5445277,-98.0613786,12.42820062
1.105,0.02596877463,0.2297977332,-2.046069889,0.9244668407,0.06256032066,1.775360868,-1.330295434,-3.434775646,-20.9081723,-1.136002179,9.857318249,-14.63258658,-23.60612091,-77.06950936,17.89753488
1.11,0.03496095589,0.2229552433,-2.063579611,0.8190325814,0.05712382794,1.819975385,-1.407741008,-3.576844281,-21.25277841,-1.03487356,8.009296483,-15.86822932,-32.90494051,-61.72535668,22.37110258
1.115,0.04415363382,0.2157222295,-2.08190802,0.7120435591,0.05224412492,1.855664111,-1.484130911,-3.760700965,-21.53467257,-0.9142713172,6.286873734,-14.29458977,-40.34828474,-51.89626967,25.66129669
1.12,0.05350373546,0.2081343795,-2.101242028,0.6037473739,0.04800326846,1.883044751,-1.548697693,-3.977859028,-21.77950324,-0.7803964925,4.684543074,-11.56006875,-46.32377744,-46.70226353,27.677249
1.125,0.06297118164,0.2002545338,-2.121732538,0.4942767555,0.04445180898,1.902693742,-1.602072239,-4.222672162,-22.0071753,-0.6395136506,3.192735698,-10.17409335,-51.54249257,-44.79133205,28.49178506
1.13,0.0725089429,0.192150392,-2.144147147,0.3849757095,0.0410794557,1.90980627,-1.629054813,-4.829398544,-21.54733579,-0.7492247197,-0.006053188158,2.252984891,-160.419297,166.0752735,-30.09367257
1.135,0.0820482608,0.1841201258,-2.17040049,0.2795012923,0.03707829673,1.904082696,-1.565730864,-5.683329729,-20.6204693,-0.8269826384,-2.225159513,22.74601221,-174.9895622,194.1975274,-1.750804644
1.14,0.09153238268,0.1766348132,-2.200988637,0.1788215575,0.03299931625,1.88791054,-1.4201236,-6.546428341,-19.65549822,-0.79247757,-4.217408021,32.55934144,-168.5685359,189.6220126,12.96058565
1.145,0.100911386,0.1699232617,-2.235779123,0.08286992112,0.02921996085,1.862162565,-1.271667982,-7.35933554,-18.73454675,-0.716845628,-6.0554914,24.10387878,-156.0822276,178.4132702,15.98147486
1.15,0.1101393603,0.1637944179,-2.274468168,-0.00862161881,0.02582965289,1.827641284,-1.194718528,-8.10439309,-17.87165904,-0.641116639,-7.722252194,6.539626214,-141.797721,166.899379,13.82477494
1.155,0.1191746922,0.1578450152,-2.316701168,-0.09593772738,0.0227817277,1.785269685,-1.19381177,-8.776500697,-17.06323874,-0.5812316715,-9.191810688,-3.857332521,-126.9956274,156.7302981,10.02451604
1.16,0.1279806787,0.1518335583,-2.362108492,-0.1793323268,0.01998424581,1.736081299,-1.206348294,-9.373889082,-16.30177383,-0.5410319497,-10.44723434,1.349165956,-111.9080946,148.0970867,6.097522972
1.165,0.1365259408,0.1458767236,-2.410312708,-0.2590217527,0.01734009669,1.68116073,-1.16390918,-9.89493497,-15.58007974,-0.5195536734,-11.48539431,16.10334708,-96.4316329,140.7741276,2.579159949
1.17,0.1447845,0.1403128391,-2.460926552,-0.3351896768,0.01476155397,1.621571198,-1.05282693,-10.33727973,-14.89231817,-0.5143453665,-12.31798463,26.55218962,-80.40201538,134.480819,-0.4072249012
1.175,0.1527354869,0.1353839623,-2.51354902,-0.4079938948,0.01217389621,1.558281308,-0.9209504409,-10.69782043,-14.23392554,-0.5227774742,-12.97096728,23.94095708,-63.69494083,128.9971664,-2.886202289
1.18,0.160362496,0.1310327374,-2.567762327,-0.4775717714,0.009515013459,1.492097478,-0.8298035893,-10.9730083,-13.60121841,-0.5424659652,-13.48288354,11.80624304,-46.25896049,124.1924962,-4.920718203
1.185,0.1676526279,0.126981274,-2.623130633,-0.5440435103,0.006733913987,1.423607575,-0.7993129914,-11.15923663,-12.99094217,-0.5713456474,-13.90205515,1.701016312,-28.1223529,120.0246696,-6.571811987
1.19,0.174595289,0.1229959481,-2.679200743,-0.6075132313,0.003789221589,1.353141223,-0.7942976124,-11.25323299,-12.39985323,-0.607623849,-14.28274149,2.295741559,-9.389437154,116.5291842,-7.886664194
1.195,0.1811808456,0.1190881092,-2.735504693,-0.6680681143,0.0006479985164,1.280751477,-0.7605867262,-11.2524194,-11.82436712,-0.6497050668,-14.68049109,12.04784593,9.768030845,113.8041765,-8.897110544
1.2,0.1873992447,0.1154807514,-2.791564027,-0.7257759819,-0.002715054346,1.206220916,-0.6743492005,-11.15522231,-11.26028767,-0.6961180508,-15.14710234,21.52926763,29.1220148,111.9931995,-9.621400095
1.205,0.1932387305,0.1123927141,-2.846895465,-0.7806817497,-0.006318058689,1.129092812,-0.5601029552,-10.9613236,-10.70262579,-0.7454537424,-15.72572743,22.448922,48.40042662,111.266738,-10.06654223
1.21,0.1986847733,0.1098471175,-2.901017685,-0.8328032031,-0.0101721385,1.048725239,-0.464595314,-10.67185044,-10.1455118,-0.796314558,-16.44668433,14.81699271,67.29917726,111.8034566,-10.23044665
1.215,0.2037193189,0.107669755,-2.953458901,-0.8821265691,-0.01428137167,0.9643632856,-0.4136762737,-10.28950742,-9.582199997,-0.8472736259,-17.32447514,6.143967504,85.49306913,113.7722452,-10.10378177
1.22,0.2083204282,0.1056607316,-3.00376497,-0.9286023272,-0.01864256037,0.8752223948,-0.3916172437,-9.818658221,-9.005158941,-0.8968429716,-18.35635849,4.13698001,102.6450502,117.3159714,-9.671736218
1.225,0.2124623455,0.1037722581,-3.05150781,-0.9721416677,-0.02324486476,0.7805746126,-0.3588748968,-9.265364978,-8.406237626,-0.9434508023,-19.52262031,9.920506351,118.4140244,122.537467,-8.915940701
1.23,0.2161159876,0.1021360586,-3.096293903,-1.012613945,-0.02806934862,0.679829344,-0.2890499587,-8.637390355,-7.77689581,-0.9854293332,-20.78846962,17.67805471,132.4620861,129.487832,-7.816801382
1.235,0.2192498063,0.1009306971,-3.137772734,-1.049845422,-0.03308849567,0.5726010932,-0.1907900299,-7.944162261,-7.108487539,-1.021015744,-22.10729141,20.41651785,144.4625185,138.1568014,-6.356446553
1.24,0.221830945,0.1002204758,-3.175644931,-1.083619538,-0.03826577046,0.458758383,-0.0968602326,-7.196693534,-6.392588406,-1.048369665,-23.42484429,16.21264686,154.110022,148.4648371,-4.522401726
1.245,0.2238265852,0.09990993243,-3.209669876,-1.113678918,-0.04355531571,0.3384503422,-0.03310123607,-6.407442379,-5.621358397,-1.065610863,-24.68391114,9.416366356,161.1343324,160.2568112,-2.311975946
1.25,0.2252053671,0.09984282088,-3.239672418,-1.139729255,-0.04890189536,0.2121099627,0.003576985989,-5.590095104,-4.787931804,-1.07088025,-25.82889957,6.236579801,165.3176841,173.2975874,0.2628441109
#simulation finished=2025-08-01,15:23:58
#Solver Info: cpuTime=0.319171,stepReductionFailed(or step failed)=0,discontinuousIterationSuccessful=1,newtonSolutionDiverged=0,massMatrixNotInvertible=0,total time steps=5000,total Newton iterations=8910,total Newton jacobians=8910
