#Exudyn implicit second order time integration sensor output file
#measure KinematicTree number = 1
#OutputVariableType = AngularAccelerationLocal
#simulation started = 2025-08-02,09:08:12
#columns contain: time, comma separated sensor values (e.g, x,y,z position coordinates)
#number of sensor values = 3
#Exudyn version = 1.10.0; Python3.13.2; Windows AVX2 FLOAT64
#
0,0,0,0
0.005,0,0,0
0.01,0,0,0
0.015,0,0,0
0.02,0,0,0
0.025,0,0,0
0.03,0,0,0
0.035,0,0,0
0.04,0,0,0
0.045,0,0,0
0.05,0,0,0
0.055,0,0,0
0.06,0,0,0
0.065,0,0,0
0.07,0,0,0
0.075,0,0,0
0.08,0,0,0
0.085,0,0,0
0.09,0,0,0
0.095,0,0,0
0.1,0,0,0
0.105,0,0,0
0.11,0,0,0
0.115,0,0,0
0.12,0,0,0
0.125,0,0,0
0.13,0,0,0
0.135,0,0,0
0.14,0,0,0
0.145,0,0,0
0.15,0,0,0
0.155,0,0,0
0.16,0,0,0
0.165,0,0,0
0.17,0,0,0
0.175,0,0,0
0.18,0,0,0
0.185,0,0,0
0.19,0,0,0
0.195,0,0,0
0.2,0,0,0
0.205,0,0,0
0.21,0,0,0
0.215,0,0,0
0.22,0,0,0
0.225,0,0,0
0.23,0,0,0
0.235,0,0,0
0.24,0,0,0
0.245,0,0,0
0.25,0,0,5.413705897e-11
0.255,0,0,45.7036649
0.26,0,0,42.83788097
0.265,0,0,42.10200384
0.27,0,0,41.91027721
0.275,0,0,41.85551973
0.28,0,0,41.83267385
0.285,0,0,41.81413557
0.29,0,0,41.79216604
0.295,0,0,41.76413494
0.3,0,0,41.72874405
0.305,0,0,41.68506919
0.31,0,0,41.63232593
0.315,0,0,41.56982507
0.32,0,0,41.49697864
0.325,0,0,41.41332337
0.33,0,0,41.31855152
0.335,0,0,41.21254841
0.34,0,0,41.0954344
0.345,0,0,40.96760773
0.35,0,0,40.82982213
0.355,0,0,40.68320017
0.36,0,0,40.52933187
0.365,0,0,40.37032435
0.37,0,0,40.20886674
0.375,0,0,40.04829187
0.38,0,0,39.89263142
0.385,0,0,39.74665967
0.39,0,0,39.61591946
0.395,0,0,39.50672244
0.4,0,0,39.42611399
0.405,0,0,-44.03055492
0.41,0,0,-40.59351842
0.415,0,0,-40.01037513
0.42,0,0,-39.90189957
0.425,0,0,-39.89033815
0.43,0,0,-39.91691922
0.435,0,0,-39.96942763
0.44,0,0,-40.04207636
0.445,0,0,-40.13021598
0.45,0,0,-40.22974177
0.455,0,0,-40.33704883
0.46,0,0,-40.44902773
0.465,0,0,-40.56304991
0.47,0,0,-40.67694197
0.475,0,0,-40.78895239
0.48,0,0,-40.89771389
0.485,0,0,-41.00220373
0.49,0,0,-41.10170398
0.495,0,0,-41.19576296
0.5,0,0,-41.28415886
0.505,0,0,-41.36686596
0.51,0,0,-41.44402395
0.515,0,0,-41.51591028
0.52,0,0,-41.58291551
0.525,0,0,-41.64552165
0.53,0,0,-41.70428297
0.535,0,0,-41.75980926
0.54,0,0,-41.81275104
0.545,0,0,-41.86378633
0.55,0,0,-41.91360878
0.555,0,0,79.67640468
0.56,0,0,80.3730703
0.565,0,0,79.97764054
0.57,0,0,79.55662291
0.575,0,0,79.11298718
0.58,0,0,78.64118546
0.585,0,0,78.13637581
0.59,0,0,77.59468529
0.595,0,0,77.0134127
0.6,0,0,76.39124918
0.605,0,0,75.72851648
0.61,0,0,75.02742072
0.615,0,0,74.29231756
0.62,0,0,73.52998315
0.625,0,0,72.74988319
0.63,0,0,71.96443043
0.635,0,0,71.18921896
0.64,0,0,70.44322159
0.645,0,0,69.7489347
0.65,0,0,69.1324532
0.655,0,0,68.62345663
0.66,0,0,68.25508622
0.665,0,0,68.06369159
0.67,0,0,68.08842537
0.675,0,0,68.37066338
0.68,0,0,68.95322837
0.685,0,0,69.87939549
0.69,0,0,71.19165876
0.695,0,0,72.93023913
0.7,0,0,75.13131684
0.705,0,0,-3.647475922
0.71,0,0,-47.11035443
0.715,0,0,-56.56223032
0.72,0,0,-59.9484262
0.725,0,0,-62.25044416
0.73,0,0,-64.37394208
0.735,0,0,-66.45893824
0.74,0,0,-68.4989204
0.745,0,0,-70.46317476
0.75,0,0,-72.32189254
0.755,0,0,-74.05118458
0.76,0,0,-75.63369084
0.765,0,0,-77.05814483
0.77,0,0,-78.31866733
0.775,0,0,-79.41397872
0.78,0,0,-80.34660017
0.785,0,0,-81.12218809
0.79,0,0,-81.74873317
0.795,0,0,-82.23601527
0.8,0,0,-82.59504391
0.805,0,0,-82.83760295
0.81,0,0,-82.97587723
0.815,0,0,-83.02215815
0.82,0,0,-82.98862304
0.825,0,0,-82.88718099
0.83,0,0,-82.72937755
0.835,0,0,-82.5263498
0.84,0,0,-82.28882356
0.845,0,0,-82.02714451
0.85,0,0,-81.75133544
0.855,0,0,-0.7851772926
0.86,0,0,27.13339238
0.865,0,0,34.04260676
0.87,0,0,35.76589184
0.875,0,0,36.20695614
0.88,0,0,36.32823025
0.885,0,0,36.36656061
0.89,0,0,36.37975319
0.895,0,0,36.38139166
0.9,0,0,36.37411355
0.905,0,0,36.35783195
0.91,0,0,36.33179409
0.915,0,0,36.29506222
0.92,0,0,36.24668315
0.925,0,0,36.18572506
0.93,0,0,36.11130797
0.935,0,0,36.022634
0.94,0,0,35.91901995
0.945,0,0,35.7999359
0.95,0,0,35.66505045
0.955,0,0,35.51428166
0.96,0,0,35.34785435
0.965,0,0,35.1663642
0.97,0,0,34.97084842
0.975,0,0,34.76286065
0.98,0,0,34.54455144
0.985,0,0,34.31874951
0.99,0,0,34.08904443
0.995,0,0,33.85985199
1,0,0,33.63653529
1.005,0,0,-43.51324501
1.01,0,0,-37.07613006
1.015,0,0,-35.56887776
1.02,0,0,-35.15386055
1.025,0,0,-34.9931892
1.03,0,0,-34.90938379
1.035,0,0,-34.86415099
1.04,0,0,-34.84716236
1.045,0,0,-34.85348539
1.05,0,0,-34.87929155
1.055,0,0,-34.92112823
1.06,0,0,-34.97583402
1.065,0,0,-35.04055104
1.07,0,0,-35.11274031
1.075,0,0,-35.19018688
1.08,0,0,-35.27099518
1.085,0,0,-35.35357669
1.09,0,0,-35.4366321
1.095,0,0,-35.51912979
1.1,0,0,-35.60028204
1.105,0,0,-35.67952029
1.11,0,0,-35.7564702
1.115,0,0,-35.83092711
1.12,0,0,-35.9028325
1.125,0,0,-35.9722515
1.13,0,0,-36.03935175
1.135,0,0,-36.10438342
1.14,0,0,-36.16766059
1.145,0,0,-36.22954365
1.15,0,0,-36.29042266
1.155,0,0,-186.652816
1.16,0,0,-195.1592862
1.165,0,0,-195.4114041
1.17,0,0,-195.2896313
1.175,0,0,-195.1506075
1.18,0,0,-195.0104275
1.185,0,0,-194.8698074
1.19,0,0,-194.7288627
1.195,0,0,-194.5878019
1.2,0,0,-194.4469779
1.205,0,0,-194.3069079
1.21,0,0,-194.1682922
1.215,0,0,-194.0320289
1.22,0,0,-193.8992275
1.225,0,0,-193.7712161
1.23,0,0,-193.6495446
1.235,0,0,-193.5359796
1.24,0,0,-193.4324907
1.245,0,0,-193.3412255
1.25,0,0,-193.2644727
1.255,0,0,-193.2046101
1.26,0,0,-193.1640374
1.265,0,0,-193.1450919
1.27,0,0,-193.1499473
1.275,0,0,-193.1804955
1.28,0,0,-193.238213
1.285,0,0,-193.3240156
1.29,0,0,-193.4381043
1.295,0,0,-193.57981
1.3,0,0,-193.7474441
1.305,0,0,140.4991085
1.31,0,0,184.6557661
1.315,0,0,190.7087242
1.32,0,0,191.625517
1.325,0,0,191.8416095
1.33,0,0,191.9786427
1.335,0,0,192.1245068
1.34,0,0,192.2890851
1.345,0,0,192.4704221
1.35,0,0,192.6648019
1.355,0,0,192.8684099
1.36,0,0,193.0776683
1.365,0,0,193.2893377
1.37,0,0,193.5005647
1.375,0,0,193.7089034
1.38,0,0,193.912321
1.385,0,0,194.1091901
1.39,0,0,194.2982715
1.395,0,0,194.4786885
1.4,0,0,194.6498977
1.405,0,0,194.8116557
1.41,0,0,194.9639853
1.415,0,0,195.1071413
1.42,0,0,195.2415778
1.425,0,0,195.3679174
1.43,0,0,195.4869225
1.435,0,0,195.5994691
1.44,0,0,195.7065238
1.445,0,0,195.8091225
1.45,0,0,195.9083514
1.455,0,0,66.43698389
1.46,0,0,43.07506113
1.465,0,0,37.88844937
1.47,0,0,36.7161447
1.475,0,0,36.43140177
1.48,0,0,36.34389757
1.485,0,0,36.30132855
1.49,0,0,36.27024029
1.495,0,0,36.24345249
1.5,0,0,36.21960214
1.505,0,0,36.19861923
1.51,0,0,36.180725
1.515,0,0,36.16620996
1.52,0,0,36.15538453
1.525,0,0,36.14856805
1.53,0,0,36.14608601
1.535,0,0,36.1482691
1.54,0,0,36.1554524
1.545,0,0,36.16797448
1.55,0,0,36.18617622
1.555,0,0,36.2103994
1.56,0,0,36.24098504
1.565,0,0,36.27827132
1.57,0,0,36.32259136
1.575,0,0,36.3742705
1.58,0,0,36.4336234
1.585,0,0,36.50095065
1.59,0,0,36.57653512
1.595,0,0,36.66063794
1.6,0,0,36.7534941
1.605,0,0,-4.813008601
1.61,0,0,-27.54325468
1.615,0,0,-33.26401436
1.62,0,0,-34.76498214
1.625,0,0,-35.21160361
1.63,0,0,-35.3911104
1.635,0,0,-35.50009446
1.64,0,0,-35.58784225
1.645,0,0,-35.66677319
1.65,0,0,-35.74006242
1.655,0,0,-35.80857356
1.66,0,0,-35.87260335
1.665,0,0,-35.93232075
1.67,0,0,-35.98787651
1.675,0,0,-36.03943003
1.68,0,0,-36.0871543
1.685,0,0,-36.13123643
1.69,0,0,-36.17187652
1.695,0,0,-36.20928605
1.7,0,0,-36.24368667
1.705,0,0,-36.27530907
1.71,0,0,-36.30439151
1.715,0,0,-36.33117898
1.72,0,0,-36.35592202
1.725,0,0,-36.37887602
1.73,0,0,-36.4003001
1.735,0,0,-36.42045661
1.74,0,0,-36.4396102
1.745,0,0,-36.45802733
1.75,0,0,-36.47597559
1.755,0,0,-15.80729102
1.76,0,0,-4.062978217
1.765,0,0,-1.052791464
1.77,0,0,-0.2812150421
1.775,0,0,-0.08340992351
1.78,0,0,-0.03266672066
1.785,0,0,-0.01961677217
1.79,0,0,-0.01622807322
1.795,0,0,-0.01531580277
1.8,0,0,-0.01503843266
1.805,0,0,-0.01492396328
1.81,0,0,-0.01485141637
1.815,0,0,-0.01478978343
1.82,0,0,-0.01473111611
1.825,0,0,-0.01467337643
1.83,0,0,-0.01461604145
1.835,0,0,-0.01455897646
1.84,0,0,-0.01450214626
1.845,0,0,-0.0144455412
1.85,0,0,-0.01438915815
1.855,0,0,-0.01433299567
1.86,0,0,-0.01427705275
1.865,0,0,-0.01422132851
1.87,0,0,-0.01416582205
1.875,0,0,-0.01411053254
1.88,0,0,-0.01405545912
1.885,0,0,-0.01400060093
1.89,0,0,-0.01394595716
1.895,0,0,-0.01389152697
1.9,0,0,-0.0138373095
1.905,0,0,-0.01378330392
1.91,0,0,-0.01372950941
1.915,0,0,-0.01367592514
1.92,0,0,-0.01362255029
1.925,0,0,-0.01356938405
1.93,0,0,-0.01351642555
1.935,0,0,-0.01346367405
1.94,0,0,-0.0134111287
1.945,0,0,-0.0133587887
1.95,0,0,-0.01330665326
1.955,0,0,-0.01325472155
1.96,0,0,-0.01320299279
1.965,0,0,-0.01315146619
1.97,0,0,-0.01310014095
1.975,0,0,-0.01304901629
1.98,0,0,-0.01299809142
1.985,0,0,-0.01294736557
1.99,0,0,-0.01289683793
1.995,0,0,-0.01284650774
2,0,0,-0.01279637426
2.005,0,0,-0.01274643664
2.01,0,0,-0.01269669421
2.015,0,0,-0.01264714613
2.02,0,0,-0.01259779169
2.025,0,0,-0.01254863012
2.03,0,0,-0.01249966064
2.035,0,0,-0.01245088251
2.04,0,0,-0.012402295
2.045,0,0,-0.01235389734
2.05,0,0,-0.01230568881
2.055,0,0,-0.01225766865
2.06,0,0,-0.01220983613
2.065,0,0,-0.01216219051
2.07,0,0,-0.01211473105
2.075,0,0,-0.01206745707
2.08,0,0,-0.0120203678
2.085,0,0,-0.01197346252
2.09,0,0,-0.01192674052
2.095,0,0,-0.01188020107
2.1,0,0,-0.01183384348
2.105,0,0,-0.01178766701
2.11,0,0,-0.01174167097
2.115,0,0,-0.01169585465
2.12,0,0,-0.01165021736
2.125,0,0,-0.01160475835
2.13,0,0,-0.01155947699
2.135,0,0,-0.01151437255
2.14,0,0,-0.01146944432
2.145,0,0,-0.01142469165
2.15,0,0,-0.01138011382
2.155,0,0,-0.01133571017
2.16,0,0,-0.01129148
2.165,0,0,-0.01124742264
2.17,0,0,-0.01120353742
2.175,0,0,-0.01115982365
2.18,0,0,-0.01111628067
2.185,0,0,-0.01107290782
2.19,0,0,-0.01102970442
2.195,0,0,-0.0109866698
2.2,0,0,-0.01094380332
2.205,0,0,-0.01090110432
2.21,0,0,-0.01085857213
2.215,0,0,-0.0108162061
2.22,0,0,-0.01077400559
2.225,0,0,-0.01073196995
2.23,0,0,-0.01069009853
2.235,0,0,-0.0106483907
2.24,0,0,-0.0106068458
2.245,0,0,-0.0105654632
2.25,0,0,-0.01052424227
2.255,0,0,-0.01048318238
2.26,0,0,-0.01044228289
2.265,0,0,-0.01040154318
2.27,0,0,-0.01036096262
2.275,0,0,-0.01032054059
2.28,0,0,-0.01028027648
2.285,0,0,-0.01024016965
2.29,0,0,-0.0102002195
2.295,0,0,-0.01016042541
2.3,0,0,-0.01012078677
2.305,0,0,-0.01008130298
2.31,0,0,-0.01004197343
2.315,0,0,-0.01000279751
2.32,0,0,-0.009963774634
2.325,0,0,-0.009924904192
2.33,0,0,-0.009886185595
2.335,0,0,-0.009847618234
2.34,0,0,-0.009809201526
2.345,0,0,-0.009770934886
2.35,0,0,-0.009732817717
2.355,0,0,-0.009694849451
2.36,0,0,-0.009657029482
2.365,0,0,-0.009619357256
2.37,0,0,-0.009581832176
2.375,0,0,-0.00954445368
2.38,0,0,-0.00950722118
2.385,0,0,-0.009470134121
2.39,0,0,-0.009433191913
2.395,0,0,-0.009396394011
2.4,0,0,-0.009359739838
2.405,0,0,-0.009323228839
2.41,0,0,-0.009286860448
2.415,0,0,-0.009250634109
2.42,0,0,-0.009214549261
2.425,0,0,-0.009178605365
2.43,0,0,-0.009142801848
2.435,0,0,-0.009107138184
2.44,0,0,-0.009071613822
2.445,0,0,-0.009036228197
2.45,0,0,-0.009000980795
2.455,0,0,-0.008965871042
2.46,0,0,-0.00893089843
2.465,0,0,-0.008896062408
2.47,0,0,-0.008861362453
2.475,0,0,-0.008826798017
2.48,0,0,-0.008792368573
2.485,0,0,-0.0087580736
2.49,0,0,-0.00872391258
2.495,0,0,-0.008689884968
2.5,0,0,-0.008655990252
2.505,0,0,-0.008622227907
2.51,0,0,-0.008588597442
2.515,0,0,-0.00855509831
2.52,0,0,-0.008521730004
2.525,0,0,-0.00848849202
2.53,0,0,-0.008455383848
2.535,0,0,-0.00842240497
2.54,0,0,-0.008389554896
2.545,0,0,-0.008356833098
2.55,0,0,-0.008324239101
2.555,0,0,-0.008291772399
2.56,0,0,-0.008259432481
2.565,0,0,-0.008227218863
2.57,0,0,-0.008195131045
2.575,0,0,-0.008163168539
2.58,0,0,-0.008131330853
2.585,0,0,-0.008099617498
2.59,0,0,-0.008068027985
2.595,0,0,-0.008036561848
2.6,0,0,-0.008005218579
2.605,0,0,-0.007973997711
2.61,0,0,-0.007942898762
2.615,0,0,-0.00791192126
2.62,0,0,-0.007881064732
2.625,0,0,-0.007850328691
2.63,0,0,-0.00781971267
2.635,0,0,-0.007789216213
2.64,0,0,-0.007758838843
2.645,0,0,-0.007728580087
2.65,0,0,-0.007698439489
2.655,0,0,-0.0076684166
2.66,0,0,-0.007638510935
2.665,0,0,-0.007608722051
2.67,0,0,-0.007579049495
2.675,0,0,-0.007549492798
2.68,0,0,-0.007520051516
2.685,0,0,-0.007490725189
2.69,0,0,-0.007461513378
2.695,0,0,-0.007432415629
2.7,0,0,-0.007403431503
2.705,0,0,-0.007374560548
2.71,0,0,-0.007345802334
2.715,0,0,-0.0073171564
2.72,0,0,-0.007288622316
2.725,0,0,-0.007260199649
2.73,0,0,-0.007231887963
2.735,0,0,-0.007203686821
2.74,0,0,-0.007175595796
2.745,0,0,-0.007147614444
2.75,0,0,-0.007119742346
2.755,0,0,-0.007091979079
2.76,0,0,-0.007064324212
2.765,0,0,-0.007036777321
2.77,0,0,-0.007009337981
2.775,0,0,-0.006982005781
2.78,0,0,-0.006954780295
2.785,0,0,-0.006927661103
2.79,0,0,-0.006900647795
2.795,0,0,-0.006873739957
2.8,0,0,-0.006846937168
2.805,0,0,-0.006820239035
2.81,0,0,-0.006793645132
2.815,0,0,-0.00676715506
2.82,0,0,-0.00674076841
2.825,0,0,-0.006714484781
2.83,0,0,-0.006688303764
2.835,0,0,-0.006662224962
2.84,0,0,-0.006636247973
2.845,0,0,-0.006610372406
2.85,0,0,-0.006584597856
2.855,0,0,-0.006558923932
2.86,0,0,-0.006533350243
2.865,0,0,-0.006507876396
2.87,0,0,-0.006482501991
2.875,0,0,-0.006457226655
2.88,0,0,-0.006432049985
2.885,0,0,-0.006406971607
2.89,0,0,-0.006381991133
2.895,0,0,-0.006357108183
2.9,0,0,-0.006332322371
2.905,0,0,-0.006307633318
2.91,0,0,-0.006283040649
2.915,0,0,-0.006258543982
2.92,0,0,-0.00623414295
2.925,0,0,-0.006209837168
2.93,0,0,-0.00618562628
2.935,0,0,-0.006161509897
2.94,0,0,-0.006137487655
2.945,0,0,-0.006113559192
2.95,0,0,-0.006089724138
2.955,0,0,-0.006065982128
2.96,0,0,-0.006042332801
2.965,0,0,-0.006018775794
2.97,0,0,-0.005995310737
2.975,0,0,-0.005971937271
2.98,0,0,-0.00594865506
2.985,0,0,-0.005925463722
2.99,0,0,-0.005902362912
2.995,0,0,-0.005879352278
3,0,0,-0.005856431466
3.005,0,0,-0.00583360013
3.01,0,0,-0.005810857904
3.015,0,0,-0.005788204455
3.02,0,0,-0.005765639431
3.025,0,0,-0.005743162486
3.03,0,0,-0.005720773278
3.035,0,0,-0.00569847146
3.04,0,0,-0.005676256692
3.045,0,0,-0.005654128637
3.05,0,0,-0.005632086954
3.055,0,0,-0.005610131306
3.06,0,0,-0.005588261353
3.065,0,0,-0.005566476767
3.07,0,0,-0.005544777204
3.075,0,0,-0.005523162341
3.08,0,0,-0.005501631843
3.085,0,0,-0.005480185386
3.09,0,0,-0.005458822631
3.095,0,0,-0.005437543258
3.1,0,0,-0.005416346943
3.105,0,0,-0.005395233354
3.11,0,0,-0.005374202175
3.115,0,0,-0.005353253079
3.12,0,0,-0.005332385747
3.125,0,0,-0.005311599861
3.13,0,0,-0.005290895101
3.135,0,0,-0.005270271147
3.14,0,0,-0.005249727688
3.145,0,0,-0.005229264408
3.15,0,0,-0.005208880994
3.155,0,0,-0.005188577132
3.16,0,0,-0.005168352514
3.165,0,0,-0.005148206827
3.17,0,0,-0.005128139767
3.175,0,0,-0.005108151018
3.18,0,0,-0.005088240285
3.185,0,0,-0.005068407256
3.19,0,0,-0.005048651631
3.195,0,0,-0.005028973105
3.2,0,0,-0.005009371377
3.205,0,0,-0.00498984615
3.21,0,0,-0.00497039712
3.215,0,0,-0.004951023993
3.22,0,0,-0.004931726469
3.225,0,0,-0.004912504258
3.23,0,0,-0.00489335706
3.235,0,0,-0.004874284584
3.24,0,0,-0.00485528654
3.245,0,0,-0.004836362634
3.25,0,0,-0.004817512581
3.255,0,0,-0.004798736086
3.26,0,0,-0.004780032866
3.265,0,0,-0.004761402633
3.27,0,0,-0.004742845102
3.275,0,0,-0.004724359992
3.28,0,0,-0.004705947014
3.285,0,0,-0.004687605889
3.29,0,0,-0.004669336339
3.295,0,0,-0.004651138079
3.3,0,0,-0.004633010836
3.305,0,0,-0.00461495433
3.31,0,0,-0.004596968284
3.315,0,0,-0.004579052421
3.32,0,0,-0.00456120647
3.325,0,0,-0.004543430156
3.33,0,0,-0.004525723212
3.335,0,0,-0.004508085358
3.34,0,0,-0.004490516332
3.345,0,0,-0.004473015858
3.35,0,0,-0.004455583675
3.355,0,0,-0.004438219512
3.36,0,0,-0.004420923105
3.365,0,0,-0.004403694187
3.37,0,0,-0.004386532495
3.375,0,0,-0.004369437772
3.38,0,0,-0.004352409748
3.385,0,0,-0.004335448168
3.39,0,0,-0.004318552768
3.395,0,0,-0.004301723294
3.4,0,0,-0.004284959486
3.405,0,0,-0.004268261085
3.41,0,0,-0.004251627842
3.415,0,0,-0.004235059496
3.42,0,0,-0.004218555798
3.425,0,0,-0.004202116493
3.43,0,0,-0.004185741327
3.435,0,0,-0.004169430058
3.44,0,0,-0.004153182426
3.445,0,0,-0.00413699819
3.45,0,0,-0.004120877098
3.455,0,0,-0.004104818905
3.46,0,0,-0.004088823365
3.465,0,0,-0.004072890232
3.47,0,0,-0.004057019266
3.475,0,0,-0.004041210219
3.48,0,0,-0.004025462856
3.485,0,0,-0.004009776927
3.49,0,0,-0.003994152199
3.495,0,0,-0.003978588431
3.5,0,0,-0.003963085383
3.505,0,0,-0.003947642821
3.51,0,0,-0.003932260506
3.515,0,0,-0.003916938203
3.52,0,0,-0.00390167568
3.525,0,0,-0.003886472702
3.53,0,0,-0.003871329034
3.535,0,0,-0.003856244449
3.54,0,0,-0.003841218711
3.545,0,0,-0.003826251594
3.55,0,0,-0.003811342868
3.555,0,0,-0.003796492303
3.56,0,0,-0.003781699675
3.565,0,0,-0.003766964757
3.57,0,0,-0.003752287321
3.575,0,0,-0.003737667146
3.58,0,0,-0.003723104004
3.585,0,0,-0.003708597675
3.59,0,0,-0.003694147939
3.595,0,0,-0.003679754572
3.6,0,0,-0.003665417355
3.605,0,0,-0.003651136066
3.61,0,0,-0.003636910491
3.615,0,0,-0.00362274041
3.62,0,0,-0.003608625605
3.625,0,0,-0.003594565863
3.63,0,0,-0.003580560967
3.635,0,0,-0.003566610704
3.64,0,0,-0.003552714857
3.645,0,0,-0.003538873219
3.65,0,0,-0.003525085574
3.655,0,0,-0.003511351714
3.66,0,0,-0.003497671426
3.665,0,0,-0.003484044504
3.67,0,0,-0.003470470737
3.675,0,0,-0.003456949918
3.68,0,0,-0.00344348184
3.685,0,0,-0.003430066299
3.69,0,0,-0.003416703087
3.695,0,0,-0.003403392001
3.7,0,0,-0.003390132838
3.705,0,0,-0.003376925393
3.71,0,0,-0.003363769468
3.715,0,0,-0.003350664858
3.72,0,0,-0.003337611364
3.725,0,0,-0.003324608787
3.73,0,0,-0.003311656926
3.735,0,0,-0.003298755585
3.74,0,0,-0.003285904566
3.745,0,0,-0.003273103673
3.75,0,0,-0.003260352707
3.755,0,0,-0.003247651479
3.76,0,0,-0.003234999792
3.765,0,0,-0.003222397449
3.77,0,0,-0.003209844261
3.775,0,0,-0.003197340036
3.78,0,0,-0.003184884581
3.785,0,0,-0.003172477709
3.79,0,0,-0.003160119226
3.795,0,0,-0.003147808945
3.8,0,0,-0.003135546679
3.805,0,0,-0.003123332237
3.81,0,0,-0.003111165437
3.815,0,0,-0.003099046089
3.82,0,0,-0.003086974008
3.825,0,0,-0.003074949011
3.83,0,0,-0.003062970914
3.835,0,0,-0.003051039535
3.84,0,0,-0.003039154688
3.845,0,0,-0.003027316194
3.85,0,0,-0.003015523872
3.855,0,0,-0.003003777539
3.86,0,0,-0.002992077018
3.865,0,0,-0.002980422131
3.87,0,0,-0.002968812697
3.875,0,0,-0.00295724854
3.88,0,0,-0.002945729484
3.885,0,0,-0.00293425535
3.89,0,0,-0.002922825965
3.895,0,0,-0.002911441154
3.9,0,0,-0.002900100743
3.905,0,0,-0.002888804557
3.91,0,0,-0.002877552427
3.915,0,0,-0.002866344177
3.92,0,0,-0.002855179637
3.925,0,0,-0.002844058637
3.93,0,0,-0.002832981007
3.935,0,0,-0.002821946576
3.94,0,0,-0.002810955177
3.945,0,0,-0.002800006642
3.95,0,0,-0.002789100803
3.955,0,0,-0.002778237493
3.96,0,0,-0.002767416546
3.965,0,0,-0.002756637798
3.97,0,0,-0.002745901082
3.975,0,0,-0.002735206235
3.98,0,0,-0.002724553095
3.985,0,0,-0.002713941496
3.99,0,0,-0.002703371279
3.995,0,0,-0.00269284228
4,0,0,-0.00268235434
4.005,0,0,-0.002671907296
4.01,0,0,-0.002661500991
4.015,0,0,-0.002651135265
4.02,0,0,-0.00264080996
4.025,0,0,-0.002630524917
4.03,0,0,-0.00262027998
4.035,0,0,-0.002610074991
4.04,0,0,-0.002599909796
4.045,0,0,-0.002589784238
4.05,0,0,-0.002579698163
4.055,0,0,-0.002569651416
4.06,0,0,-0.002559643845
4.065,0,0,-0.002549675296
4.07,0,0,-0.002539745617
4.075,0,0,-0.002529854655
4.08,0,0,-0.002520002261
4.085,0,0,-0.002510188283
4.09,0,0,-0.002500412572
4.095,0,0,-0.002490674977
4.1,0,0,-0.002480975351
4.105,0,0,-0.002471313544
4.11,0,0,-0.00246168941
4.115,0,0,-0.002452102801
4.12,0,0,-0.002442553571
4.125,0,0,-0.002433041573
4.13,0,0,-0.002423566663
4.135,0,0,-0.002414128695
4.14,0,0,-0.002404727526
4.145,0,0,-0.002395363012
4.15,0,0,-0.002386035009
4.155,0,0,-0.002376743376
4.16,0,0,-0.002367487969
4.165,0,0,-0.002358268649
4.17,0,0,-0.002349085273
4.175,0,0,-0.002339937702
4.18,0,0,-0.002330825796
4.185,0,0,-0.002321749414
4.19,0,0,-0.00231270842
4.195,0,0,-0.002303702675
4.2,0,0,-0.002294732041
4.205,0,0,-0.002285796381
4.21,0,0,-0.002276895558
4.215,0,0,-0.002268029437
4.22,0,0,-0.002259197882
4.225,0,0,-0.002250400758
4.23,0,0,-0.002241637931
4.235,0,0,-0.002232909267
4.24,0,0,-0.002224214632
4.245,0,0,-0.002215553894
4.25,0,0,-0.00220692692
4.255,0,0,-0.00219833358
4.26,0,0,-0.00218977374
4.265,0,0,-0.002181247271
4.27,0,0,-0.002172754041
4.275,0,0,-0.002164293923
4.28,0,0,-0.002155866786
4.285,0,0,-0.002147472501
4.29,0,0,-0.002139110941
4.295,0,0,-0.002130781977
4.3,0,0,-0.002122485482
4.305,0,0,-0.002114221331
4.31,0,0,-0.002105989395
4.315,0,0,-0.00209778955
4.32,0,0,-0.00208962167
4.325,0,0,-0.002081485632
4.33,0,0,-0.002073381309
4.335,0,0,-0.002065308579
4.34,0,0,-0.002057267318
4.345,0,0,-0.002049257403
4.35,0,0,-0.002041278713
4.355,0,0,-0.002033331124
4.36,0,0,-0.002025414517
4.365,0,0,-0.002017528769
4.37,0,0,-0.002009673761
4.375,0,0,-0.002001849372
4.38,0,0,-0.001994055483
4.385,0,0,-0.001986291975
4.39,0,0,-0.00197855873
4.395,0,0,-0.001970855628
4.4,0,0,-0.001963182553
4.405,0,0,-0.001955539388
4.41,0,0,-0.001947926015
4.415,0,0,-0.001940342318
4.42,0,0,-0.001932788182
4.425,0,0,-0.001925263491
4.43,0,0,-0.00191776813
4.435,0,0,-0.001910301986
4.44,0,0,-0.001902864943
4.445,0,0,-0.001895456888
4.45,0,0,-0.001888077708
4.455,0,0,-0.001880727291
4.46,0,0,-0.001873405524
4.465,0,0,-0.001866112295
4.47,0,0,-0.001858847493
4.475,0,0,-0.001851611007
4.48,0,0,-0.001844402727
4.485,0,0,-0.001837222541
4.49,0,0,-0.001830070342
4.495,0,0,-0.00182294602
4.5,0,0,-0.001815849464
4.505,0,0,-0.001808780569
4.51,0,0,-0.001801739225
4.515,0,0,-0.001794725325
4.52,0,0,-0.001787738762
4.525,0,0,-0.001780779428
4.53,0,0,-0.001773847219
4.535,0,0,-0.001766942028
4.54,0,0,-0.00176006375
4.545,0,0,-0.001753212279
4.55,0,0,-0.001746387511
4.555,0,0,-0.001739589343
4.56,0,0,-0.001732817669
4.565,0,0,-0.001726072386
4.57,0,0,-0.001719353393
4.575,0,0,-0.001712660585
4.58,0,0,-0.001705993862
4.585,0,0,-0.00169935312
4.59,0,0,-0.001692738259
4.595,0,0,-0.001686149178
4.6,0,0,-0.001679585776
4.605,0,0,-0.001673047953
4.61,0,0,-0.001666535609
4.615,0,0,-0.001660048644
4.62,0,0,-0.001653586961
4.625,0,0,-0.001647150459
4.63,0,0,-0.001640739041
4.635,0,0,-0.001634352609
4.64,0,0,-0.001627991066
4.645,0,0,-0.001621654313
4.65,0,0,-0.001615342256
4.655,0,0,-0.001609054796
4.66,0,0,-0.001602791839
4.665,0,0,-0.001596553288
4.67,0,0,-0.001590339049
4.675,0,0,-0.001584149026
4.68,0,0,-0.001577983125
4.685,0,0,-0.001571841252
4.69,0,0,-0.001565723313
4.695,0,0,-0.001559629216
4.7,0,0,-0.001553558865
4.705,0,0,-0.00154751217
4.71,0,0,-0.001541489038
4.715,0,0,-0.001535489377
4.72,0,0,-0.001529513095
4.725,0,0,-0.001523560101
4.73,0,0,-0.001517630304
4.735,0,0,-0.001511723614
4.74,0,0,-0.00150583994
4.745,0,0,-0.001499979194
4.75,0,0,-0.001494141285
4.755,0,0,-0.001488326123
4.76,0,0,-0.001482533622
4.765,0,0,-0.001476763691
4.77,0,0,-0.001471016244
4.775,0,0,-0.001465291191
4.78,0,0,-0.001459588447
4.785,0,0,-0.001453907924
4.79,0,0,-0.001448249534
4.795,0,0,-0.001442613193
4.8,0,0,-0.001436998814
4.805,0,0,-0.00143140631
4.81,0,0,-0.001425835598
4.815,0,0,-0.001420286591
4.82,0,0,-0.001414759205
4.825,0,0,-0.001409253356
4.83,0,0,-0.00140376896
4.835,0,0,-0.001398305933
4.84,0,0,-0.001392864192
4.845,0,0,-0.001387443653
4.85,0,0,-0.001382044234
4.855,0,0,-0.001376665853
4.86,0,0,-0.001371308427
4.865,0,0,-0.001365971875
4.87,0,0,-0.001360656116
4.875,0,0,-0.001355361068
4.88,0,0,-0.001350086649
4.885,0,0,-0.001344832781
4.89,0,0,-0.001339599383
4.895,0,0,-0.001334386375
4.9,0,0,-0.001329193677
4.905,0,0,-0.00132402121
4.91,0,0,-0.001318868895
4.915,0,0,-0.001313736654
4.92,0,0,-0.001308624408
4.925,0,0,-0.00130353208
4.93,0,0,-0.001298459591
4.935,0,0,-0.001293406864
4.94,0,0,-0.001288373823
4.945,0,0,-0.00128336039
4.95,0,0,-0.001278366489
4.955,0,0,-0.001273392043
4.96,0,0,-0.001268436977
4.965,0,0,-0.001263501216
4.97,0,0,-0.001258584683
4.975,0,0,-0.001253687304
4.98,0,0,-0.001248809005
4.985,0,0,-0.00124394971
4.99,0,0,-0.001239109346
4.995,0,0,-0.001234287838
5,0,0,-0.001229485114
5.005,0,0,-0.0012247011
5.01,0,0,-0.001219935723
5.015,0,0,-0.00121518891
5.02,0,0,-0.001210460589
5.025,0,0,-0.001205750688
5.03,0,0,-0.001201059135
5.035,0,0,-0.001196385858
5.04,0,0,-0.001191730786
5.045,0,0,-0.001187093849
5.05,0,0,-0.001182474974
5.055,0,0,-0.001177874093
5.06,0,0,-0.001173291134
5.065,0,0,-0.001168726028
5.07,0,0,-0.001164178706
5.075,0,0,-0.001159649097
5.08,0,0,-0.001155137132
5.085,0,0,-0.001150642744
5.09,0,0,-0.001146165863
5.095,0,0,-0.001141706422
5.1,0,0,-0.001137264351
5.105,0,0,-0.001132839584
5.11,0,0,-0.001128432052
5.115,0,0,-0.001124041689
5.12,0,0,-0.001119668428
5.125,0,0,-0.001115312202
5.13,0,0,-0.001110972944
5.135,0,0,-0.001106650588
5.14,0,0,-0.001102345069
5.145,0,0,-0.001098056321
5.15,0,0,-0.001093784278
5.155,0,0,-0.001089528876
5.16,0,0,-0.001085290048
5.165,0,0,-0.001081067732
5.17,0,0,-0.001076861861
5.175,0,0,-0.001072672373
5.18,0,0,-0.001068499203
5.185,0,0,-0.001064342288
5.19,0,0,-0.001060201564
5.195,0,0,-0.001056076968
5.2,0,0,-0.001051968437
5.205,0,0,-0.001047875909
5.21,0,0,-0.001043799321
5.215,0,0,-0.001039738611
5.22,0,0,-0.001035693717
5.225,0,0,-0.001031664577
5.23,0,0,-0.00102765113
5.235,0,0,-0.001023653315
5.24,0,0,-0.001019671071
5.245,0,0,-0.001015704337
5.25,0,0,-0.001011753053
5.255,0,0,-0.001007817158
5.26,0,0,-0.001003896592
5.265,0,0,-0.0009999912957
5.27,0,0,-0.0009961012094
5.275,0,0,-0.0009922262739
5.28,0,0,-0.0009883664301
5.285,0,0,-0.000984521619
5.29,0,0,-0.000980691782
5.295,0,0,-0.0009768768608
5.3,0,0,-0.0009730767973
5.305,0,0,-0.0009692915334
5.31,0,0,-0.0009655210116
5.315,0,0,-0.0009617651741
5.32,0,0,-0.0009580239639
5.325,0,0,-0.0009542973239
5.33,0,0,-0.0009505851973
5.335,0,0,-0.0009468875274
5.34,0,0,-0.0009432042579
5.345,0,0,-0.0009395353328
5.35,0,0,-0.0009358806959
5.355,0,0,-0.0009322402917
5.36,0,0,-0.0009286140646
5.365,0,0,-0.0009250019592
5.37,0,0,-0.0009214039208
5.375,0,0,-0.0009178198943
5.38,0,0,-0.0009142498251
5.385,0,0,-0.0009106936587
5.39,0,0,-0.0009071513411
5.395,0,0,-0.0009036228181
5.4,0,0,-0.000900108036
5.405,0,0,-0.0008966069412
5.41,0,0,-0.0008931194805
5.415,0,0,-0.0008896456004
5.42,0,0,-0.0008861852482
5.425,0,0,-0.0008827383711
5.43,0,0,-0.0008793049167
5.435,0,0,-0.0008758848323
5.44,0,0,-0.0008724780662
5.445,0,0,-0.0008690845662
5.45,0,0,-0.0008657042807
5.455,0,0,-0.0008623371581
5.46,0,0,-0.0008589831472
5.465,0,0,-0.0008556421967
5.47,0,0,-0.0008523142558
5.475,0,0,-0.0008489992738
5.48,0,0,-0.0008456972001
5.485,0,0,-0.0008424079844
5.49,0,0,-0.0008391315766
5.495,0,0,-0.0008358679268
5.5,0,0,-0.0008326169852
5.505,0,0,-0.0008293787022
5.51,0,0,-0.0008261530286
5.515,0,0,-0.0008229399151
5.52,0,0,-0.0008197393128
5.525,0,0,-0.000816551173
5.53,0,0,-0.000813375447
5.535,0,0,-0.0008102120864
5.54,0,0,-0.0008070610431
5.545,0,0,-0.000803922269
5.55,0,0,-0.0008007957163
5.555,0,0,-0.0007976813372
5.56,0,0,-0.0007945790845
5.565,0,0,-0.0007914889109
5.57,0,0,-0.000788410769
5.575,0,0,-0.0007853446123
5.58,0,0,-0.0007822903939
5.585,0,0,-0.0007792480672
5.59,0,0,-0.0007762175859
5.595,0,0,-0.0007731989039
5.6,0,0,-0.000770191975
5.605,0,0,-0.0007671967537
5.61,0,0,-0.000764213194
5.615,0,0,-0.0007612412507
5.62,0,0,-0.0007582808785
5.625,0,0,-0.0007553320321
5.63,0,0,-0.0007523946668
5.635,0,0,-0.0007494687377
5.64,0,0,-0.0007465542003
5.645,0,0,-0.0007436510101
5.65,0,0,-0.000740759123
5.655,0,0,-0.0007378784949
5.66,0,0,-0.0007350090818
5.665,0,0,-0.0007321508401
5.67,0,0,-0.0007293037262
5.675,0,0,-0.0007264676968
5.68,0,0,-0.0007236427087
5.685,0,0,-0.0007208287187
5.69,0,0,-0.000718025684
5.695,0,0,-0.000715233562
5.7,0,0,-0.0007124523101
5.705,0,0,-0.0007096818859
5.71,0,0,-0.0007069222473
5.715,0,0,-0.0007041733521
5.72,0,0,-0.0007014351586
5.725,0,0,-0.0006987076249
5.73,0,0,-0.0006959907096
5.735,0,0,-0.0006932843712
5.74,0,0,-0.0006905885686
5.745,0,0,-0.0006879032606
5.75,0,0,-0.0006852284065
5.755,0,0,-0.0006825639653
5.76,0,0,-0.0006799098965
5.765,0,0,-0.0006772661598
5.77,0,0,-0.0006746327148
5.775,0,0,-0.0006720095215
5.78,0,0,-0.0006693965398
5.785,0,0,-0.0006667937299
5.79,0,0,-0.0006642010523
5.795,0,0,-0.0006616184674
5.8,0,0,-0.000659045936
5.805,0,0,-0.0006564834187
5.81,0,0,-0.0006539308767
5.815,0,0,-0.0006513882709
5.82,0,0,-0.0006488555627
5.825,0,0,-0.0006463327135
5.83,0,0,-0.000643819685
5.835,0,0,-0.0006413164386
5.84,0,0,-0.0006388229366
5.845,0,0,-0.0006363391407
5.85,0,0,-0.0006338650132
5.855,0,0,-0.0006314005164
5.86,0,0,-0.0006289456127
5.865,0,0,-0.0006265002649
5.87,0,0,-0.0006240644356
5.875,0,0,-0.0006216380877
5.88,0,0,-0.0006192211843
5.885,0,0,-0.0006168136886
5.89,0,0,-0.000614415564
5.895,0,0,-0.0006120267739
5.9,0,0,-0.0006096472819
5.905,0,0,-0.0006072770517
5.91,0,0,-0.0006049160475
5.915,0,0,-0.000602564233
5.92,0,0,-0.0006002215725
5.925,0,0,-0.0005978880304
5.93,0,0,-0.0005955635712
5.935,0,0,-0.0005932481594
5.94,0,0,-0.0005909417597
5.945,0,0,-0.0005886443371
5.95,0,0,-0.0005863558566
5.955,0,0,-0.0005840762833
5.96,0,0,-0.0005818055825
5.965,0,0,-0.0005795437197
5.97,0,0,-0.0005772906604
5.975,0,0,-0.0005750463702
5.98,0,0,-0.0005728108151
5.985,0,0,-0.000570583961
5.99,0,0,-0.0005683657739
5.995,0,0,-0.0005661562202
6,0,0,-0.0005639552661
