#Exudyn implicit second order time integration sensor output file
#measure KinematicTree number = 1
#OutputVariableType = AngularAccelerationLocal
#simulation started = 2025-08-05,17:05:05
#columns contain: time, comma separated sensor values (e.g, x,y,z position coordinates)
#number of sensor values = 3
#Exudyn version = 1.10.0; Python3.13.2; Windows AVX2 FLOAT64
#
0,0,0,17.21366763
0.005,0,0,17.21366735
0.01,0,0,17.21366699
0.015,0,0,17.21366676
0.02,0,0,17.21366651
0.025,0,0,17.21366615
0.03,0,0,17.21366592
0.035,0,0,17.21366568
0.04,0,0,17.21366546
0.045,0,0,17.21366513
0.05,0,0,17.21366489
0.055,0,0,17.2136647
0.06,0,0,17.21366447
0.065,0,0,17.21366425
0.07,0,0,17.2136641
0.075,0,0,17.21366394
0.08,0,0,17.21366355
0.085,0,0,17.2136633
0.09,0,0,17.21366307
0.095,0,0,17.21366281
0.1,0,0,17.2136626
0.105,0,0,17.21366243
0.11,0,0,17.21366225
0.115,0,0,17.2136621
0.12,0,0,17.21366193
0.125,0,0,17.21366174
0.13,0,0,17.21366153
0.135,0,0,17.21366136
0.14,0,0,17.21366122
0.145,0,0,17.21366094
0.15,0,0,17.21366062
0.155,0,0,17.21366039
0.16,0,0,17.21366011
0.165,0,0,17.2136599
0.17,0,0,17.21365962
0.175,0,0,17.21365936
0.18,0,0,17.2136592
0.185,0,0,17.21365891
0.19,0,0,17.21365864
0.195,0,0,17.2136584
0.2,0,0,17.21365822
0.205,0,0,17.21365794
0.21,0,0,17.21365763
0.215,0,0,17.21365746
0.22,0,0,17.21365716
0.225,0,0,17.21365694
0.23,0,0,17.21365673
0.235,0,0,17.21365641
0.24,0,0,17.21365612
0.245,0,0,17.21365586
0.25,0,0,17.21365557
0.255,0,0,17.21365535
0.26,0,0,17.21365501
0.265,0,0,17.21365475
0.27,0,0,17.21365453
0.275,0,0,17.21365425
0.28,0,0,17.21365406
0.285,0,0,17.21365382
0.29,0,0,17.21365354
0.295,0,0,17.21365324
0.3,0,0,17.21365304
0.305,0,0,17.21365282
0.31,0,0,17.21365256
0.315,0,0,17.2136524
0.32,0,0,17.2136522
0.325,0,0,17.21365202
0.33,0,0,17.21365174
0.335,0,0,17.2136515
0.34,0,0,17.21365126
0.345,0,0,17.21365095
0.35,0,0,17.21365071
0.355,0,0,17.21365053
0.36,0,0,17.21365036
0.365,0,0,17.21365016
0.37,0,0,17.21364988
0.375,0,0,17.21364957
0.38,0,0,17.21364926
0.385,0,0,17.21364888
0.39,0,0,17.21364862
0.395,0,0,17.21364846
0.4,0,0,17.21364816
0.405,0,0,17.21364786
0.41,0,0,17.21364755
0.415,0,0,17.21364735
0.42,0,0,17.21364705
0.425,0,0,17.21364669
0.43,0,0,17.21364652
0.435,0,0,17.21364632
0.44,0,0,17.21364608
0.445,0,0,17.21364576
0.45,0,0,17.21364542
0.455,0,0,17.21364522
0.46,0,0,17.21364494
0.465,0,0,17.21364465
0.47,0,0,17.21364445
0.475,0,0,17.21364418
0.48,0,0,17.21364393
0.485,0,0,17.21364362
0.49,0,0,17.21364345
0.495,0,0,17.21364321
0.5,0,0,17.21364292
0.505,0,0,17.21364264
0.51,0,0,17.2136423
0.515,0,0,17.21364207
0.52,0,0,17.21364179
0.525,0,0,17.21364154
0.53,0,0,17.21364132
0.535,0,0,17.21364109
0.54,0,0,17.21364092
0.545,0,0,17.21364064
0.55,0,0,17.21364045
0.555,0,0,17.21364019
0.56,0,0,17.21363995
0.565,0,0,17.21363971
0.57,0,0,17.21363948
0.575,0,0,17.21363919
0.58,0,0,17.21363891
0.585,0,0,17.21363866
0.59,0,0,17.21363831
0.595,0,0,17.21363802
0.6,0,0,17.21363767
0.605,0,0,17.21363741
0.61,0,0,17.21363718
0.615,0,0,17.21363701
0.62,0,0,17.21363676
0.625,0,0,17.21363649
0.63,0,0,17.21363619
0.635,0,0,17.21363596
0.64,0,0,17.21363565
0.645,0,0,17.21363535
0.65,0,0,17.21363504
0.655,0,0,17.21363479
0.66,0,0,17.21363458
0.665,0,0,17.21363429
0.67,0,0,17.21363404
0.675,0,0,17.21363373
0.68,0,0,17.21363339
0.685,0,0,17.21363316
0.69,0,0,17.21363293
0.695,0,0,17.21363259
0.7,0,0,17.21363239
0.705,0,0,17.21363223
0.71,0,0,17.21363193
0.715,0,0,17.21363178
0.72,0,0,17.21363158
0.725,0,0,17.21363136
0.73,0,0,17.21363117
0.735,0,0,17.21363092
0.74,0,0,17.21363057
0.745,0,0,17.21363027
0.75,0,0,17.21363013
0.755,0,0,17.2136299
0.76,0,0,17.21362971
0.765,0,0,17.2136295
0.77,0,0,17.21362926
0.775,0,0,17.21362891
0.78,0,0,17.21362866
0.785,0,0,17.21362838
0.79,0,0,17.21362819
0.795,0,0,17.21362793
0.8,0,0,17.21362769
0.805,0,0,17.21362735
0.81,0,0,17.21362714
0.815,0,0,17.21362701
0.82,0,0,17.21362683
0.825,0,0,17.21362663
0.83,0,0,17.21362637
0.835,0,0,17.21362619
0.84,0,0,17.21362575
0.845,0,0,17.21362554
0.85,0,0,17.21362523
0.855,0,0,17.21362497
0.86,0,0,17.21362479
0.865,0,0,17.21362459
0.87,0,0,17.21362444
0.875,0,0,17.21362416
0.88,0,0,17.21362379
0.885,0,0,17.21362349
0.89,0,0,17.21362322
0.895,0,0,17.213623
0.9,0,0,17.2136227
0.905,0,0,17.21362231
0.91,0,0,17.21362201
0.915,0,0,17.21362182
0.92,0,0,17.21362151
0.925,0,0,17.21362126
0.93,0,0,17.21362097
0.935,0,0,17.21362072
0.94,0,0,17.2136205
0.945,0,0,17.21362021
0.95,0,0,17.21361992
0.955,0,0,17.21361965
0.96,0,0,17.21361946
0.965,0,0,17.21361923
0.97,0,0,17.21361895
0.975,0,0,17.21361861
0.98,0,0,17.2136183
0.985,0,0,17.21361802
0.99,0,0,17.2136177
0.995,0,0,17.21361736
1,0,0,17.21361712
1.005,0,0,17.21361688
1.01,0,0,17.21361662
1.015,0,0,17.21361639
1.02,0,0,17.21361613
1.025,0,0,17.21361587
1.03,0,0,17.21361567
1.035,0,0,17.21361541
1.04,0,0,17.21361511
1.045,0,0,17.21361494
1.05,0,0,17.21361468
1.055,0,0,17.21361448
1.06,0,0,17.21361424
1.065,0,0,17.21361388
1.07,0,0,17.21361363
1.075,0,0,17.21361347
1.08,0,0,17.21361318
1.085,0,0,17.21361299
1.09,0,0,17.21361262
1.095,0,0,17.21361237
1.1,0,0,17.21361207
1.105,0,0,17.21361182
1.11,0,0,17.21361141
1.115,0,0,17.21361109
1.12,0,0,17.21361082
1.125,0,0,17.2136105
1.13,0,0,17.21361028
1.135,0,0,17.21360995
1.14,0,0,17.2136097
1.145,0,0,17.21360947
1.15,0,0,17.21360926
1.155,0,0,17.21360903
1.16,0,0,17.21360887
1.165,0,0,17.21360856
1.17,0,0,17.21360828
1.175,0,0,17.21360784
1.18,0,0,17.21360753
1.185,0,0,17.21360731
1.19,0,0,17.21360715
1.195,0,0,17.21360673
1.2,0,0,17.21360648
1.205,0,0,17.2136063
1.21,0,0,17.21360605
1.215,0,0,17.21360588
1.22,0,0,17.21360552
1.225,0,0,17.21360531
1.23,0,0,17.21360504
1.235,0,0,17.21360483
1.24,0,0,17.21360448
1.245,0,0,17.21360429
1.25,0,0,17.21360413
1.255,0,0,17.21360389
1.26,0,0,17.21360348
1.265,0,0,17.2136031
1.27,0,0,17.21360287
1.275,0,0,17.21360262
1.28,0,0,17.21360244
1.285,0,0,17.21360224
1.29,0,0,17.21360198
1.295,0,0,17.21360173
1.3,0,0,17.21360147
1.305,0,0,17.21360119
1.31,0,0,17.2136009
1.315,0,0,17.2136006
1.32,0,0,17.21360039
1.325,0,0,17.21360015
1.33,0,0,17.21359992
1.335,0,0,17.21359967
1.34,0,0,17.21359937
1.345,0,0,17.21359911
1.35,0,0,17.21359891
1.355,0,0,17.21359852
1.36,0,0,17.21359826
1.365,0,0,17.21359804
1.37,0,0,17.21359763
1.375,0,0,17.21359734
1.38,0,0,17.21359714
1.385,0,0,17.21359674
1.39,0,0,17.21359644
1.395,0,0,17.21359611
1.4,0,0,17.21359584
1.405,0,0,17.21359555
1.41,0,0,17.21359534
1.415,0,0,17.21359511
1.42,0,0,17.21359481
1.425,0,0,17.21359459
1.43,0,0,17.21359434
1.435,0,0,17.21359408
1.44,0,0,17.21359389
1.445,0,0,17.21359373
1.45,0,0,17.21359346
1.455,0,0,17.21359336
1.46,0,0,17.21359313
1.465,0,0,17.2135928
1.47,0,0,17.21359259
1.475,0,0,17.21359239
1.48,0,0,17.21359221
1.485,0,0,17.21359205
1.49,0,0,17.21359172
1.495,0,0,17.21359138
1.5,0,0,17.21359105
1.505,0,0,17.21359078
1.51,0,0,17.21359054
1.515,0,0,17.21359039
1.52,0,0,17.21359011
1.525,0,0,17.21358979
1.53,0,0,17.21358937
1.535,0,0,17.21358904
1.54,0,0,17.21358881
1.545,0,0,17.21358846
1.55,0,0,17.21358816
1.555,0,0,17.21358789
1.56,0,0,17.21358765
1.565,0,0,17.2135874
1.57,0,0,17.21358722
1.575,0,0,17.21358697
1.58,0,0,17.21358668
1.585,0,0,17.21358643
1.59,0,0,17.21358613
1.595,0,0,17.21358588
1.6,0,0,17.2135857
1.605,0,0,17.21358542
1.61,0,0,17.21358515
1.615,0,0,17.21358485
1.62,0,0,17.21358455
1.625,0,0,17.21358427
1.63,0,0,17.2135841
1.635,0,0,17.21358394
1.64,0,0,17.21358376
1.645,0,0,17.21358348
1.65,0,0,17.21358319
1.655,0,0,17.2135829
1.66,0,0,17.21358275
1.665,0,0,17.21358256
1.67,0,0,17.2135823
1.675,0,0,17.21358197
1.68,0,0,17.21358178
1.685,0,0,17.21358162
1.69,0,0,17.21358144
1.695,0,0,17.2135813
1.7,0,0,17.21358109
1.705,0,0,17.21358082
1.71,0,0,17.21358043
1.715,0,0,17.21358011
1.72,0,0,17.21357979
1.725,0,0,17.21357937
1.73,0,0,17.21357914
1.735,0,0,17.21357884
1.74,0,0,17.21357866
1.745,0,0,17.21357831
1.75,0,0,17.21357808
1.755,0,0,17.21357774
1.76,0,0,17.21357741
1.765,0,0,17.21357722
1.77,0,0,17.21357699
1.775,0,0,17.21357673
1.78,0,0,17.2135764
1.785,0,0,17.21357615
1.79,0,0,17.21357589
1.795,0,0,17.21357567
1.8,0,0,17.21357549
1.805,0,0,17.21357526
1.81,0,0,17.21357504
1.815,0,0,17.21357482
1.82,0,0,17.21357461
1.825,0,0,17.21357441
1.83,0,0,17.21357417
1.835,0,0,17.21357384
1.84,0,0,17.21357351
1.845,0,0,17.21357321
1.85,0,0,17.21357296
1.855,0,0,17.21357274
1.86,0,0,17.21357236
1.865,0,0,17.21357212
1.87,0,0,17.21357186
1.875,0,0,17.21357161
1.88,0,0,17.21357143
1.885,0,0,17.21357117
1.89,0,0,17.21357094
1.895,0,0,17.21357067
1.9,0,0,17.21357037
1.905,0,0,17.21357015
1.91,0,0,17.21356995
1.915,0,0,17.21356974
1.92,0,0,17.21356949
1.925,0,0,17.21356929
1.93,0,0,17.21356891
1.935,0,0,17.21356866
1.94,0,0,17.21356837
1.945,0,0,17.21356808
1.95,0,0,17.21356786
1.955,0,0,17.21356753
1.96,0,0,17.21356721
1.965,0,0,17.21356692
1.97,0,0,17.21356665
1.975,0,0,17.21356648
1.98,0,0,17.21356623
1.985,0,0,17.21356602
1.99,0,0,17.21356584
1.995,0,0,17.21356551
2,0,0,17.21356528
2.005,0,0,17.21356496
2.01,0,0,17.21356471
2.015,0,0,17.21356438
2.02,0,0,17.21356415
2.025,0,0,17.21356384
2.03,0,0,17.21356351
2.035,0,0,17.21356322
2.04,0,0,17.21356291
2.045,0,0,17.21356265
2.05,0,0,17.21356249
2.055,0,0,17.21356221
2.06,0,0,17.21356194
2.065,0,0,17.21356164
2.07,0,0,17.21356139
2.075,0,0,17.21356114
2.08,0,0,17.21356099
2.085,0,0,17.21356066
2.09,0,0,17.2135604
2.095,0,0,17.21356018
2.1,0,0,17.21355995
2.105,0,0,17.21355963
2.11,0,0,17.21355929
2.115,0,0,17.21355901
2.12,0,0,17.21355879
2.125,0,0,17.21355853
2.13,0,0,17.21355832
2.135,0,0,17.21355801
2.14,0,0,17.21355776
2.145,0,0,17.21355743
2.15,0,0,17.21355708
2.155,0,0,17.21355671
2.16,0,0,17.21355638
2.165,0,0,17.21355615
2.17,0,0,17.21355579
2.175,0,0,17.21355556
2.18,0,0,17.2135553
2.185,0,0,17.21355507
2.19,0,0,17.21355486
2.195,0,0,17.21355462
2.2,0,0,17.21355442
2.205,0,0,17.21355411
2.21,0,0,17.21355392
2.215,0,0,17.2135538
2.22,0,0,17.21355361
2.225,0,0,17.21355332
2.23,0,0,17.21355314
2.235,0,0,17.21355284
2.24,0,0,17.21355259
2.245,0,0,17.21355229
2.25,0,0,17.21355207
2.255,0,0,17.21355181
2.26,0,0,17.21355158
2.265,0,0,17.21355133
2.27,0,0,17.21355105
2.275,0,0,17.21355074
2.28,0,0,17.21355031
2.285,0,0,17.21354999
2.29,0,0,17.21354981
2.295,0,0,17.21354949
2.3,0,0,17.21354931
2.305,0,0,17.21354906
2.31,0,0,17.21354887
2.315,0,0,17.21354855
2.32,0,0,17.21354836
2.325,0,0,17.21354807
2.33,0,0,17.21354783
2.335,0,0,17.21354756
2.34,0,0,17.21354734
2.345,0,0,17.2135472
2.35,0,0,17.21354699
2.355,0,0,17.21354667
2.36,0,0,17.21354649
2.365,0,0,17.21354626
2.37,0,0,17.21354598
2.375,0,0,17.2135457
2.38,0,0,17.21354545
2.385,0,0,17.21354523
2.39,0,0,17.21354491
2.395,0,0,17.2135447
2.4,0,0,17.21354442
2.405,0,0,17.21354415
2.41,0,0,17.21354392
2.415,0,0,17.21354364
2.42,0,0,17.21354339
2.425,0,0,17.21354312
2.43,0,0,17.21354282
2.435,0,0,17.21354259
2.44,0,0,17.21354237
2.445,0,0,17.21354212
2.45,0,0,17.21354186
2.455,0,0,17.21354166
2.46,0,0,17.21354139
2.465,0,0,17.2135411
2.47,0,0,17.21354088
2.475,0,0,17.21354062
2.48,0,0,17.21354032
2.485,0,0,17.21354
2.49,0,0,17.21353972
2.495,0,0,17.21353947
2.5,0,0,17.21353926
2.505,0,0,17.21353902
2.51,0,0,17.21353873
2.515,0,0,17.2135385
2.52,0,0,17.21353827
2.525,0,0,17.21353801
2.53,0,0,17.21353776
2.535,0,0,17.21353752
2.54,0,0,17.21353731
2.545,0,0,17.21353714
2.55,0,0,17.21353681
2.555,0,0,17.21353667
2.56,0,0,17.21353657
2.565,0,0,17.21353631
2.57,0,0,17.21353608
2.575,0,0,17.21353581
2.58,0,0,17.21353571
2.585,0,0,17.21353541
2.59,0,0,17.2135352
2.595,0,0,17.21353506
2.6,0,0,17.21353498
2.605,0,0,17.21353488
2.61,0,0,17.21353458
2.615,0,0,17.21353435
2.62,0,0,17.21353406
2.625,0,0,17.21353366
2.63,0,0,17.21353332
2.635,0,0,17.21353298
2.64,0,0,17.21353282
2.645,0,0,17.21353266
2.65,0,0,17.21353234
2.655,0,0,17.21353202
2.66,0,0,17.21353168
2.665,0,0,17.21353141
2.67,0,0,17.21353117
2.675,0,0,17.21353088
2.68,0,0,17.21353053
2.685,0,0,17.21353025
2.69,0,0,17.21352999
2.695,0,0,17.21352976
2.7,0,0,17.21352949
2.705,0,0,17.21352917
2.71,0,0,17.21352882
2.715,0,0,17.21352861
2.72,0,0,17.21352827
2.725,0,0,17.21352795
2.73,0,0,17.2135276
2.735,0,0,17.21352739
2.74,0,0,17.21352711
2.745,0,0,17.2135268
2.75,0,0,17.21352653
2.755,0,0,17.21352629
2.76,0,0,17.21352612
2.765,0,0,17.21352585
2.77,0,0,17.21352548
2.775,0,0,17.21352523
2.78,0,0,17.21352494
2.785,0,0,17.21352469
2.79,0,0,17.21352459
2.795,0,0,17.21352435
2.8,0,0,17.2135242
2.805,0,0,17.21352394
2.81,0,0,17.21352373
2.815,0,0,17.21352356
2.82,0,0,17.21352332
2.825,0,0,17.21352299
2.83,0,0,17.21352277
2.835,0,0,17.21352253
2.84,0,0,17.2135223
2.845,0,0,17.21352204
2.85,0,0,17.21352179
2.855,0,0,17.21352156
2.86,0,0,17.21352119
2.865,0,0,17.21352084
2.87,0,0,17.21352051
2.875,0,0,17.21352024
2.88,0,0,17.21351993
2.885,0,0,17.21351969
2.89,0,0,17.21351945
2.895,0,0,17.21351905
2.9,0,0,17.21351886
2.905,0,0,17.21351869
2.91,0,0,17.21351833
2.915,0,0,17.21351802
2.92,0,0,17.21351769
2.925,0,0,17.21351745
2.93,0,0,17.21351709
2.935,0,0,17.21351677
2.94,0,0,17.21351638
2.945,0,0,17.2135161
2.95,0,0,17.2135158
2.955,0,0,17.21351557
2.96,0,0,17.21351528
2.965,0,0,17.21351499
2.97,0,0,17.21351479
2.975,0,0,17.21351458
2.98,0,0,17.21351444
2.985,0,0,17.21351413
2.99,0,0,17.21351394
2.995,0,0,17.21351378
3,0,0,17.21351356
3.005,0,0,17.21351331
3.01,0,0,17.21351308
3.015,0,0,17.21351282
3.02,0,0,17.21351258
3.025,0,0,17.21351237
3.03,0,0,17.21351217
3.035,0,0,17.21351197
3.04,0,0,17.21351167
3.045,0,0,17.21351131
3.05,0,0,17.21351109
3.055,0,0,17.21351078
3.06,0,0,17.21351056
3.065,0,0,17.2135104
3.07,0,0,17.21351016
3.075,0,0,17.21350993
3.08,0,0,17.21350965
3.085,0,0,17.21350939
3.09,0,0,17.21350919
3.095,0,0,17.21350899
3.1,0,0,17.21350865
3.105,0,0,17.2135085
3.11,0,0,17.21350825
3.115,0,0,17.21350803
3.12,0,0,17.21350778
3.125,0,0,17.21350759
3.13,0,0,17.21350739
3.135,0,0,17.21350716
3.14,0,0,17.21350688
3.145,0,0,17.21350663
3.15,0,0,17.21350634
3.155,0,0,17.21350614
3.16,0,0,17.21350582
3.165,0,0,17.21350555
3.17,0,0,17.21350534
3.175,0,0,17.21350514
3.18,0,0,17.21350489
3.185,0,0,17.21350468
3.19,0,0,17.2135044
3.195,0,0,17.21350411
3.2,0,0,17.21350377
3.205,0,0,17.2135035
3.21,0,0,17.21350334
3.215,0,0,17.21350312
3.22,0,0,17.21350301
3.225,0,0,17.21350282
3.23,0,0,17.21350247
3.235,0,0,17.2135022
3.24,0,0,17.213502
3.245,0,0,17.2135018
3.25,0,0,17.21350159
3.255,0,0,17.21350138
3.26,0,0,17.21350114
3.265,0,0,17.21350099
3.27,0,0,17.2135008
3.275,0,0,17.21350055
3.28,0,0,17.2135002
3.285,0,0,17.21349991
3.29,0,0,17.21349968
3.295,0,0,17.21349938
3.3,0,0,17.213499
3.305,0,0,17.21349872
3.31,0,0,17.21349828
3.315,0,0,17.21349797
3.32,0,0,17.21349775
3.325,0,0,17.21349751
3.33,0,0,17.21349722
3.335,0,0,17.21349691
3.34,0,0,17.21349662
3.345,0,0,17.21349633
3.35,0,0,17.21349618
3.355,0,0,17.21349591
3.36,0,0,17.2134956
3.365,0,0,17.21349536
3.37,0,0,17.21349516
3.375,0,0,17.21349485
3.38,0,0,17.2134945
3.385,0,0,17.21349426
3.39,0,0,17.21349396
3.395,0,0,17.21349375
3.4,0,0,17.21349353
3.405,0,0,17.21349333
3.41,0,0,17.21349313
3.415,0,0,17.21349287
3.42,0,0,17.21349252
3.425,0,0,17.21349213
3.43,0,0,17.21349193
3.435,0,0,17.21349161
3.44,0,0,17.2134914
3.445,0,0,17.21349107
3.45,0,0,17.21349083
3.455,0,0,17.21349048
3.46,0,0,17.21349018
3.465,0,0,17.21348995
3.47,0,0,17.21348978
3.475,0,0,17.21348958
3.48,0,0,17.21348937
3.485,0,0,17.21348915
3.49,0,0,17.2134889
3.495,0,0,17.21348868
3.5,0,0,17.21348842
3.505,0,0,17.21348816
3.51,0,0,17.21348783
3.515,0,0,17.21348742
3.52,0,0,17.21348717
3.525,0,0,17.21348695
3.53,0,0,17.21348666
3.535,0,0,17.21348634
3.54,0,0,17.21348612
3.545,0,0,17.21348589
3.55,0,0,17.21348573
3.555,0,0,17.21348551
3.56,0,0,17.21348517
3.565,0,0,17.21348498
3.57,0,0,17.2134847
3.575,0,0,17.21348442
3.58,0,0,17.21348421
3.585,0,0,17.21348403
3.59,0,0,17.21348372
3.595,0,0,17.21348335
3.6,0,0,17.21348314
3.605,0,0,17.21348283
3.61,0,0,17.21348259
3.615,0,0,17.21348238
3.62,0,0,17.2134822
3.625,0,0,17.21348205
3.63,0,0,17.21348183
3.635,0,0,17.21348162
3.64,0,0,17.21348141
3.645,0,0,17.21348108
3.65,0,0,17.21348083
3.655,0,0,17.21348066
3.66,0,0,17.21348044
3.665,0,0,17.21348027
3.67,0,0,17.21348005
3.675,0,0,17.21347979
3.68,0,0,17.21347961
3.685,0,0,17.21347937
3.69,0,0,17.21347921
3.695,0,0,17.21347898
3.7,0,0,17.21347864
3.705,0,0,17.21347837
3.71,0,0,17.21347817
3.715,0,0,17.2134779
3.72,0,0,17.21347759
3.725,0,0,17.21347731
3.73,0,0,17.2134771
3.735,0,0,17.21347685
3.74,0,0,17.21347654
3.745,0,0,17.21347644
3.75,0,0,17.21347626
3.755,0,0,17.21347595
3.76,0,0,17.21347566
3.765,0,0,17.21347548
3.77,0,0,17.2134752
3.775,0,0,17.21347495
3.78,0,0,17.21347461
3.785,0,0,17.21347443
3.79,0,0,17.21347423
3.795,0,0,17.21347402
3.8,0,0,17.21347374
3.805,0,0,17.21347334
3.81,0,0,17.2134731
3.815,0,0,17.21347275
3.82,0,0,17.21347253
3.825,0,0,17.21347229
3.83,0,0,17.21347204
3.835,0,0,17.2134718
3.84,0,0,17.21347155
3.845,0,0,17.21347128
3.85,0,0,17.21347108
3.855,0,0,17.21347078
3.86,0,0,17.21347053
3.865,0,0,17.21347021
3.87,0,0,17.21346998
3.875,0,0,17.21346984
3.88,0,0,17.21346962
3.885,0,0,17.21346941
3.89,0,0,17.21346925
3.895,0,0,17.21346903
3.9,0,0,17.21346886
3.905,0,0,17.21346862
3.91,0,0,17.21346847
3.915,0,0,17.2134683
3.92,0,0,17.2134681
3.925,0,0,17.21346796
3.93,0,0,17.21346771
3.935,0,0,17.21346749
3.94,0,0,17.21346732
3.945,0,0,17.21346706
3.95,0,0,17.21346676
3.955,0,0,17.21346652
3.96,0,0,17.21346617
3.965,0,0,17.21346599
3.97,0,0,17.2134657
3.975,0,0,17.21346529
3.98,0,0,17.21346501
3.985,0,0,17.2134646
3.99,0,0,17.2134644
3.995,0,0,17.2134641
4,0,0,17.21346386
4.005,0,0,17.21346364
4.01,0,0,17.21346343
4.015,0,0,17.21346313
4.02,0,0,17.21346291
4.025,0,0,17.21346264
4.03,0,0,17.21346253
4.035,0,0,17.2134623
4.04,0,0,17.21346213
4.045,0,0,17.21346191
4.05,0,0,17.2134617
4.055,0,0,17.2134615
4.06,0,0,17.21346118
4.065,0,0,17.21346095
4.07,0,0,17.21346069
4.075,0,0,17.21346047
4.08,0,0,17.21346031
4.085,0,0,17.21346011
4.09,0,0,17.21345976
4.095,0,0,17.21345945
4.1,0,0,17.21345925
4.105,0,0,17.21345905
4.11,0,0,17.2134588
4.115,0,0,17.21345852
4.12,0,0,17.21345832
4.125,0,0,17.21345808
4.13,0,0,17.21345789
4.135,0,0,17.21345765
4.14,0,0,17.21345724
4.145,0,0,17.21345708
4.15,0,0,17.21345683
4.155,0,0,17.21345666
4.16,0,0,17.21345643
4.165,0,0,17.21345618
4.17,0,0,17.21345598
4.175,0,0,17.21345575
4.18,0,0,17.21345551
4.185,0,0,17.21345537
4.19,0,0,17.2134552
4.195,0,0,17.21345498
4.2,0,0,17.21345477
4.205,0,0,17.21345454
4.21,0,0,17.21345436
4.215,0,0,17.21345412
4.22,0,0,17.21345398
4.225,0,0,17.21345388
4.23,0,0,17.21345371
4.235,0,0,17.21345348
4.24,0,0,17.21345332
4.245,0,0,17.21345312
4.25,0,0,17.2134529
4.255,0,0,17.21345266
4.26,0,0,17.21345249
4.265,0,0,17.21345221
4.27,0,0,17.21345191
4.275,0,0,17.21345169
4.28,0,0,17.21345149
4.285,0,0,17.21345128
4.29,0,0,17.21345116
4.295,0,0,17.21345098
4.3,0,0,17.21345065
4.305,0,0,17.21345035
4.31,0,0,17.21345004
4.315,0,0,17.21344972
4.32,0,0,17.21344945
4.325,0,0,17.21344914
4.33,0,0,17.21344883
4.335,0,0,17.21344861
4.34,0,0,17.21344838
4.345,0,0,17.21344812
4.35,0,0,17.2134479
4.355,0,0,17.21344768
4.36,0,0,17.2134474
4.365,0,0,17.21344719
4.37,0,0,17.21344694
4.375,0,0,17.21344667
4.38,0,0,17.21344644
4.385,0,0,17.21344607
4.39,0,0,17.21344588
4.395,0,0,17.21344559
4.4,0,0,17.21344531
4.405,0,0,17.2134451
4.41,0,0,17.21344489
4.415,0,0,17.21344466
4.42,0,0,17.21344451
4.425,0,0,17.21344428
4.43,0,0,17.21344405
4.435,0,0,17.21344382
4.44,0,0,17.21344351
4.445,0,0,17.21344326
4.45,0,0,17.21344306
4.455,0,0,17.21344289
4.46,0,0,17.21344267
4.465,0,0,17.21344243
4.47,0,0,17.21344219
4.475,0,0,17.21344199
4.48,0,0,17.21344179
4.485,0,0,17.21344144
4.49,0,0,17.21344122
4.495,0,0,17.21344091
4.5,0,0,17.21344064
4.505,0,0,17.21344034
4.51,0,0,17.21344009
4.515,0,0,17.21343977
4.52,0,0,17.21343954
4.525,0,0,17.21343926
4.53,0,0,17.21343893
4.535,0,0,17.2134387
4.54,0,0,17.21343846
4.545,0,0,17.21343825
4.55,0,0,17.21343787
4.555,0,0,17.21343752
4.56,0,0,17.21343722
4.565,0,0,17.21343689
4.57,0,0,17.2134367
4.575,0,0,17.21343654
4.58,0,0,17.21343622
4.585,0,0,17.21343599
4.59,0,0,17.2134358
4.595,0,0,17.21343558
4.6,0,0,17.21343537
4.605,0,0,17.21343511
4.61,0,0,17.21343485
4.615,0,0,17.2134346
4.62,0,0,17.21343443
4.625,0,0,17.21343426
4.63,0,0,17.213434
4.635,0,0,17.21343374
4.64,0,0,17.2134334
4.645,0,0,17.21343319
4.65,0,0,17.21343293
4.655,0,0,17.2134326
4.66,0,0,17.21343239
4.665,0,0,17.21343219
4.67,0,0,17.21343201
4.675,0,0,17.21343175
4.68,0,0,17.2134315
4.685,0,0,17.21343127
4.69,0,0,17.213431
4.695,0,0,17.21343074
4.7,0,0,17.21343057
4.705,0,0,17.21343039
4.71,0,0,17.21343016
4.715,0,0,17.21342983
4.72,0,0,17.21342962
4.725,0,0,17.21342928
4.73,0,0,17.21342902
4.735,0,0,17.21342873
4.74,0,0,17.21342842
4.745,0,0,17.21342815
4.75,0,0,17.21342796
4.755,0,0,17.21342762
4.76,0,0,17.21342734
4.765,0,0,17.21342699
4.77,0,0,17.21342669
4.775,0,0,17.21342645
4.78,0,0,17.21342608
4.785,0,0,17.21342585
4.79,0,0,17.2134256
4.795,0,0,17.21342527
4.8,0,0,17.21342502
4.805,0,0,17.21342478
4.81,0,0,17.2134246
4.815,0,0,17.21342437
4.82,0,0,17.21342425
4.825,0,0,17.2134241
4.83,0,0,17.21342375
4.835,0,0,17.21342333
4.84,0,0,17.21342311
4.845,0,0,17.21342302
4.85,0,0,17.21342294
4.855,0,0,17.21342273
4.86,0,0,17.21342251
4.865,0,0,17.21342226
4.87,0,0,17.21342208
4.875,0,0,17.21342187
4.88,0,0,17.2134216
4.885,0,0,17.21342146
4.89,0,0,17.2134212
4.895,0,0,17.213421
4.9,0,0,17.2134208
4.905,0,0,17.21342055
4.91,0,0,17.21342019
4.915,0,0,17.21341993
4.92,0,0,17.21341958
4.925,0,0,17.21341936
4.93,0,0,17.21341915
4.935,0,0,17.21341889
4.94,0,0,17.21341876
4.945,0,0,17.21341857
4.95,0,0,17.21341842
4.955,0,0,17.21341823
4.96,0,0,17.21341801
4.965,0,0,17.21341766
4.97,0,0,17.21341731
4.975,0,0,17.21341697
4.98,0,0,17.21341665
4.985,0,0,17.21341642
4.99,0,0,17.2134162
4.995,0,0,17.21341587
5,0,0,17.21341568
5.005,0,0,17.21341538
5.01,0,0,17.21341515
5.015,0,0,17.21341488
5.02,0,0,17.21341465
5.025,0,0,17.21341442
5.03,0,0,17.21341416
5.035,0,0,17.2134139
5.04,0,0,17.21341367
5.045,0,0,17.21341341
5.05,0,0,17.21341322
5.055,0,0,17.21341293
5.06,0,0,17.21341279
5.065,0,0,17.21341253
5.07,0,0,17.21341232
5.075,0,0,17.21341201
5.08,0,0,17.21341171
5.085,0,0,17.21341144
5.09,0,0,17.21341125
5.095,0,0,17.21341097
5.1,0,0,17.21341072
5.105,0,0,17.21341048
5.11,0,0,17.21341023
5.115,0,0,17.21340992
5.12,0,0,17.21340965
5.125,0,0,17.21340943
5.13,0,0,17.21340914
5.135,0,0,17.21340892
5.14,0,0,17.21340868
5.145,0,0,17.21340827
5.15,0,0,17.21340807
5.155,0,0,17.21340774
5.16,0,0,17.2134075
5.165,0,0,17.21340734
5.17,0,0,17.21340708
5.175,0,0,17.21340678
5.18,0,0,17.21340653
5.185,0,0,17.21340632
5.19,0,0,17.21340606
5.195,0,0,17.21340589
5.2,0,0,17.21340568
5.205,0,0,17.21340546
5.21,0,0,17.21340527
5.215,0,0,17.21340505
5.22,0,0,17.2134048
5.225,0,0,17.21340451
5.23,0,0,17.21340409
5.235,0,0,17.21340395
5.24,0,0,17.21340359
5.245,0,0,17.21340342
5.25,0,0,17.21340311
5.255,0,0,17.21340282
5.26,0,0,17.21340252
5.265,0,0,17.21340231
5.27,0,0,17.21340195
5.275,0,0,17.21340169
5.28,0,0,17.21340141
5.285,0,0,17.21340113
5.29,0,0,17.21340095
5.295,0,0,17.2134007
5.3,0,0,17.21340043
5.305,0,0,17.2134002
5.31,0,0,17.21339984
5.315,0,0,17.21339955
5.32,0,0,17.21339939
5.325,0,0,17.21339917
5.33,0,0,17.21339891
5.335,0,0,17.21339866
5.34,0,0,17.21339836
5.345,0,0,17.21339812
5.35,0,0,17.21339781
5.355,0,0,17.21339755
5.36,0,0,17.21339722
5.365,0,0,17.21339705
5.37,0,0,17.21339681
5.375,0,0,17.21339653
5.38,0,0,17.21339638
5.385,0,0,17.2133961
5.39,0,0,17.21339595
5.395,0,0,17.21339571
5.4,0,0,17.21339538
5.405,0,0,17.21339514
5.41,0,0,17.21339493
5.415,0,0,17.21339465
5.42,0,0,17.21339441
5.425,0,0,17.21339407
5.43,0,0,17.21339382
5.435,0,0,17.21339365
5.44,0,0,17.21339339
5.445,0,0,17.21339315
5.45,0,0,17.21339286
5.455,0,0,17.21339255
5.46,0,0,17.21339223
5.465,0,0,17.21339196
5.47,0,0,17.21339177
5.475,0,0,17.21339149
5.48,0,0,17.21339115
5.485,0,0,17.21339088
5.49,0,0,17.21339047
5.495,0,0,17.21339022
5.5,0,0,17.21339003
5.505,0,0,17.21338978
5.51,0,0,17.21338958
5.515,0,0,17.21338928
5.52,0,0,17.21338912
5.525,0,0,17.21338889
5.53,0,0,17.21338868
5.535,0,0,17.21338845
5.54,0,0,17.21338827
5.545,0,0,17.21338807
5.55,0,0,17.21338786
5.555,0,0,17.21338765
5.56,0,0,17.2133874
5.565,0,0,17.2133871
5.57,0,0,17.21338694
5.575,0,0,17.21338667
5.58,0,0,17.21338647
5.585,0,0,17.21338633
5.59,0,0,17.21338609
5.595,0,0,17.2133859
5.6,0,0,17.21338564
5.605,0,0,17.21338548
5.61,0,0,17.21338522
5.615,0,0,17.21338508
5.62,0,0,17.21338486
5.625,0,0,17.21338464
5.63,0,0,17.21338442
5.635,0,0,17.21338417
5.64,0,0,17.21338399
5.645,0,0,17.21338378
5.65,0,0,17.21338345
5.655,0,0,17.21338318
5.66,0,0,17.21338297
5.665,0,0,17.21338274
5.67,0,0,17.21338247
5.675,0,0,17.21338223
5.68,0,0,17.21338188
5.685,0,0,17.21338159
5.69,0,0,17.21338137
5.695,0,0,17.21338108
5.7,0,0,17.21338078
5.705,0,0,17.2133805
5.71,0,0,17.21338025
5.715,0,0,17.21338002
5.72,0,0,17.2133798
5.725,0,0,17.21337951
5.73,0,0,17.21337937
5.735,0,0,17.21337917
5.74,0,0,17.21337894
5.745,0,0,17.21337875
5.75,0,0,17.21337858
5.755,0,0,17.21337839
5.76,0,0,17.21337818
5.765,0,0,17.21337806
5.77,0,0,17.21337783
5.775,0,0,17.21337766
5.78,0,0,17.21337734
5.785,0,0,17.21337713
5.79,0,0,17.21337697
5.795,0,0,17.21337657
5.8,0,0,17.21337617
5.805,0,0,17.21337591
5.81,0,0,17.21337556
5.815,0,0,17.21337531
5.82,0,0,17.21337508
5.825,0,0,17.21337473
5.83,0,0,17.2133746
5.835,0,0,17.21337451
5.84,0,0,17.21337442
5.845,0,0,17.21337423
5.85,0,0,17.21337395
5.855,0,0,17.21337371
5.86,0,0,17.21337358
5.865,0,0,17.21337342
5.87,0,0,17.21337323
5.875,0,0,17.21337298
5.88,0,0,17.21337273
5.885,0,0,17.21337233
5.89,0,0,17.21337191
5.895,0,0,17.21337165
5.9,0,0,17.21337137
5.905,0,0,17.21337108
5.91,0,0,17.21337072
5.915,0,0,17.21337038
5.92,0,0,17.21337005
5.925,0,0,17.21336977
5.93,0,0,17.21336953
5.935,0,0,17.21336921
5.94,0,0,17.21336905
5.945,0,0,17.21336873
5.95,0,0,17.21336847
5.955,0,0,17.21336826
5.96,0,0,17.21336795
5.965,0,0,17.21336764
5.97,0,0,17.21336738
5.975,0,0,17.21336715
5.98,0,0,17.21336689
5.985,0,0,17.21336666
5.99,0,0,17.21336634
5.995,0,0,17.21336608
6,0,0,17.2133657
6.005,0,0,17.2133654
6.01,0,0,17.21336511
6.015,0,0,17.21336472
6.02,0,0,17.21336437
6.025,0,0,17.21336417
6.03,0,0,17.21336391
6.035,0,0,17.21336372
6.04,0,0,17.21336349
6.045,0,0,17.21336328
6.05,0,0,17.21336299
6.055,0,0,17.21336266
6.06,0,0,17.21336243
6.065,0,0,17.21336214
6.07,0,0,17.21336182
6.075,0,0,17.21336156
6.08,0,0,17.21336131
6.085,0,0,17.21336105
6.09,0,0,17.21336068
6.095,0,0,17.21336039
6.1,0,0,17.21336004
6.105,0,0,17.21335978
6.11,0,0,17.21335963
6.115,0,0,17.21335939
6.12,0,0,17.2133591
6.125,0,0,17.2133588
6.13,0,0,17.21335853
6.135,0,0,17.21335813
6.14,0,0,17.21335778
6.145,0,0,17.21335745
6.15,0,0,17.21335721
6.155,0,0,17.21335697
6.16,0,0,17.21335671
6.165,0,0,17.21335647
6.17,0,0,17.21335624
6.175,0,0,17.21335589
6.18,0,0,17.21335565
6.185,0,0,17.21335527
6.19,0,0,17.21335496
6.195,0,0,17.21335465
6.2,0,0,17.21335454
6.205,0,0,17.21335421
6.21,0,0,17.21335397
6.215,0,0,17.21335378
6.22,0,0,17.21335352
6.225,0,0,17.21335334
6.23,0,0,17.2133531
6.235,0,0,17.21335304
6.24,0,0,17.21335268
6.245,0,0,17.21335243
6.25,0,0,17.21335225
6.255,0,0,17.21335203
6.26,0,0,17.21335188
6.265,0,0,17.21335163
6.27,0,0,17.21335129
6.275,0,0,17.21335103
6.28,0,0,17.21335069
6.285,0,0,17.21335044
6.29,0,0,17.21335012
6.295,0,0,17.21334989
6.3,0,0,17.21334969
6.305,0,0,17.21334948
6.31,0,0,17.2133492
6.315,0,0,17.21334898
6.32,0,0,17.21334881
6.325,0,0,17.21334866
6.33,0,0,17.21334848
6.335,0,0,17.21334828
6.34,0,0,17.21334799
6.345,0,0,17.2133477
6.35,0,0,17.2133474
6.355,0,0,17.21334702
6.36,0,0,17.21334687
6.365,0,0,17.21334653
6.37,0,0,17.21334626
6.375,0,0,17.21334595
6.38,0,0,17.2133456
6.385,0,0,17.21334524
6.39,0,0,17.21334488
6.395,0,0,17.21334471
6.4,0,0,17.21334441
6.405,0,0,17.21334407
6.41,0,0,17.21334375
6.415,0,0,17.21334353
6.42,0,0,17.21334328
6.425,0,0,17.21334291
6.43,0,0,17.21334255
6.435,0,0,17.21334217
6.44,0,0,17.21334194
6.445,0,0,17.21334168
6.45,0,0,17.21334145
6.455,0,0,17.21334122
6.46,0,0,17.21334098
6.465,0,0,17.21334081
6.47,0,0,17.21334057
6.475,0,0,17.21334035
6.48,0,0,17.21333989
6.485,0,0,17.21333965
6.49,0,0,17.21333945
6.495,0,0,17.21333928
6.5,0,0,17.21333902
6.505,0,0,17.21333883
6.51,0,0,17.21333865
6.515,0,0,17.21333853
6.52,0,0,17.21333833
6.525,0,0,17.21333798
6.53,0,0,17.21333771
6.535,0,0,17.21333737
6.54,0,0,17.21333709
6.545,0,0,17.21333679
6.55,0,0,17.21333657
6.555,0,0,17.21333633
6.56,0,0,17.21333611
6.565,0,0,17.21333586
6.57,0,0,17.21333568
6.575,0,0,17.2133355
6.58,0,0,17.21333524
6.585,0,0,17.21333497
6.59,0,0,17.21333475
6.595,0,0,17.21333444
6.6,0,0,17.21333417
6.605,0,0,17.2133339
6.61,0,0,17.2133337
6.615,0,0,17.21333353
6.62,0,0,17.21333322
6.625,0,0,17.21333289
6.63,0,0,17.21333267
6.635,0,0,17.21333237
6.64,0,0,17.21333217
6.645,0,0,17.21333196
6.65,0,0,17.21333168
6.655,0,0,17.21333135
6.66,0,0,17.21333106
6.665,0,0,17.21333091
6.67,0,0,17.21333063
6.675,0,0,17.21333033
6.68,0,0,17.21333006
6.685,0,0,17.21332977
6.69,0,0,17.21332959
6.695,0,0,17.21332936
6.7,0,0,17.21332906
6.705,0,0,17.21332868
6.71,0,0,17.21332835
6.715,0,0,17.213328
6.72,0,0,17.21332784
6.725,0,0,17.21332767
6.73,0,0,17.2133274
6.735,0,0,17.21332724
6.74,0,0,17.21332707
6.745,0,0,17.21332694
6.75,0,0,17.21332669
6.755,0,0,17.21332651
6.76,0,0,17.21332626
6.765,0,0,17.21332609
6.77,0,0,17.2133258
6.775,0,0,17.21332549
6.78,0,0,17.21332516
6.785,0,0,17.21332479
6.79,0,0,17.21332465
6.795,0,0,17.21332436
6.8,0,0,17.21332416
6.805,0,0,17.21332385
6.81,0,0,17.21332359
6.815,0,0,17.21332332
6.82,0,0,17.21332297
6.825,0,0,17.2133227
6.83,0,0,17.21332246
6.835,0,0,17.2133222
6.84,0,0,17.21332193
6.845,0,0,17.21332164
6.85,0,0,17.21332144
6.855,0,0,17.2133212
6.86,0,0,17.21332095
6.865,0,0,17.21332078
6.87,0,0,17.21332051
6.875,0,0,17.21332033
6.88,0,0,17.21331999
6.885,0,0,17.21331976
6.89,0,0,17.21331954
6.895,0,0,17.21331927
6.9,0,0,17.21331903
6.905,0,0,17.21331872
6.91,0,0,17.21331857
6.915,0,0,17.21331827
6.92,0,0,17.21331796
6.925,0,0,17.2133178
6.93,0,0,17.21331762
6.935,0,0,17.21331738
6.94,0,0,17.21331719
6.945,0,0,17.21331703
6.95,0,0,17.21331669
6.955,0,0,17.21331644
6.96,0,0,17.21331614
6.965,0,0,17.21331593
6.97,0,0,17.21331557
6.975,0,0,17.21331531
6.98,0,0,17.21331519
6.985,0,0,17.21331498
6.99,0,0,17.21331475
6.995,0,0,17.21331453
7,0,0,17.2133143
7.005,0,0,17.21331404
7.01,0,0,17.2133138
7.015,0,0,17.21331361
7.02,0,0,17.21331327
7.025,0,0,17.21331306
7.03,0,0,17.21331289
7.035,0,0,17.21331267
7.04,0,0,17.21331245
7.045,0,0,17.21331225
7.05,0,0,17.21331199
7.055,0,0,17.21331174
7.06,0,0,17.21331146
7.065,0,0,17.21331098
7.07,0,0,17.21331068
7.075,0,0,17.21331046
7.08,0,0,17.21331011
7.085,0,0,17.21330985
7.09,0,0,17.21330954
7.095,0,0,17.21330929
7.1,0,0,17.21330904
7.105,0,0,17.21330888
7.11,0,0,17.21330871
7.115,0,0,17.21330834
7.12,0,0,17.21330814
7.125,0,0,17.21330794
7.13,0,0,17.2133078
7.135,0,0,17.21330764
7.14,0,0,17.21330735
7.145,0,0,17.21330721
7.15,0,0,17.21330703
7.155,0,0,17.21330682
7.16,0,0,17.2133066
7.165,0,0,17.21330638
7.17,0,0,17.21330617
7.175,0,0,17.21330597
7.18,0,0,17.21330575
7.185,0,0,17.21330548
7.19,0,0,17.21330529
7.195,0,0,17.21330504
7.2,0,0,17.21330478
7.205,0,0,17.21330451
7.21,0,0,17.21330427
7.215,0,0,17.21330403
7.22,0,0,17.21330377
7.225,0,0,17.21330355
7.23,0,0,17.21330337
7.235,0,0,17.21330309
7.24,0,0,17.21330293
7.245,0,0,17.21330266
7.25,0,0,17.21330234
7.255,0,0,17.2133021
7.26,0,0,17.21330191
7.265,0,0,17.21330169
7.27,0,0,17.21330141
7.275,0,0,17.21330111
7.28,0,0,17.21330081
7.285,0,0,17.21330051
7.29,0,0,17.21330026
7.295,0,0,17.21329998
7.3,0,0,17.21329971
7.305,0,0,17.21329943
7.31,0,0,17.21329919
7.315,0,0,17.213299
7.32,0,0,17.21329876
7.325,0,0,17.21329846
7.33,0,0,17.21329816
7.335,0,0,17.21329794
7.34,0,0,17.21329763
7.345,0,0,17.21329738
7.35,0,0,17.21329722
7.355,0,0,17.21329695
7.36,0,0,17.21329673
7.365,0,0,17.2132966
7.37,0,0,17.21329644
7.375,0,0,17.21329623
7.38,0,0,17.21329602
7.385,0,0,17.21329585
7.39,0,0,17.21329561
7.395,0,0,17.21329527
7.4,0,0,17.21329503
7.405,0,0,17.2132948
7.41,0,0,17.21329462
7.415,0,0,17.21329441
7.42,0,0,17.21329423
7.425,0,0,17.21329403
7.43,0,0,17.21329384
7.435,0,0,17.21329362
7.44,0,0,17.21329336
7.445,0,0,17.21329309
7.45,0,0,17.21329296
7.455,0,0,17.21329282
7.46,0,0,17.21329254
7.465,0,0,17.21329222
7.47,0,0,17.21329177
7.475,0,0,17.21329155
7.48,0,0,17.21329127
7.485,0,0,17.21329096
7.49,0,0,17.21329071
7.495,0,0,17.21329047
7.5,0,0,17.21329028
7.505,0,0,17.21329014
7.51,0,0,17.21328982
7.515,0,0,17.21328966
7.52,0,0,17.21328937
7.525,0,0,17.2132891
7.53,0,0,17.21328888
7.535,0,0,17.2132886
7.54,0,0,17.21328838
7.545,0,0,17.21328805
7.55,0,0,17.21328777
7.555,0,0,17.21328754
7.56,0,0,17.2132873
7.565,0,0,17.21328714
7.57,0,0,17.21328684
7.575,0,0,17.21328654
7.58,0,0,17.21328628
7.585,0,0,17.21328599
7.59,0,0,17.21328578
7.595,0,0,17.21328554
7.6,0,0,17.21328522
7.605,0,0,17.21328487
7.61,0,0,17.21328468
7.615,0,0,17.21328453
7.62,0,0,17.21328427
7.625,0,0,17.21328403
7.63,0,0,17.21328379
7.635,0,0,17.21328359
7.64,0,0,17.21328341
7.645,0,0,17.21328313
7.65,0,0,17.21328275
7.655,0,0,17.21328242
7.66,0,0,17.21328229
7.665,0,0,17.213282
7.67,0,0,17.21328182
7.675,0,0,17.21328158
7.68,0,0,17.21328141
7.685,0,0,17.21328125
7.69,0,0,17.21328102
7.695,0,0,17.21328077
7.7,0,0,17.21328059
7.705,0,0,17.21328038
7.71,0,0,17.21328008
7.715,0,0,17.21327979
7.72,0,0,17.2132795
7.725,0,0,17.21327927
7.73,0,0,17.21327907
7.735,0,0,17.21327884
7.74,0,0,17.21327851
7.745,0,0,17.21327831
7.75,0,0,17.21327802
7.755,0,0,17.21327784
7.76,0,0,17.2132775
7.765,0,0,17.21327722
7.77,0,0,17.21327701
7.775,0,0,17.2132768
7.78,0,0,17.21327651
7.785,0,0,17.21327632
7.79,0,0,17.21327607
7.795,0,0,17.21327574
7.8,0,0,17.21327545
7.805,0,0,17.21327518
7.81,0,0,17.21327486
7.815,0,0,17.21327459
7.82,0,0,17.21327433
7.825,0,0,17.21327408
7.83,0,0,17.21327385
7.835,0,0,17.21327363
7.84,0,0,17.21327338
7.845,0,0,17.21327318
7.85,0,0,17.21327294
7.855,0,0,17.21327264
7.86,0,0,17.21327234
7.865,0,0,17.21327202
7.87,0,0,17.21327189
7.875,0,0,17.21327169
7.88,0,0,17.21327147
7.885,0,0,17.21327115
7.89,0,0,17.21327083
7.895,0,0,17.21327061
7.9,0,0,17.21327031
7.905,0,0,17.21326997
7.91,0,0,17.21326967
7.915,0,0,17.21326943
7.92,0,0,17.21326926
7.925,0,0,17.21326901
7.93,0,0,17.21326878
7.935,0,0,17.2132686
7.94,0,0,17.21326842
7.945,0,0,17.21326819
7.95,0,0,17.213268
7.955,0,0,17.21326773
7.96,0,0,17.21326742
7.965,0,0,17.21326721
7.97,0,0,17.21326705
7.975,0,0,17.21326682
7.98,0,0,17.2132666
7.985,0,0,17.21326631
7.99,0,0,17.21326605
7.995,0,0,17.21326578
8,0,0,17.21326555
8.005,0,0,17.21326515
8.01,0,0,17.21326488
8.015,0,0,17.21326462
8.02,0,0,17.2132644
8.025,0,0,17.21326413
8.03,0,0,17.21326389
8.035,0,0,17.2132636
8.04,0,0,17.21326327
8.045,0,0,17.21326299
8.05,0,0,17.21326287
8.055,0,0,17.21326243
8.06,0,0,17.21326221
8.065,0,0,17.21326179
8.07,0,0,17.21326162
8.075,0,0,17.21326139
8.08,0,0,17.21326117
8.085,0,0,17.21326086
8.09,0,0,17.21326054
8.095,0,0,17.21326037
8.1,0,0,17.21326017
8.105,0,0,17.21326007
8.11,0,0,17.21325983
8.115,0,0,17.21325963
8.12,0,0,17.21325947
8.125,0,0,17.21325917
8.13,0,0,17.21325886
8.135,0,0,17.21325869
8.14,0,0,17.21325851
8.145,0,0,17.21325806
8.15,0,0,17.21325784
8.155,0,0,17.21325739
8.16,0,0,17.21325702
8.165,0,0,17.21325672
8.17,0,0,17.21325643
8.175,0,0,17.2132562
8.18,0,0,17.21325591
8.185,0,0,17.21325562
8.19,0,0,17.21325544
8.195,0,0,17.21325507
8.2,0,0,17.2132549
8.205,0,0,17.21325463
8.21,0,0,17.21325435
8.215,0,0,17.21325406
8.22,0,0,17.21325381
8.225,0,0,17.21325361
8.23,0,0,17.21325339
8.235,0,0,17.21325308
8.24,0,0,17.2132527
8.245,0,0,17.2132524
8.25,0,0,17.21325213
8.255,0,0,17.21325189
8.26,0,0,17.21325165
8.265,0,0,17.21325141
8.27,0,0,17.2132512
8.275,0,0,17.21325099
8.28,0,0,17.21325062
8.285,0,0,17.21325043
8.29,0,0,17.21325019
8.295,0,0,17.21324991
8.3,0,0,17.21324969
8.305,0,0,17.21324939
8.31,0,0,17.21324922
8.315,0,0,17.213249
8.32,0,0,17.21324877
8.325,0,0,17.21324857
8.33,0,0,17.21324831
8.335,0,0,17.21324806
8.34,0,0,17.21324772
8.345,0,0,17.21324753
8.35,0,0,17.21324725
8.355,0,0,17.21324693
8.36,0,0,17.21324672
8.365,0,0,17.21324642
8.37,0,0,17.21324616
8.375,0,0,17.21324596
8.38,0,0,17.21324575
8.385,0,0,17.21324562
8.39,0,0,17.21324551
8.395,0,0,17.21324545
8.4,0,0,17.21324527
8.405,0,0,17.21324495
8.41,0,0,17.21324484
8.415,0,0,17.21324465
8.42,0,0,17.21324439
8.425,0,0,17.21324419
8.43,0,0,17.21324407
8.435,0,0,17.21324389
8.44,0,0,17.21324363
8.445,0,0,17.2132434
8.45,0,0,17.21324318
8.455,0,0,17.21324292
8.46,0,0,17.21324258
8.465,0,0,17.21324232
8.47,0,0,17.21324205
8.475,0,0,17.21324186
8.48,0,0,17.2132416
8.485,0,0,17.21324135
8.49,0,0,17.21324116
8.495,0,0,17.21324091
8.5,0,0,17.21324074
8.505,0,0,17.21324045
8.51,0,0,17.21324019
8.515,0,0,17.21324003
8.52,0,0,17.21323975
8.525,0,0,17.21323944
8.53,0,0,17.21323915
8.535,0,0,17.21323893
8.54,0,0,17.21323868
8.545,0,0,17.21323833
8.55,0,0,17.21323808
8.555,0,0,17.21323784
8.56,0,0,17.21323755
8.565,0,0,17.21323731
8.57,0,0,17.21323696
8.575,0,0,17.21323668
8.58,0,0,17.21323636
8.585,0,0,17.21323615
8.59,0,0,17.2132359
8.595,0,0,17.21323564
8.6,0,0,17.21323539
8.605,0,0,17.21323509
8.61,0,0,17.21323478
8.615,0,0,17.21323462
8.62,0,0,17.21323437
8.625,0,0,17.21323421
8.63,0,0,17.21323396
8.635,0,0,17.21323377
8.64,0,0,17.21323358
8.645,0,0,17.21323336
8.65,0,0,17.21323319
8.655,0,0,17.21323296
8.66,0,0,17.21323268
8.665,0,0,17.21323248
8.67,0,0,17.2132322
8.675,0,0,17.21323189
8.68,0,0,17.21323161
8.685,0,0,17.2132314
8.69,0,0,17.21323117
8.695,0,0,17.21323101
8.7,0,0,17.21323068
8.705,0,0,17.21323034
8.71,0,0,17.21322997
8.715,0,0,17.21322963
8.72,0,0,17.21322926
8.725,0,0,17.21322893
8.73,0,0,17.21322872
8.735,0,0,17.21322853
8.74,0,0,17.2132283
8.745,0,0,17.21322807
8.75,0,0,17.21322783
8.755,0,0,17.21322762
8.76,0,0,17.21322737
8.765,0,0,17.21322701
8.77,0,0,17.21322673
8.775,0,0,17.21322651
8.78,0,0,17.21322624
8.785,0,0,17.21322594
8.79,0,0,17.21322579
8.795,0,0,17.21322546
8.8,0,0,17.21322526
8.805,0,0,17.21322495
8.81,0,0,17.21322476
8.815,0,0,17.21322444
8.82,0,0,17.2132243
8.825,0,0,17.21322403
8.83,0,0,17.21322371
8.835,0,0,17.21322345
8.84,0,0,17.21322323
8.845,0,0,17.21322291
8.85,0,0,17.21322268
8.855,0,0,17.21322244
8.86,0,0,17.21322221
8.865,0,0,17.21322199
8.87,0,0,17.21322174
8.875,0,0,17.21322152
8.88,0,0,17.21322136
8.885,0,0,17.21322101
8.89,0,0,17.21322068
8.895,0,0,17.21322048
8.9,0,0,17.21322025
8.905,0,0,17.21322007
8.91,0,0,17.21321991
8.915,0,0,17.21321967
8.92,0,0,17.21321934
8.925,0,0,17.21321899
8.93,0,0,17.2132187
8.935,0,0,17.21321842
8.94,0,0,17.21321811
8.945,0,0,17.21321783
8.95,0,0,17.2132176
8.955,0,0,17.2132173
8.96,0,0,17.21321711
8.965,0,0,17.21321684
8.97,0,0,17.21321656
8.975,0,0,17.21321637
8.98,0,0,17.21321607
8.985,0,0,17.21321583
8.99,0,0,17.21321558
8.995,0,0,17.21321551
9,0,0,17.21321528
9.005,0,0,17.21321501
9.01,0,0,17.2132147
9.015,0,0,17.21321437
9.02,0,0,17.21321412
9.025,0,0,17.21321387
9.03,0,0,17.21321364
9.035,0,0,17.21321333
9.04,0,0,17.21321304
9.045,0,0,17.21321267
9.05,0,0,17.21321232
9.055,0,0,17.21321202
9.06,0,0,17.21321175
9.065,0,0,17.21321137
9.07,0,0,17.21321102
9.075,0,0,17.21321082
9.08,0,0,17.2132106
9.085,0,0,17.21321049
9.09,0,0,17.21321032
9.095,0,0,17.21321004
9.1,0,0,17.21320976
9.105,0,0,17.21320942
9.11,0,0,17.21320913
9.115,0,0,17.21320883
9.12,0,0,17.21320855
9.125,0,0,17.21320827
9.13,0,0,17.2132081
9.135,0,0,17.21320792
9.14,0,0,17.21320771
9.145,0,0,17.21320745
9.15,0,0,17.21320729
9.155,0,0,17.21320706
9.16,0,0,17.21320683
9.165,0,0,17.21320654
9.17,0,0,17.2132063
9.175,0,0,17.21320606
9.18,0,0,17.21320579
9.185,0,0,17.21320551
9.19,0,0,17.21320529
9.195,0,0,17.213205
9.2,0,0,17.21320481
9.205,0,0,17.2132045
9.21,0,0,17.21320419
9.215,0,0,17.21320395
9.22,0,0,17.2132037
9.225,0,0,17.21320349
9.23,0,0,17.21320333
9.235,0,0,17.21320308
9.24,0,0,17.21320279
9.245,0,0,17.21320249
9.25,0,0,17.21320212
9.255,0,0,17.21320183
9.26,0,0,17.21320157
9.265,0,0,17.21320131
9.27,0,0,17.21320099
9.275,0,0,17.2132007
9.28,0,0,17.21320051
9.285,0,0,17.21320025
9.29,0,0,17.21319996
9.295,0,0,17.21319974
9.3,0,0,17.21319952
9.305,0,0,17.21319935
9.31,0,0,17.21319903
9.315,0,0,17.21319877
9.32,0,0,17.21319851
9.325,0,0,17.21319823
9.33,0,0,17.21319799
9.335,0,0,17.21319773
9.34,0,0,17.21319742
9.345,0,0,17.21319711
9.35,0,0,17.21319688
9.355,0,0,17.21319668
9.36,0,0,17.21319634
9.365,0,0,17.21319602
9.37,0,0,17.21319575
9.375,0,0,17.21319549
9.38,0,0,17.21319524
9.385,0,0,17.21319492
9.39,0,0,17.21319465
9.395,0,0,17.21319433
9.4,0,0,17.21319396
9.405,0,0,17.21319355
9.41,0,0,17.21319324
9.415,0,0,17.21319295
9.42,0,0,17.21319264
9.425,0,0,17.21319239
9.43,0,0,17.2131921
9.435,0,0,17.21319179
9.44,0,0,17.21319169
9.445,0,0,17.21319137
9.45,0,0,17.21319107
9.455,0,0,17.21319085
9.46,0,0,17.21319055
9.465,0,0,17.21319026
9.47,0,0,17.21319006
9.475,0,0,17.21318986
9.48,0,0,17.21318958
9.485,0,0,17.21318934
9.49,0,0,17.21318903
9.495,0,0,17.21318876
9.5,0,0,17.21318849
9.505,0,0,17.21318817
9.51,0,0,17.21318785
9.515,0,0,17.21318754
9.52,0,0,17.21318727
9.525,0,0,17.21318709
9.53,0,0,17.21318675
9.535,0,0,17.21318639
9.54,0,0,17.21318609
9.545,0,0,17.21318578
9.55,0,0,17.21318537
9.555,0,0,17.21318514
9.56,0,0,17.21318483
9.565,0,0,17.21318465
9.57,0,0,17.21318438
9.575,0,0,17.21318406
9.58,0,0,17.21318379
9.585,0,0,17.21318355
9.59,0,0,17.21318326
9.595,0,0,17.21318295
9.6,0,0,17.21318273
9.605,0,0,17.21318247
9.61,0,0,17.21318227
9.615,0,0,17.21318188
9.62,0,0,17.21318164
9.625,0,0,17.21318133
9.63,0,0,17.21318105
9.635,0,0,17.21318088
9.64,0,0,17.21318064
9.645,0,0,17.21318046
9.65,0,0,17.21318026
9.655,0,0,17.21317988
9.66,0,0,17.21317961
9.665,0,0,17.21317944
9.67,0,0,17.21317921
9.675,0,0,17.21317896
9.68,0,0,17.21317871
9.685,0,0,17.21317845
9.69,0,0,17.21317824
9.695,0,0,17.2131779
9.7,0,0,17.2131776
9.705,0,0,17.21317733
9.71,0,0,17.21317712
9.715,0,0,17.2131768
9.72,0,0,17.21317657
9.725,0,0,17.21317635
9.73,0,0,17.21317617
9.735,0,0,17.21317596
9.74,0,0,17.21317571
9.745,0,0,17.21317552
9.75,0,0,17.21317519
9.755,0,0,17.21317489
9.76,0,0,17.21317459
9.765,0,0,17.21317438
9.77,0,0,17.21317413
9.775,0,0,17.21317387
9.78,0,0,17.21317357
9.785,0,0,17.21317337
9.79,0,0,17.21317312
9.795,0,0,17.21317278
9.8,0,0,17.21317253
9.805,0,0,17.21317228
9.81,0,0,17.21317205
9.815,0,0,17.21317183
9.82,0,0,17.21317157
9.825,0,0,17.21317139
9.83,0,0,17.21317119
9.835,0,0,17.21317093
9.84,0,0,17.21317071
9.845,0,0,17.21317056
9.85,0,0,17.21317039
9.855,0,0,17.2131702
9.86,0,0,17.21316995
9.865,0,0,17.21316972
9.87,0,0,17.21316939
9.875,0,0,17.21316911
9.88,0,0,17.21316881
9.885,0,0,17.21316851
9.89,0,0,17.21316827
9.895,0,0,17.21316804
9.9,0,0,17.21316783
9.905,0,0,17.2131675
9.91,0,0,17.21316718
9.915,0,0,17.21316707
9.92,0,0,17.21316699
9.925,0,0,17.21316679
9.93,0,0,17.21316652
9.935,0,0,17.21316636
9.94,0,0,17.2131662
9.945,0,0,17.213166
9.95,0,0,17.21316577
9.955,0,0,17.21316572
9.96,0,0,17.2131655
9.965,0,0,17.21316533
9.97,0,0,17.21316519
9.975,0,0,17.21316495
9.98,0,0,17.21316477
9.985,0,0,17.21316463
9.99,0,0,17.21316435
9.995,0,0,17.21316408
10,0,0,17.21316386
