#Exudyn implicit second order time integration sensor output file
#measure KinematicTree number = 1
#OutputVariableType = AngularAccelerationLocal
#simulation started = 2025-08-11,22:12:43
#columns contain: time, comma separated sensor values (e.g, x,y,z position coordinates)
#number of sensor values = 3
#Exudyn version = 1.10.0; Python3.13.2; Windows AVX2 FLOAT64
#
0,0,0,0
0.005,0,0,-0.0002204019667
0.01,0,0,-0.0004409728973
0.015,0,0,-0.000661483198
0.02,0,0,-0.0008819319769
0.025,0,0,-0.00110232812
0.03,0,0,-0.001322640725
0.035,0,0,-0.001542922743
0.04,0,0,-0.001763087486
0.045,0,0,-0.001983197609
0.05,0,0,-0.002203239633
0.055,0,0,-0.00242318322
0.06,0,0,-0.002643035606
0.065,0,0,-0.002862809534
0.07,0,0,-0.003082473599
0.075,0,0,-0.003302033776
0.08,0,0,-0.003521487008
0.085,0,0,-0.003740843323
0.09,0,0,-0.003960091546
0.095,0,0,-0.004179222288
0.1,0,0,-0.004398238744
0.105,0,0,-0.004617142884
0.11,0,0,-0.004835915696
0.115,0,0,-0.005054570058
0.12,0,0,-0.005273097853
0.125,0,0,-0.00549147395
0.13,0,0,-0.005709728092
0.135,0,0,-0.005927843955
0.14,0,0,-0.006145815308
0.145,0,0,-0.006363636228
0.15,0,0,-0.006581308882
0.155,0,0,-0.006798834714
0.16,0,0,-0.007016207796
0.165,0,0,-0.007233422571
0.17,0,0,-0.007450454298
0.175,0,0,-0.007667318755
0.18,0,0,-0.007884054435
0.185,0,0,-0.008100611393
0.19,0,0,-0.008316991437
0.195,0,0,-0.00853319593
0.2,0,0,-0.008749192601
0.205,0,0,-0.008964995237
0.21,0,0,-0.00918062686
0.215,0,0,-0.00939606669
0.22,0,0,-0.009611305734
0.225,0,0,-0.009826345538
0.23,0,0,-0.01004119677
0.235,0,0,-0.01025583133
0.24,0,0,-0.01047026032
0.245,0,0,-0.01068447544
0.25,0,0,-0.01089847781
0.255,0,0,-0.01111225962
0.26,0,0,-0.01132582198
0.265,0,0,-0.01153915742
0.27,0,0,-0.01175226697
0.275,0,0,-0.01196515129
0.28,0,0,-0.01217779534
0.285,0,0,-0.01239020023
0.29,0,0,-0.01260237452
0.295,0,0,-0.01281428859
0.3,0,0,-0.01302596623
0.305,0,0,-0.01323739319
0.31,0,0,-0.01344856317
0.315,0,0,-0.01365947014
0.32,0,0,-0.01387012207
0.325,0,0,-0.01408049223
0.33,0,0,-0.01429060251
0.335,0,0,-0.01450045334
0.34,0,0,-0.01471001884
0.345,0,0,-0.01491932616
0.35,0,0,-0.01512833728
0.355,0,0,-0.01533709097
0.36,0,0,-0.01554555002
0.365,0,0,-0.01575371565
0.37,0,0,-0.01596158868
0.375,0,0,-0.0161691581
0.38,0,0,-0.01637643651
0.385,0,0,-0.01658341283
0.39,0,0,-0.01679008783
0.395,0,0,-0.01699646196
0.4,0,0,-0.0172025136
0.405,0,0,-0.01740825474
0.41,0,0,-0.01761367517
0.415,0,0,-0.01781877557
0.42,0,0,-0.01802355665
0.425,0,0,-0.01822799809
0.43,0,0,-0.01843212168
0.435,0,0,-0.01863590711
0.44,0,0,-0.01883936536
0.445,0,0,-0.01904247679
0.45,0,0,-0.01924524224
0.455,0,0,-0.019447653
0.46,0,0,-0.01964971931
0.465,0,0,-0.01985144184
0.47,0,0,-0.02005280213
0.475,0,0,-0.0202538102
0.48,0,0,-0.02045445738
0.485,0,0,-0.0206547352
0.49,0,0,-0.0208546444
0.495,0,0,-0.02105418553
0.5,0,0,-0.02125335923
0.505,0,0,-0.02145214838
0.51,0,0,-0.02165055391
0.515,0,0,-0.02184858504
0.52,0,0,-0.02204621669
0.525,0,0,-0.02224346665
0.53,0,0,-0.02244033524
0.535,0,0,-0.02263678999
0.54,0,0,-0.02283285632
0.545,0,0,-0.02302851852
0.55,0,0,-0.02322377717
0.555,0,0,-0.02341862494
0.56,0,0,-0.02361307049
0.565,0,0,-0.02380709073
0.57,0,0,-0.0240007098
0.575,0,0,-0.02419390491
0.58,0,0,-0.02438667676
0.585,0,0,-0.02457901855
0.59,0,0,-0.02477094585
0.595,0,0,-0.02496242926
0.6,0,0,-0.02515347717
0.605,0,0,-0.02534409765
0.61,0,0,-0.02553426906
0.615,0,0,-0.02572399965
0.62,0,0,-0.02591328286
0.625,0,0,-0.02610211939
0.63,0,0,-0.02629050269
0.635,0,0,-0.02647843351
0.64,0,0,-0.02666591256
0.645,0,0,-0.02685291293
0.65,0,0,-0.02703944915
0.655,0,0,-0.02722552182
0.66,0,0,-0.02741113189
0.665,0,0,-0.02759627956
0.67,0,0,-0.02778093921
0.675,0,0,-0.02796512462
0.68,0,0,-0.02814883652
0.685,0,0,-0.02833206269
0.69,0,0,-0.02851480364
0.695,0,0,-0.02869704757
0.7,0,0,-0.02887880782
0.705,0,0,-0.02906007252
0.71,0,0,-0.02924084232
0.715,0,0,-0.02942110555
0.72,0,0,-0.02960086324
0.725,0,0,-0.02978011602
0.73,0,0,-0.02995886475
0.735,0,0,-0.03013711009
0.74,0,0,-0.03031482877
0.745,0,0,-0.03049203368
0.75,0,0,-0.03066871382
0.755,0,0,-0.03084488166
0.76,0,0,-0.03102052629
0.765,0,0,-0.0311956486
0.77,0,0,-0.03137023764
0.775,0,0,-0.0315442829
0.78,0,0,-0.03171780851
0.785,0,0,-0.03189079236
0.79,0,0,-0.03206325751
0.795,0,0,-0.03223514918
0.8,0,0,-0.03240650186
0.805,0,0,-0.03257731626
0.81,0,0,-0.03274758186
0.815,0,0,-0.03291728921
0.82,0,0,-0.03308645016
0.825,0,0,-0.03325506519
0.83,0,0,-0.03342309279
0.835,0,0,-0.03359057656
0.84,0,0,-0.03375750658
0.845,0,0,-0.03392385241
0.85,0,0,-0.03408964655
0.855,0,0,-0.03425485875
0.86,0,0,-0.03441950033
0.865,0,0,-0.03458357237
0.87,0,0,-0.03474704555
0.875,0,0,-0.03490997138
0.88,0,0,-0.03507228052
0.885,0,0,-0.0352340243
0.89,0,0,-0.03539517384
0.895,0,0,-0.03555575986
0.9,0,0,-0.03571571484
0.905,0,0,-0.03587510833
0.91,0,0,-0.0360338929
0.915,0,0,-0.03619208894
0.92,0,0,-0.03634967854
0.925,0,0,-0.03650667251
0.93,0,0,-0.03666307189
0.935,0,0,-0.03681884983
0.94,0,0,-0.03697403569
0.945,0,0,-0.03712860276
0.95,0,0,-0.03728256176
0.955,0,0,-0.0374359137
0.96,0,0,-0.03758864189
0.965,0,0,-0.03774075673
0.97,0,0,-0.03789225957
0.975,0,0,-0.03804314283
0.98,0,0,-0.03819339881
0.985,0,0,-0.03834302918
0.99,0,0,-0.03849203537
0.995,0,0,-0.03864041883
1,0,0,-0.0387881635
1.005,0,0,-0.03862890933
1.01,0,0,-0.03846981693
1.015,0,0,-0.03831140166
1.02,0,0,-0.03815364399
1.025,0,0,-0.03799656057
1.03,0,0,-0.03784011329
1.035,0,0,-0.03768433761
1.04,0,0,-0.03752919513
1.045,0,0,-0.0373746935
1.05,0,0,-0.03722084082
1.055,0,0,-0.03706760755
1.06,0,0,-0.03691501114
1.065,0,0,-0.03676304072
1.07,0,0,-0.03661167565
1.075,0,0,-0.03646093374
1.08,0,0,-0.03631079441
1.085,0,0,-0.03616125592
1.09,0,0,-0.03601231722
1.095,0,0,-0.03586398675
1.1,0,0,-0.03571622345
1.105,0,0,-0.03556905585
1.11,0,0,-0.03542248269
