#Exudyn implicit second order time integration sensor output file
#measure KinematicTree number = 1
#OutputVariableType = AngularVelocityLocal
#simulation started = 2025-08-11,14:12:28
#columns contain: time, comma separated sensor values (e.g, x,y,z position coordinates)
#number of sensor values = 3
#Exudyn version = 1.10.0; Python3.13.2; Windows AVX2 FLOAT64
#
0,0,0,0
0.005,0,0,-0.01256637072
0.01,0,0,-0.02513274134
0.015,0,0,-0.03769911195
0.02,0,0,-0.05026548257
0.025,0,0,-0.06283185319
0.03,0,0,-0.07539822381
0.035,0,0,-0.08796459442
0.04,0,0,-0.100530965
0.045,0,0,-0.1130973357
0.05,0,0,-0.1256637063
0.055,0,0,-0.1382300769
0.06,0,0,-0.1507964475
0.065,0,0,-0.1633628181
0.07,0,0,-0.1759291887
0.075,0,0,-0.1884955594
0.08,0,0,-0.20106193
0.085,0,0,-0.2136283006
0.09,0,0,-0.2261946712
0.095,0,0,-0.2387610418
0.1,0,0,-0.2513274125
0.105,0,0,-0.2638937831
0.11,0,0,-0.2764601537
0.115,0,0,-0.2890265243
0.12,0,0,-0.3015928949
0.125,0,0,-0.3141592656
0.13,0,0,-0.3267256362
0.135,0,0,-0.3392920068
0.14,0,0,-0.3518583774
0.145,0,0,-0.364424748
0.15,0,0,-0.3769911187
0.155,0,0,-0.3895574893
0.16,0,0,-0.4021238599
0.165,0,0,-0.4146902305
0.17,0,0,-0.4272566011
0.175,0,0,-0.4398229717
0.18,0,0,-0.4523893424
0.185,0,0,-0.464955713
0.19,0,0,-0.4775220836
0.195,0,0,-0.4900884542
0.2,0,0,-0.5026548249
0.205,0,0,-0.5152211955
0.21,0,0,-0.5277875661
0.215,0,0,-0.5403539367
0.22,0,0,-0.5529203073
0.225,0,0,-0.565486678
0.23,0,0,-0.5780530486
0.235,0,0,-0.5906194192
0.24,0,0,-0.6031857898
0.245,0,0,-0.6157521604
0.25,0,0,-0.6283185311
0.255,0,0,-0.6408849017
0.26,0,0,-0.6534512723
0.265,0,0,-0.6660176429
0.27,0,0,-0.6785840135
0.275,0,0,-0.6911503842
0.28,0,0,-0.7037167548
0.285,0,0,-0.7162831254
0.29,0,0,-0.728849496
0.295,0,0,-0.7414158667
0.3,0,0,-0.7539822373
0.305,0,0,-0.7665486079
0.31,0,0,-0.7791149785
0.315,0,0,-0.7916813491
0.32,0,0,-0.8042477198
0.325,0,0,-0.8168140904
0.33,0,0,-0.829380461
0.335,0,0,-0.8419468316
0.34,0,0,-0.8545132022
0.345,0,0,-0.8670795729
0.35,0,0,-0.8796459435
0.355,0,0,-0.8922123141
0.36,0,0,-0.9047786847
0.365,0,0,-0.9173450554
0.37,0,0,-0.929911426
0.375,0,0,-0.9424777966
0.38,0,0,-0.9550441672
0.385,0,0,-0.9676105378
0.39,0,0,-0.9801769085
0.395,0,0,-0.9927432791
0.4,0,0,-1.00530965
0.405,0,0,-1.01787602
0.41,0,0,-1.030442391
0.415,0,0,-1.043008762
0.42,0,0,-1.055575132
0.425,0,0,-1.068141503
0.43,0,0,-1.080707873
0.435,0,0,-1.093274244
0.44,0,0,-1.105840615
0.445,0,0,-1.118406985
0.45,0,0,-1.130973356
0.455,0,0,-1.143539727
0.46,0,0,-1.156106097
0.465,0,0,-1.168672468
0.47,0,0,-1.181238838
0.475,0,0,-1.193805209
0.48,0,0,-1.20637158
0.485,0,0,-1.21893795
0.49,0,0,-1.231504321
0.495,0,0,-1.244070692
0.5,0,0,-1.256637062
0.505,0,0,-1.244070691
0.51,0,0,-1.231504321
0.515,0,0,-1.21893795
0.52,0,0,-1.206371579
0.525,0,0,-1.193805209
0.53,0,0,-1.181238838
0.535,0,0,-1.168672468
0.54,0,0,-1.156106097
0.545,0,0,-1.143539726
0.55,0,0,-1.130973356
0.555,0,0,-1.118406985
0.56,0,0,-1.105840614
0.565,0,0,-1.093274244
0.57,0,0,-1.080707873
0.575,0,0,-1.068141503
0.58,0,0,-1.055575132
0.585,0,0,-1.043008761
0.59,0,0,-1.030442391
0.595,0,0,-1.01787602
0.6,0,0,-1.005309649
0.605,0,0,-0.9927432787
0.61,0,0,-0.9801769081
0.615,0,0,-0.9676105375
0.62,0,0,-0.9550441669
0.625,0,0,-0.9424777962
0.63,0,0,-0.9299114256
0.635,0,0,-0.917345055
0.64,0,0,-0.9047786844
0.645,0,0,-0.8922123137
0.65,0,0,-0.8796459431
0.655,0,0,-0.8670795725
0.66,0,0,-0.8545132019
0.665,0,0,-0.8419468312
0.67,0,0,-0.8293804606
0.675,0,0,-0.81681409
0.68,0,0,-0.8042477194
0.685,0,0,-0.7916813488
0.69,0,0,-0.7791149781
0.695,0,0,-0.7665486075
0.7,0,0,-0.7539822369
0.705,0,0,-0.7414158663
0.71,0,0,-0.7288494956
0.715,0,0,-0.716283125
0.72,0,0,-0.7037167544
0.725,0,0,-0.6911503838
0.73,0,0,-0.6785840132
0.735,0,0,-0.6660176425
0.74,0,0,-0.6534512719
0.745,0,0,-0.6408849013
0.75,0,0,-0.6283185307
0.755,0,0,-0.6157521601
0.76,0,0,-0.6031857894
0.765,0,0,-0.5906194188
0.77,0,0,-0.5780530482
0.775,0,0,-0.5654866776
0.78,0,0,-0.552920307
0.785,0,0,-0.5403539363
0.79,0,0,-0.5277875657
0.795,0,0,-0.5152211951
0.8,0,0,-0.5026548245
0.805,0,0,-0.4900884539
0.81,0,0,-0.4775220832
0.815,0,0,-0.4649557126
0.82,0,0,-0.452389342
0.825,0,0,-0.4398229714
0.83,0,0,-0.4272566008
0.835,0,0,-0.4146902302
0.84,0,0,-0.4021238595
0.845,0,0,-0.3895574889
0.85,0,0,-0.3769911183
0.855,0,0,-0.3644247477
0.86,0,0,-0.3518583771
0.865,0,0,-0.3392920065
0.87,0,0,-0.3267256358
0.875,0,0,-0.3141592652
0.88,0,0,-0.3015928946
0.885,0,0,-0.289026524
0.89,0,0,-0.2764601534
0.895,0,0,-0.2638937828
0.9,0,0,-0.2513274121
0.905,0,0,-0.2387610415
0.91,0,0,-0.2261946709
0.915,0,0,-0.2136283003
0.92,0,0,-0.2010619297
0.925,0,0,-0.1884955591
0.93,0,0,-0.1759291884
0.935,0,0,-0.1633628178
0.94,0,0,-0.1507964472
0.945,0,0,-0.1382300766
0.95,0,0,-0.125663706
0.955,0,0,-0.1130973354
0.96,0,0,-0.1005309648
0.965,0,0,-0.08796459414
0.97,0,0,-0.07539822352
0.975,0,0,-0.06283185291
0.98,0,0,-0.05026548229
0.985,0,0,-0.03769911168
0.99,0,0,-0.02513274106
0.995,0,0,-0.01256637045
1,0,0,1.65746323e-10
1.005,0,0,0.0251327415
1.01,0,0,0.05026548273
1.015,0,0,0.07539822395
1.02,0,0,0.1005309652
1.025,0,0,0.1256637064
1.03,0,0,0.1507964476
1.035,0,0,0.1759291889
1.04,0,0,0.2010619301
1.045,0,0,0.2261946713
1.05,0,0,0.2513274125
1.055,0,0,0.2764601538
1.06,0,0,0.301592895
1.065,0,0,0.3267256362
1.07,0,0,0.3518583774
1.075,0,0,0.3769911187
1.08,0,0,0.4021238599
1.085,0,0,0.4272566011
1.09,0,0,0.4523893423
1.095,0,0,0.4775220836
1.1,0,0,0.5026548248
1.105,0,0,0.527787566
1.11,0,0,0.5529203072
1.115,0,0,0.5780530485
1.12,0,0,0.6031857897
1.125,0,0,0.6283185309
1.13,0,0,0.6534512721
1.135,0,0,0.6785840133
1.14,0,0,0.7037167546
1.145,0,0,0.7288494958
1.15,0,0,0.753982237
1.155,0,0,0.7791149782
1.16,0,0,0.8042477194
1.165,0,0,0.8293804607
1.17,0,0,0.8545132019
1.175,0,0,0.8796459431
1.18,0,0,0.9047786843
1.185,0,0,0.9299114255
1.19,0,0,0.9550441667
1.195,0,0,0.980176908
1.2,0,0,1.005309649
1.205,0,0,1.03044239
1.21,0,0,1.055575132
1.215,0,0,1.080707873
1.22,0,0,1.105840614
1.225,0,0,1.130973355
1.23,0,0,1.156106096
1.235,0,0,1.181238838
1.24,0,0,1.206371579
1.245,0,0,1.23150432
1.25,0,0,1.256637061
1.255,0,0,1.281769803
1.26,0,0,1.306902544
1.265,0,0,1.332035285
1.27,0,0,1.357168026
1.275,0,0,1.382300767
1.28,0,0,1.407433509
1.285,0,0,1.43256625
1.29,0,0,1.457698991
1.295,0,0,1.482831732
1.3,0,0,1.507964473
1.305,0,0,1.533097215
1.31,0,0,1.558229956
1.315,0,0,1.583362697
1.32,0,0,1.608495438
1.325,0,0,1.633628179
1.33,0,0,1.658760921
1.335,0,0,1.683893662
1.34,0,0,1.709026403
1.345,0,0,1.734159144
1.35,0,0,1.759291885
1.355,0,0,1.784424627
1.36,0,0,1.809557368
1.365,0,0,1.834690109
1.37,0,0,1.85982285
1.375,0,0,1.884955591
1.38,0,0,1.910088333
1.385,0,0,1.935221074
1.39,0,0,1.960353815
1.395,0,0,1.985486556
1.4,0,0,2.010619297
1.405,0,0,2.035752039
1.41,0,0,2.06088478
1.415,0,0,2.086017521
1.42,0,0,2.111150262
1.425,0,0,2.136283003
1.43,0,0,2.161415745
1.435,0,0,2.186548486
1.44,0,0,2.211681227
1.445,0,0,2.236813968
1.45,0,0,2.261946709
1.455,0,0,2.28707945
1.46,0,0,2.312212192
1.465,0,0,2.337344933
1.47,0,0,2.362477674
1.475,0,0,2.387610415
1.48,0,0,2.412743156
1.485,0,0,2.437875898
1.49,0,0,2.463008639
1.495,0,0,2.48814138
1.5,0,0,2.513274121
1.505,0,0,2.48814138
1.51,0,0,2.463008638
1.515,0,0,2.437875897
1.52,0,0,2.412743156
1.525,0,0,2.387610415
1.53,0,0,2.362477674
1.535,0,0,2.337344933
1.54,0,0,2.312212191
1.545,0,0,2.28707945
1.55,0,0,2.261946709
1.555,0,0,2.236813968
1.56,0,0,2.211681227
1.565,0,0,2.186548486
1.57,0,0,2.161415744
1.575,0,0,2.136283003
1.58,0,0,2.111150262
1.585,0,0,2.086017521
1.59,0,0,2.06088478
1.595,0,0,2.035752038
1.6,0,0,2.010619297
1.605,0,0,1.985486556
1.61,0,0,1.960353815
1.615,0,0,1.935221074
1.62,0,0,1.910088332
1.625,0,0,1.884955591
1.63,0,0,1.85982285
1.635,0,0,1.834690109
1.64,0,0,1.809557368
1.645,0,0,1.784424627
1.65,0,0,1.759291885
1.655,0,0,1.734159144
1.66,0,0,1.709026403
1.665,0,0,1.683893662
1.67,0,0,1.658760921
1.675,0,0,1.633628179
1.68,0,0,1.608495438
1.685,0,0,1.583362697
1.69,0,0,1.558229956
1.695,0,0,1.533097215
1.7,0,0,1.507964473
1.705,0,0,1.482831732
1.71,0,0,1.457698991
1.715,0,0,1.43256625
1.72,0,0,1.407433508
1.725,0,0,1.382300767
1.73,0,0,1.357168026
1.735,0,0,1.332035285
1.74,0,0,1.306902544
1.745,0,0,1.281769802
1.75,0,0,1.256637061
1.755,0,0,1.23150432
1.76,0,0,1.206371579
1.765,0,0,1.181238838
1.77,0,0,1.156106096
1.775,0,0,1.130973355
1.78,0,0,1.105840614
1.785,0,0,1.080707873
1.79,0,0,1.055575131
1.795,0,0,1.03044239
1.8,0,0,1.005309649
1.805,0,0,0.9801769078
1.81,0,0,0.9550441666
1.815,0,0,0.9299114253
1.82,0,0,0.9047786841
1.825,0,0,0.8796459429
1.83,0,0,0.8545132017
1.835,0,0,0.8293804604
1.84,0,0,0.8042477192
1.845,0,0,0.779114978
1.85,0,0,0.7539822368
1.855,0,0,0.7288494955
1.86,0,0,0.7037167543
1.865,0,0,0.6785840131
1.87,0,0,0.6534512718
1.875,0,0,0.6283185306
1.88,0,0,0.6031857894
1.885,0,0,0.5780530481
1.89,0,0,0.5529203069
1.895,0,0,0.5277875657
1.9,0,0,0.5026548245
1.905,0,0,0.4775220832
1.91,0,0,0.452389342
1.915,0,0,0.4272566008
1.92,0,0,0.4021238595
1.925,0,0,0.3769911183
1.93,0,0,0.3518583771
1.935,0,0,0.3267256358
1.94,0,0,0.3015928946
1.945,0,0,0.2764601534
1.95,0,0,0.2513274121
1.955,0,0,0.2261946709
1.96,0,0,0.2010619297
1.965,0,0,0.1759291884
1.97,0,0,0.1507964472
1.975,0,0,0.1256637059
1.98,0,0,0.1005309647
1.985,0,0,0.07539822347
1.99,0,0,0.05026548223
1.995,0,0,0.025132741
2,0,0,-3.416447711e-10
2.005,0,0,-0.05026548281
2.01,0,0,-0.1005309653
2.015,0,0,-0.1507964477
2.02,0,0,-0.2010619302
2.025,0,0,-0.2513274127
2.03,0,0,-0.3015928952
2.035,0,0,-0.3518583776
2.04,0,0,-0.4021238601
2.045,0,0,-0.4523893426
2.05,0,0,-0.502654825
2.055,0,0,-0.5529203075
2.06,0,0,-0.60318579
2.065,0,0,-0.6534512724
2.07,0,0,-0.7037167549
2.075,0,0,-0.7539822374
2.08,0,0,-0.8042477198
2.085,0,0,-0.8545132023
2.09,0,0,-0.9047786848
2.095,0,0,-0.9550441673
2.1,0,0,-1.00530965
2.105,0,0,-1.055575132
2.11,0,0,-1.105840615
2.115,0,0,-1.156106097
2.12,0,0,-1.20637158
2.125,0,0,-1.256637062
2.13,0,0,-1.306902545
2.135,0,0,-1.357168027
2.14,0,0,-1.407433509
2.145,0,0,-1.457698992
2.15,0,0,-1.507964474
2.155,0,0,-1.558229957
2.16,0,0,-1.608495439
2.165,0,0,-1.658760922
2.17,0,0,-1.709026404
2.175,0,0,-1.759291887
2.18,0,0,-1.809557369
2.185,0,0,-1.859822852
2.19,0,0,-1.910088334
2.195,0,0,-1.960353817
2.2,0,0,-2.010619299
2.205,0,0,-2.060884782
2.21,0,0,-2.111150264
2.215,0,0,-2.161415747
2.22,0,0,-2.211681229
2.225,0,0,-2.261946712
2.23,0,0,-2.312212194
2.235,0,0,-2.362477676
2.24,0,0,-2.412743159
2.245,0,0,-2.463008641
2.25,0,0,-2.513274124
2.255,0,0,-2.563539606
2.26,0,0,-2.613805089
2.265,0,0,-2.664070571
2.27,0,0,-2.714336054
2.275,0,0,-2.764601536
2.28,0,0,-2.814867019
2.285,0,0,-2.865132501
2.29,0,0,-2.915397984
2.295,0,0,-2.965663466
2.3,0,0,-3.015928949
2.305,0,0,-3.066194431
2.31,0,0,-3.116459914
2.315,0,0,-3.166725396
2.32,0,0,-3.216990879
2.325,0,0,-3.267256361
2.33,0,0,-3.317521844
2.335,0,0,-3.367787326
2.34,0,0,-3.418052809
2.345,0,0,-3.468318291
2.35,0,0,-3.518583773
2.355,0,0,-3.568849256
2.36,0,0,-3.619114738
2.365,0,0,-3.669380221
2.37,0,0,-3.719645703
2.375,0,0,-3.769911186
2.38,0,0,-3.820176668
2.385,0,0,-3.870442151
2.39,0,0,-3.920707633
2.395,0,0,-3.970973116
2.4,0,0,-4.021238598
2.405,0,0,-4.071504081
2.41,0,0,-4.121769563
2.415,0,0,-4.172035046
2.42,0,0,-4.222300528
2.425,0,0,-4.272566011
2.43,0,0,-4.322831493
2.435,0,0,-4.373096976
2.44,0,0,-4.423362458
2.445,0,0,-4.473627941
2.45,0,0,-4.523893423
2.455,0,0,-4.574158906
2.46,0,0,-4.624424388
2.465,0,0,-4.674689871
2.47,0,0,-4.724955353
2.475,0,0,-4.775220836
2.48,0,0,-4.825486318
2.485,0,0,-4.875751801
2.49,0,0,-4.926017283
2.495,0,0,-4.976282766
2.5,0,0,-5.026548248
2.505,0,0,-4.976282765
2.51,0,0,-4.926017282
2.515,0,0,-4.8757518
2.52,0,0,-4.825486317
2.525,0,0,-4.775220835
2.53,0,0,-4.724955352
2.535,0,0,-4.67468987
2.54,0,0,-4.624424387
2.545,0,0,-4.574158905
2.55,0,0,-4.523893422
2.555,0,0,-4.47362794
2.56,0,0,-4.423362457
2.565,0,0,-4.373096975
2.57,0,0,-4.322831492
2.575,0,0,-4.27256601
2.58,0,0,-4.222300527
2.585,0,0,-4.172035045
2.59,0,0,-4.121769563
2.595,0,0,-4.07150408
2.6,0,0,-4.021238598
2.605,0,0,-3.970973115
2.61,0,0,-3.920707633
2.615,0,0,-3.87044215
2.62,0,0,-3.820176668
2.625,0,0,-3.769911185
2.63,0,0,-3.719645703
2.635,0,0,-3.66938022
2.64,0,0,-3.619114738
2.645,0,0,-3.568849255
2.65,0,0,-3.518583773
2.655,0,0,-3.46831829
2.66,0,0,-3.418052808
2.665,0,0,-3.367787325
2.67,0,0,-3.317521843
2.675,0,0,-3.26725636
2.68,0,0,-3.216990878
2.685,0,0,-3.166725395
2.69,0,0,-3.116459913
2.695,0,0,-3.06619443
2.7,0,0,-3.015928948
2.705,0,0,-2.965663465
2.71,0,0,-2.915397983
2.715,0,0,-2.8651325
2.72,0,0,-2.814867018
2.725,0,0,-2.764601535
2.73,0,0,-2.714336053
2.735,0,0,-2.66407057
2.74,0,0,-2.613805088
2.745,0,0,-2.563539605
2.75,0,0,-2.513274123
2.755,0,0,-2.46300864
2.76,0,0,-2.412743158
2.765,0,0,-2.362477675
2.77,0,0,-2.312212193
2.775,0,0,-2.26194671
2.78,0,0,-2.211681228
2.785,0,0,-2.161415746
2.79,0,0,-2.111150263
2.795,0,0,-2.060884781
2.8,0,0,-2.010619298
2.805,0,0,-1.960353816
2.81,0,0,-1.910088333
2.815,0,0,-1.859822851
2.82,0,0,-1.809557368
2.825,0,0,-1.759291886
2.83,0,0,-1.709026403
2.835,0,0,-1.658760921
2.84,0,0,-1.608495438
2.845,0,0,-1.558229956
2.85,0,0,-1.507964473
2.855,0,0,-1.457698991
2.86,0,0,-1.407433508
2.865,0,0,-1.357168026
2.87,0,0,-1.306902543
2.875,0,0,-1.256637061
2.88,0,0,-1.206371578
2.885,0,0,-1.156106096
2.89,0,0,-1.105840614
2.895,0,0,-1.055575131
2.9,0,0,-1.005309649
2.905,0,0,-0.9550441661
2.91,0,0,-0.9047786836
2.915,0,0,-0.8545132012
2.92,0,0,-0.8042477187
2.925,0,0,-0.7539822362
2.93,0,0,-0.7037167538
2.935,0,0,-0.6534512713
2.94,0,0,-0.6031857888
2.945,0,0,-0.5529203064
2.95,0,0,-0.5026548239
2.955,0,0,-0.4523893414
2.96,0,0,-0.402123859
2.965,0,0,-0.3518583765
2.97,0,0,-0.301592894
2.975,0,0,-0.2513274116
2.98,0,0,-0.2010619291
2.985,0,0,-0.1507964466
2.99,0,0,-0.1005309642
2.995,0,0,-0.0502654817
3,0,0,7.62610956e-10
3.005,0,0,-0.006283184855
3.01,0,0,-0.01256637016
3.015,0,0,-0.01884955547
3.02,0,0,-0.02513274078
3.025,0,0,-0.03141592609
3.03,0,0,-0.0376991114
3.035,0,0,-0.04398229671
3.04,0,0,-0.05026548202
3.045,0,0,-0.05654866733
3.05,0,0,-0.06283185264
3.055,0,0,-0.06911503795
3.06,0,0,-0.07539822326
3.065,0,0,-0.08168140856
3.07,0,0,-0.08796459387
3.075,0,0,-0.09424777918
3.08,0,0,-0.1005309645
3.085,0,0,-0.1068141498
3.09,0,0,-0.1130973351
3.095,0,0,-0.1193805204
3.1,0,0,-0.1256637057
3.105,0,0,-0.131946891
3.11,0,0,-0.1382300763
3.115,0,0,-0.1445132617
3.12,0,0,-0.150796447
3.125,0,0,-0.1570796323
3.13,0,0,-0.1633628176
3.135,0,0,-0.1696460029
3.14,0,0,-0.1759291882
3.145,0,0,-0.1822123735
3.15,0,0,-0.1884955588
3.155,0,0,-0.1947787441
3.16,0,0,-0.2010619294
3.165,0,0,-0.2073451148
3.17,0,0,-0.2136283001
3.175,0,0,-0.2199114854
3.18,0,0,-0.2261946707
3.185,0,0,-0.232477856
3.19,0,0,-0.2387610413
3.195,0,0,-0.2450442266
3.2,0,0,-0.2513274119
3.205,0,0,-0.2576105972
3.21,0,0,-0.2638937825
3.215,0,0,-0.2701769678
3.22,0,0,-0.2764601532
3.225,0,0,-0.2827433385
3.23,0,0,-0.2890265238
3.235,0,0,-0.2953097091
3.24,0,0,-0.3015928944
3.245,0,0,-0.3078760797
3.25,0,0,-0.314159265
3.255,0,0,-0.3204424503
3.26,0,0,-0.3267256356
3.265,0,0,-0.3330088209
3.27,0,0,-0.3392920062
3.275,0,0,-0.3455751916
3.28,0,0,-0.3518583769
3.285,0,0,-0.3581415622
3.29,0,0,-0.3644247475
3.295,0,0,-0.3707079328
3.3,0,0,-0.3769911181
3.305,0,0,-0.3832743034
3.31,0,0,-0.3895574887
3.315,0,0,-0.395840674
3.32,0,0,-0.4021238593
3.325,0,0,-0.4084070446
3.33,0,0,-0.41469023
3.335,0,0,-0.4209734153
3.34,0,0,-0.4272566006
3.345,0,0,-0.4335397859
3.35,0,0,-0.4398229712
3.355,0,0,-0.4461061565
3.36,0,0,-0.4523893418
3.365,0,0,-0.4586725271
3.37,0,0,-0.4649557124
3.375,0,0,-0.4712388977
3.38,0,0,-0.4775220831
3.385,0,0,-0.4838052684
3.39,0,0,-0.4900884537
3.395,0,0,-0.496371639
3.4,0,0,-0.5026548243
3.405,0,0,-0.5089380096
3.41,0,0,-0.5152211949
3.415,0,0,-0.5215043802
3.42,0,0,-0.5277875655
3.425,0,0,-0.5340707508
3.43,0,0,-0.5403539361
3.435,0,0,-0.5466371215
3.44,0,0,-0.5529203068
3.445,0,0,-0.5592034921
3.45,0,0,-0.5654866774
3.455,0,0,-0.5717698627
3.46,0,0,-0.578053048
3.465,0,0,-0.5843362333
3.47,0,0,-0.5906194186
3.475,0,0,-0.5969026039
3.48,0,0,-0.6031857892
3.485,0,0,-0.6094689745
3.49,0,0,-0.6157521598
3.495,0,0,-0.6220353452
3.5,0,0,-0.6283185305
3.505,0,0,-0.6220353451
3.51,0,0,-0.6157521598
3.515,0,0,-0.6094689745
3.52,0,0,-0.6031857892
3.525,0,0,-0.5969026039
3.53,0,0,-0.5906194186
3.535,0,0,-0.5843362333
3.54,0,0,-0.578053048
3.545,0,0,-0.5717698627
3.55,0,0,-0.5654866774
3.555,0,0,-0.5592034921
3.56,0,0,-0.5529203068
3.565,0,0,-0.5466371215
3.57,0,0,-0.5403539362
3.575,0,0,-0.5340707509
3.58,0,0,-0.5277875655
3.585,0,0,-0.5215043802
3.59,0,0,-0.5152211949
3.595,0,0,-0.5089380096
3.6,0,0,-0.5026548243
3.605,0,0,-0.496371639
3.61,0,0,-0.4900884537
3.615,0,0,-0.4838052684
3.62,0,0,-0.4775220831
3.625,0,0,-0.4712388978
3.63,0,0,-0.4649557125
3.635,0,0,-0.4586725272
3.64,0,0,-0.4523893419
3.645,0,0,-0.4461061566
3.65,0,0,-0.4398229713
3.655,0,0,-0.4335397859
3.66,0,0,-0.4272566006
3.665,0,0,-0.4209734153
3.67,0,0,-0.41469023
3.675,0,0,-0.4084070447
3.68,0,0,-0.4021238594
3.685,0,0,-0.3958406741
3.69,0,0,-0.3895574888
3.695,0,0,-0.3832743035
3.7,0,0,-0.3769911182
3.705,0,0,-0.3707079329
3.71,0,0,-0.3644247476
3.715,0,0,-0.3581415623
3.72,0,0,-0.351858377
3.725,0,0,-0.3455751917
3.73,0,0,-0.3392920064
3.735,0,0,-0.333008821
3.74,0,0,-0.3267256357
3.745,0,0,-0.3204424504
3.75,0,0,-0.3141592651
3.755,0,0,-0.3078760798
3.76,0,0,-0.3015928945
3.765,0,0,-0.2953097092
3.77,0,0,-0.2890265239
3.775,0,0,-0.2827433386
3.78,0,0,-0.2764601533
3.785,0,0,-0.270176968
3.79,0,0,-0.2638937827
3.795,0,0,-0.2576105974
3.8,0,0,-0.2513274121
3.805,0,0,-0.2450442268
3.81,0,0,-0.2387610415
3.815,0,0,-0.2324778562
3.82,0,0,-0.2261946708
3.825,0,0,-0.2199114855
3.83,0,0,-0.2136283002
3.835,0,0,-0.2073451149
3.84,0,0,-0.2010619296
3.845,0,0,-0.1947787443
3.85,0,0,-0.188495559
3.855,0,0,-0.1822123737
3.86,0,0,-0.1759291884
3.865,0,0,-0.1696460031
3.87,0,0,-0.1633628178
3.875,0,0,-0.1570796325
3.88,0,0,-0.1507964472
3.885,0,0,-0.1445132619
3.89,0,0,-0.1382300766
3.895,0,0,-0.1319468913
3.9,0,0,-0.125663706
3.905,0,0,-0.1193805206
3.91,0,0,-0.1130973353
3.915,0,0,-0.10681415
3.92,0,0,-0.1005309647
3.925,0,0,-0.09424777943
3.93,0,0,-0.08796459412
3.935,0,0,-0.08168140882
3.94,0,0,-0.07539822351
3.945,0,0,-0.0691150382
3.95,0,0,-0.0628318529
3.955,0,0,-0.05654866759
3.96,0,0,-0.05026548229
3.965,0,0,-0.04398229698
3.97,0,0,-0.03769911168
3.975,0,0,-0.03141592637
3.98,0,0,-0.02513274106
3.985,0,0,-0.01884955576
3.99,0,0,-0.01256637045
3.995,0,0,-0.006283185147
4,0,0,1.590766159e-10
4.005,0,0,0.04398229751
4.01,0,0,0.08796459467
4.015,0,0,0.1319468918
4.02,0,0,0.175929189
4.025,0,0,0.2199114861
4.03,0,0,0.2638937833
4.035,0,0,0.3078760804
4.04,0,0,0.3518583776
4.045,0,0,0.3958406748
4.05,0,0,0.4398229719
4.055,0,0,0.4838052691
4.06,0,0,0.5277875662
4.065,0,0,0.5717698634
4.07,0,0,0.6157521605
4.075,0,0,0.6597344577
4.08,0,0,0.7037167548
4.085,0,0,0.747699052
4.09,0,0,0.7916813492
4.095,0,0,0.8356636463
4.1,0,0,0.8796459435
4.105,0,0,0.9236282406
4.11,0,0,0.9676105378
4.115,0,0,1.011592835
4.12,0,0,1.055575132
4.125,0,0,1.099557429
4.13,0,0,1.143539726
4.135,0,0,1.187522024
4.14,0,0,1.231504321
4.145,0,0,1.275486618
4.15,0,0,1.319468915
4.155,0,0,1.363451212
4.16,0,0,1.407433509
4.165,0,0,1.451415806
4.17,0,0,1.495398104
4.175,0,0,1.539380401
4.18,0,0,1.583362698
4.185,0,0,1.627344995
4.19,0,0,1.671327292
4.195,0,0,1.715309589
4.2,0,0,1.759291887
4.205,0,0,1.803274184
4.21,0,0,1.847256481
4.215,0,0,1.891238778
4.22,0,0,1.935221075
4.225,0,0,1.979203372
4.23,0,0,2.02318567
4.235,0,0,2.067167967
4.24,0,0,2.111150264
4.245,0,0,2.155132561
4.25,0,0,2.199114858
4.255,0,0,2.243097155
4.26,0,0,2.287079452
4.265,0,0,2.33106175
4.27,0,0,2.375044047
4.275,0,0,2.419026344
4.28,0,0,2.463008641
4.285,0,0,2.506990938
4.29,0,0,2.550973235
4.295,0,0,2.594955533
4.3,0,0,2.63893783
4.305,0,0,2.682920127
4.31,0,0,2.726902424
4.315,0,0,2.770884721
4.32,0,0,2.814867018
4.325,0,0,2.858849316
4.33,0,0,2.902831613
4.335,0,0,2.94681391
4.34,0,0,2.990796207
4.345,0,0,3.034778504
4.35,0,0,3.078760801
4.355,0,0,3.122743098
4.36,0,0,3.166725396
4.365,0,0,3.210707693
4.37,0,0,3.25468999
4.375,0,0,3.298672287
4.38,0,0,3.342654584
4.385,0,0,3.386636881
4.39,0,0,3.430619179
4.395,0,0,3.474601476
4.4,0,0,3.518583773
4.405,0,0,3.56256607
4.41,0,0,3.606548367
4.415,0,0,3.650530664
4.42,0,0,3.694512962
4.425,0,0,3.738495259
4.43,0,0,3.782477556
4.435,0,0,3.826459853
4.44,0,0,3.87044215
4.445,0,0,3.914424447
4.45,0,0,3.958406744
4.455,0,0,4.002389042
4.46,0,0,4.046371339
4.465,0,0,4.090353636
4.47,0,0,4.134335933
4.475,0,0,4.17831823
4.48,0,0,4.222300527
4.485,0,0,4.266282825
4.49,0,0,4.310265122
4.495,0,0,4.354247419
4.5,0,0,4.398229716
4.505,0,0,4.354247418
4.51,0,0,4.310265121
4.515,0,0,4.266282824
4.52,0,0,4.222300527
4.525,0,0,4.17831823
4.53,0,0,4.134335933
4.535,0,0,4.090353636
4.54,0,0,4.046371338
4.545,0,0,4.002389041
4.55,0,0,3.958406744
4.555,0,0,3.914424447
4.56,0,0,3.87044215
4.565,0,0,3.826459853
4.57,0,0,3.782477555
4.575,0,0,3.738495258
4.58,0,0,3.694512961
4.585,0,0,3.650530664
4.59,0,0,3.606548367
4.595,0,0,3.56256607
4.6,0,0,3.518583772
4.605,0,0,3.474601475
4.61,0,0,3.430619178
4.615,0,0,3.386636881
4.62,0,0,3.342654584
4.625,0,0,3.298672287
4.63,0,0,3.254689989
4.635,0,0,3.210707692
4.64,0,0,3.166725395
4.645,0,0,3.122743098
4.65,0,0,3.078760801
4.655,0,0,3.034778504
4.66,0,0,2.990796206
4.665,0,0,2.946813909
4.67,0,0,2.902831612
4.675,0,0,2.858849315
4.68,0,0,2.814867018
4.685,0,0,2.770884721
4.69,0,0,2.726902423
4.695,0,0,2.682920126
4.7,0,0,2.638937829
4.705,0,0,2.594955532
4.71,0,0,2.550973235
4.715,0,0,2.506990938
4.72,0,0,2.463008641
4.725,0,0,2.419026343
4.73,0,0,2.375044046
4.735,0,0,2.331061749
4.74,0,0,2.287079452
4.745,0,0,2.243097155
4.75,0,0,2.199114858
4.755,0,0,2.15513256
4.76,0,0,2.111150263
4.765,0,0,2.067167966
4.77,0,0,2.023185669
4.775,0,0,1.979203372
4.78,0,0,1.935221075
4.785,0,0,1.891238777
4.79,0,0,1.84725648
4.795,0,0,1.803274183
4.8,0,0,1.759291886
4.805,0,0,1.715309589
4.81,0,0,1.671327292
4.815,0,0,1.627344994
4.82,0,0,1.583362697
4.825,0,0,1.5393804
4.83,0,0,1.495398103
4.835,0,0,1.451415806
4.84,0,0,1.407433509
4.845,0,0,1.363451212
4.85,0,0,1.319468914
4.855,0,0,1.275486617
4.86,0,0,1.23150432
4.865,0,0,1.187522023
4.87,0,0,1.143539726
4.875,0,0,1.099557429
4.88,0,0,1.055575131
4.885,0,0,1.011592834
4.89,0,0,0.9676105371
4.895,0,0,0.92362824
4.9,0,0,0.8796459428
4.905,0,0,0.8356636457
4.91,0,0,0.7916813485
4.915,0,0,0.7476990514
4.92,0,0,0.7037167542
4.925,0,0,0.659734457
4.93,0,0,0.6157521599
4.935,0,0,0.5717698627
4.94,0,0,0.5277875656
4.945,0,0,0.4838052684
4.95,0,0,0.4398229713
4.955,0,0,0.3958406741
4.96,0,0,0.351858377
4.965,0,0,0.3078760798
4.97,0,0,0.2638937826
4.975,0,0,0.2199114855
4.98,0,0,0.1759291883
4.985,0,0,0.1319468912
4.99,0,0,0.08796459403
4.995,0,0,0.04398229687
5,0,0,-6.836083501e-11
5.005,0,0,-6.799124101e-11
5.01,0,0,-6.762349157e-11
5.015,0,0,-6.725757747e-11
5.02,0,0,-6.689348958e-11
5.025,0,0,-6.653121878e-11
5.03,0,0,-6.617075509e-11
5.035,0,0,-6.581209224e-11
5.04,0,0,-6.545521851e-11
5.045,0,0,-6.510012498e-11
5.05,0,0,-6.47468055e-11
5.055,0,0,-6.439524758e-11
5.06,0,0,-6.404544608e-11
5.065,0,0,-6.369738835e-11
5.07,0,0,-6.335107007e-11
5.075,0,0,-6.30064791e-11
5.08,0,0,-6.266360798e-11
5.085,0,0,-6.232244813e-11
5.09,0,0,-6.198298986e-11
5.095,0,0,-6.164522724e-11
5.1,0,0,-6.130915107e-11
5.105,0,0,-6.097475138e-11
5.11,0,0,-6.064202071e-11
5.115,0,0,-6.031095073e-11
5.12,0,0,-5.998153317e-11
5.125,0,0,-5.965375977e-11
5.13,0,0,-5.932762235e-11
5.135,0,0,-5.900311274e-11
5.14,0,0,-5.868022281e-11
5.145,0,0,-5.835894244e-11
5.15,0,0,-5.803926861e-11
5.155,0,0,-5.772119062e-11
5.16,0,0,-5.740469909e-11
5.165,0,0,-5.708978519e-11
5.17,0,0,-5.677644608e-11
5.175,0,0,-5.646467031e-11
5.18,0,0,-5.615445137e-11
5.185,0,0,-5.584577994e-11
5.19,0,0,-5.553864806e-11
5.195,0,0,-5.523305151e-11
5.2,0,0,-5.492897916e-11
5.205,0,0,-5.462642458e-11
5.21,0,0,-5.432538018e-11
5.215,0,0,-5.402583638e-11
5.22,0,0,-5.372779187e-11
5.225,0,0,-5.343123301e-11
5.23,0,0,-5.313615443e-11
5.235,0,0,-5.284254875e-11
5.24,0,0,-5.255040863e-11
5.245,0,0,-5.22597256e-11
5.25,0,0,-5.197049586e-11
5.255,0,0,-5.16827087e-11
5.26,0,0,-5.139635807e-11
5.265,0,0,-5.111143682e-11
5.27,0,0,-5.082793665e-11
5.275,0,0,-5.054585395e-11
5.28,0,0,-5.026517818e-11
5.285,0,0,-4.998590348e-11
5.29,0,0,-4.970802286e-11
5.295,0,0,-4.943152821e-11
5.3,0,0,-4.915641608e-11
5.305,0,0,-4.888267522e-11
5.31,0,0,-4.861030264e-11
5.315,0,0,-4.833928882e-11
5.32,0,0,-4.806962697e-11
5.325,0,0,-4.78013119e-11
5.33,0,0,-4.753433676e-11
5.335,0,0,-4.7268695e-11
5.34,0,0,-4.700437844e-11
5.345,0,0,-4.674138134e-11
5.35,0,0,-4.647969624e-11
5.355,0,0,-4.621931839e-11
5.36,0,0,-4.596024011e-11
5.365,0,0,-4.570245544e-11
5.37,0,0,-4.544595883e-11
5.375,0,0,-4.519074153e-11
5.38,0,0,-4.493679833e-11
5.385,0,0,-4.468412286e-11
5.39,0,0,-4.443270675e-11
5.395,0,0,-4.418254898e-11
5.4,0,0,-4.393363867e-11
5.405,0,0,-4.368597124e-11
5.41,0,0,-4.343954141e-11
5.415,0,0,-4.319433953e-11
5.42,0,0,-4.295036411e-11
5.425,0,0,-4.270760555e-11
5.43,0,0,-4.246605895e-11
5.435,0,0,-4.222571826e-11
5.44,0,0,-4.198657746e-11
5.445,0,0,-4.174863057e-11
5.45,0,0,-4.151187073e-11
5.455,0,0,-4.127629474e-11
5.46,0,0,-4.104189397e-11
5.465,0,0,-4.080866347e-11
5.47,0,0,-4.057659535e-11
5.475,0,0,-4.034568997e-11
5.48,0,0,-4.011593447e-11
5.485,0,0,-3.988732787e-11
5.49,0,0,-3.965986059e-11
5.495,0,0,-3.94335313e-11
5.5,0,0,-3.920833088e-11
5.505,0,0,-3.898425484e-11
5.51,0,0,-3.876129757e-11
5.515,0,0,-3.853945349e-11
5.52,0,0,-3.831871615e-11
5.525,0,0,-3.809908274e-11
5.53,0,0,-3.788054505e-11
5.535,0,0,-3.76630985e-11
5.54,0,0,-3.744673766e-11
5.545,0,0,-3.723145596e-11
5.55,0,0,-3.701725033e-11
5.555,0,0,-3.680411539e-11
5.56,0,0,-3.65920426e-11
5.565,0,0,-3.638103053e-11
5.57,0,0,-3.617107001e-11
5.575,0,0,-3.596216017e-11
5.58,0,0,-3.575429231e-11
5.585,0,0,-3.554746239e-11
5.59,0,0,-3.534166316e-11
5.595,0,0,-3.513689566e-11
5.6,0,0,-3.493314859e-11
5.605,0,0,-3.473041774e-11
5.61,0,0,-3.45287015e-11
5.615,0,0,-3.432799022e-11
5.62,0,0,-3.412828348e-11
5.625,0,0,-3.392957282e-11
5.63,0,0,-3.373185442e-11
5.635,0,0,-3.353512334e-11
5.64,0,0,-3.333937349e-11
5.645,0,0,-3.314460344e-11
5.65,0,0,-3.295080484e-11
5.655,0,0,-3.275797401e-11
5.66,0,0,-3.256610521e-11
5.665,0,0,-3.237519546e-11
5.67,0,0,-3.218523995e-11
5.675,0,0,-3.199623215e-11
5.68,0,0,-3.180816821e-11
5.685,0,0,-3.162104343e-11
5.69,0,0,-3.143485314e-11
5.695,0,0,-3.124959265e-11
5.7,0,0,-3.106525735e-11
5.705,0,0,-3.088184261e-11
5.71,0,0,-3.069934268e-11
5.715,0,0,-3.051775557e-11
5.72,0,0,-3.033707597e-11
5.725,0,0,-3.015729665e-11
5.73,0,0,-2.997841747e-11
5.735,0,0,-2.980042958e-11
5.74,0,0,-2.962333241e-11
5.745,0,0,-2.94471188e-11
5.75,0,0,-2.927178525e-11
5.755,0,0,-2.909732737e-11
5.76,0,0,-2.892373988e-11
5.765,0,0,-2.875102115e-11
5.77,0,0,-2.857916299e-11
5.775,0,0,-2.840816547e-11
5.78,0,0,-2.823802084e-11
5.785,0,0,-2.8068726e-11
5.79,0,0,-2.790027671e-11
5.795,0,0,-2.773266875e-11
5.8,0,0,-2.756589792e-11
5.805,0,0,-2.7399958e-11
5.81,0,0,-2.7234851e-11
5.815,0,0,-2.707056661e-11
5.82,0,0,-2.690710278e-11
5.825,0,0,-2.674445542e-11
5.83,0,0,-2.658262044e-11
5.835,0,0,-2.642159382e-11
5.84,0,0,-2.62613715e-11
5.845,0,0,-2.610194948e-11
5.85,0,0,-2.594332261e-11
5.855,0,0,-2.578549039e-11
5.86,0,0,-2.56284454e-11
5.865,0,0,-2.54721837e-11
5.87,0,0,-2.531670395e-11
5.875,0,0,-2.516199944e-11
5.88,0,0,-2.500807091e-11
5.885,0,0,-2.485490924e-11
5.89,0,0,-2.470251151e-11
5.895,0,0,-2.455087734e-11
5.9,0,0,-2.439999835e-11
5.905,0,0,-2.424987534e-11
5.91,0,0,-2.410050112e-11
5.915,0,0,-2.395187309e-11
5.92,0,0,-2.380398754e-11
5.925,0,0,-2.365684075e-11
5.93,0,0,-2.351042904e-11
5.935,0,0,-2.336474875e-11
5.94,0,0,-2.321979533e-11
5.945,0,0,-2.307556785e-11
5.95,0,0,-2.293206e-11
5.955,0,0,-2.278926793e-11
5.96,0,0,-2.264719152e-11
5.965,0,0,-2.250582376e-11
5.97,0,0,-2.236516136e-11
5.975,0,0,-2.22252035e-11
5.98,0,0,-2.208594396e-11
5.985,0,0,-2.194738018e-11
5.99,0,0,-2.180950751e-11
5.995,0,0,-2.167232598e-11
6,0,0,-2.153582867e-11
