#Exudyn implicit second order time integration sensor output file
#measure KinematicTree number = 1
#OutputVariableType = AngularVelocityLocal
#simulation started = 2025-08-13,19:29:49
#columns contain: time, comma separated sensor values (e.g, x,y,z position coordinates)
#number of sensor values = 3
#Exudyn version = 1.10.0; Python3.13.2; Windows AVX2 FLOAT64
#
0,0,0,0
0.01,0,0,2.083975206
0.02,0,0,2.063239175
0.03,0,0,2.04270939
0.04,0,0,2.022383965
0.05,0,0,2.002260699
0.06,0,0,1.982337754
0.07,0,0,1.962612941
0.08,0,0,1.943084514
0.09,0,0,1.923750289
0.1,0,0,1.904608545
0.11,0,0,1.885657157
0.12,0,0,1.866894457
0.13,0,0,1.848318342
0.14,0,0,1.829927167
0.15,0,0,1.811718881
0.16,0,0,1.793691884
0.17,0,0,1.775844128
0.18,0,0,1.758174115
0.19,0,0,1.740679787
0.2,0,0,1.723359648
0.21,0,0,1.706211729
0.22,0,0,1.689234559
0.23,0,0,1.672426199
0.24,0,0,1.6557852
0.25,0,0,1.639309664
0.26,0,0,1.622998183
0.27,0,0,1.606848898
0.28,0,0,1.590860402
0.29,0,0,1.575030888
0.3,0,0,1.559358998
0.31,0,0,1.543842935
0.32,0,0,1.528481364
0.33,0,0,1.513272534
0.34,0,0,1.49821516
0.35,0,0,1.483307472
0.36,0,0,1.468548266
0.37,0,0,1.453935783
0.38,0,0,1.439468822
0.39,0,0,1.425145701
0.4,0,0,1.410965196
0.41,0,0,1.396925675
0.42,0,0,1.383025985
0.43,0,0,1.369264473
0.44,0,0,1.355640013
0.45,0,0,1.342150995
0.46,0,0,1.328796318
0.47,0,0,1.315574412
0.48,0,0,1.302484174
0.49,0,0,1.289524074
0.5,0,0,1.276693049
0.51,0,0,1.263989567
0.52,0,0,1.251412625
0.53,0,0,1.238960698
0.54,0,0,1.22663279
0.55,0,0,1.214427427
0.56,0,0,1.202343634
0.57,0,0,1.19037995
0.58,0,0,1.178535438
0.59,0,0,1.166808656
0.6,0,0,1.155198685
0.61,0,0,1.143704102
0.62,0,0,1.132324027
0.63,0,0,1.121057064
0.64,0,0,1.109902326
0.65,0,0,1.098858457
0.66,0,0,1.087924607
0.67,0,0,1.077099424
0.68,0,0,1.066382083
0.69,0,0,1.055771239
0.7,0,0,1.045266125
0.71,0,0,1.034865402
0.72,0,0,1.024568301
0.73,0,0,1.014373521
0.74,0,0,1.004280318
0.75,0,0,0.9942874137
0.76,0,0,0.9843940742
0.77,0,0,0.9745990346
0.78,0,0,0.9649016075
0.79,0,0,0.9553005255
0.8,0,0,0.945795119
0.81,0,0,0.9363841546
0.82,0,0,0.9270669664
0.83,0,0,0.9178423523
0.84,0,0,0.908709661
0.85,0,0,0.8996677082
0.86,0,0,0.8907158547
0.87,0,0,0.881852942
0.88,0,0,0.8730783565
0.89,0,0,0.864390938
0.9,0,0,0.8557901003
0.91,0,0,0.8472747153
0.92,0,0,0.8388441849
0.93,0,0,0.8304974057
0.94,0,0,0.8222338214
0.95,0,0,0.8140523196
0.96,0,0,0.8059523651
0.97,0,0,0.79793287
0.98,0,0,0.7899933054
0.99,0,0,0.7821326183
1,0,0,0.7743502635
1.01,0,0,0.6200375666
1.02,0,0,0.4658016613
1.03,0,0,0.3116415349
1.04,0,0,0.1575566782
1.05,0,0,0.003546099754
1.06,0,0,-0.1503906884
1.07,0,0,-0.3042546844
1.08,0,0,-0.458046344
1.09,0,0,-0.6117666518
1.1,0,0,-0.7654160533
1.11,0,0,-0.9189955305
1.12,0,0,-1.072505504
1.13,0,0,-1.225946913
1.14,0,0,-1.379320203
1.15,0,0,-1.532626304
1.16,0,0,-1.685865605
1.17,0,0,-1.839039085
1.18,0,0,-1.992147085
1.19,0,0,-2.145190537
1.2,0,0,-2.298169823
1.21,0,0,-2.451085834
1.22,0,0,-2.603938948
1.23,0,0,-2.756730047
1.24,0,0,-2.909459492
1.25,0,0,-3.062128149
1.26,0,0,-3.214736366
1.27,0,0,-3.367285018
1.28,0,0,-3.519774421
1.29,0,0,-3.672205424
1.3,0,0,-3.824578353
1.31,0,0,-3.976894049
1.32,0,0,-4.129152825
1.33,0,0,-4.281355491
1.34,0,0,-4.433502363
1.35,0,0,-4.585594236
1.36,0,0,-4.737631426
1.37,0,0,-4.889614705
1.38,0,0,-5.041544382
1.39,0,0,-5.193421215
1.4,0,0,-5.345245503
1.41,0,0,-5.497018002
1.42,0,0,-5.648738997
1.43,0,0,-5.800409222
1.44,0,0,-5.952028966
1.45,0,0,-6.103598944
1.46,0,0,-6.255119443
1.47,0,0,-6.406591156
1.48,0,0,-6.558014377
1.49,0,0,-6.70938977
1.5,0,0,-6.860717639
1.51,0,0,-6.718783313
1.52,0,0,-6.576802395
1.53,0,0,-6.434775528
1.54,0,0,-6.292702997
1.55,0,0,-6.15058542
1.56,0,0,-6.008423091
1.57,0,0,-5.866216603
1.58,0,0,-5.723966252
1.59,0,0,-5.581672612
1.6,0,0,-5.43933598
1.61,0,0,-5.296956915
1.62,0,0,-5.154535714
1.63,0,0,-5.01207291
1.64,0,0,-4.869568811
1.65,0,0,-4.727023937
1.66,0,0,-4.584438585
1.67,0,0,-4.441813256
1.68,0,0,-4.29914826
1.69,0,0,-4.156444074
1.7,0,0,-4.013701005
1.71,0,0,-3.870919524
1.72,0,0,-3.728099927
1.73,0,0,-3.585242684
1.74,0,0,-3.442348083
1.75,0,0,-3.299416577
1.76,0,0,-3.156448459
1.77,0,0,-3.013444149
1.78,0,0,-2.870403956
1.79,0,0,-2.727328303
1.8,0,0,-2.584217468
1.81,0,0,-2.441071875
1.82,0,0,-2.297891799
1.83,0,0,-2.154677651
1.84,0,0,-2.011429704
1.85,0,0,-1.868148358
1.86,0,0,-1.7248339
1.87,0,0,-1.581486675
1.88,0,0,-1.43810698
1.89,0,0,-1.294695217
1.9,0,0,-1.151251605
1.91,0,0,-1.007776561
1.92,0,0,-0.864270302
1.93,0,0,-0.7207332166
1.94,0,0,-0.5771655461
1.95,0,0,-0.4335676637
1.96,0,0,-0.2899397975
1.97,0,0,-0.1462823097
1.98,0,0,-0.00259544713
1.99,0,0,0.1411204554
2,0,0,0.2848651643
2.01,0,0,0.4076943777
2.02,0,0,0.5305518229
2.03,0,0,0.6534371614
2.04,0,0,0.7763501721
2.05,0,0,0.8992905327
2.06,0,0,1.02225801
2.07,0,0,1.145252292
2.08,0,0,1.268273164
2.09,0,0,1.391320306
2.1,0,0,1.514393506
2.11,0,0,1.637492467
2.12,0,0,1.760616956
2.13,0,0,1.883766679
2.14,0,0,2.006941472
2.15,0,0,2.13014099
2.16,0,0,2.253365055
2.17,0,0,2.376613365
2.18,0,0,2.499885738
2.19,0,0,2.623181868
2.2,0,0,2.746501606
2.21,0,0,2.869844627
2.22,0,0,2.993210769
2.23,0,0,3.116599741
2.24,0,0,3.240011377
2.25,0,0,3.363445388
2.26,0,0,3.486901623
2.27,0,0,3.61037979
2.28,0,0,3.733879733
2.29,0,0,3.85740117
2.3,0,0,3.980943966
2.31,0,0,4.104507822
2.32,0,0,4.228092614
2.33,0,0,4.351698052
2.34,0,0,4.475324011
2.35,0,0,4.598970201
2.36,0,0,4.722636513
2.37,0,0,4.846322653
2.38,0,0,4.970028517
2.39,0,0,5.093753813
2.4,0,0,5.217498446
2.41,0,0,5.341262122
2.42,0,0,5.46504476
2.43,0,0,5.588846057
2.44,0,0,5.712665948
2.45,0,0,5.836504116
2.46,0,0,5.960360523
2.47,0,0,6.08423484
2.48,0,0,6.208127034
2.49,0,0,6.332036782
2.5,0,0,6.455964057
2.51,0,0,6.328581123
2.52,0,0,6.201215371
2.53,0,0,6.073866475
2.54,0,0,5.946534429
2.55,0,0,5.819218899
2.56,0,0,5.691919889
2.57,0,0,5.56463707
2.58,0,0,5.437370445
2.59,0,0,5.310119681
2.6,0,0,5.182884799
2.61,0,0,5.05566546
2.62,0,0,4.928461691
2.63,0,0,4.801273154
2.64,0,0,4.674099882
2.65,0,0,4.546941531
2.66,0,0,4.419798159
2.67,0,0,4.292669406
2.68,0,0,4.165555332
2.69,0,0,4.038455596
2.7,0,0,3.911370238
2.71,0,0,3.784298924
2.72,0,0,3.657241726
2.73,0,0,3.530198291
2.74,0,0,3.40316868
2.75,0,0,3.276152557
2.76,0,0,3.149150001
2.77,0,0,3.022160658
2.78,0,0,2.895184614
2.79,0,0,2.768221519
2.8,0,0,2.641271466
2.81,0,0,2.514334089
2.82,0,0,2.387409516
2.83,0,0,2.260497365
2.84,0,0,2.133597753
2.85,0,0,2.006710322
2.86,0,0,1.879835187
2.87,0,0,1.752971992
2.88,0,0,1.626120835
2.89,0,0,1.499281384
2.9,0,0,1.372453752
2.91,0,0,1.245637578
2.92,0,0,1.118833002
2.93,0,0,0.9920396553
2.94,0,0,0.8652576547
2.95,0,0,0.7384866688
2.96,0,0,0.6117268259
2.97,0,0,0.4849777653
2.98,0,0,0.3582396247
2.99,0,0,0.2315120612
3,0,0,0.1047951914
3.01,0,0,-0.0219113105
3.02,0,0,-0.1486073159
3.03,0,0,-0.2752931781
3.04,0,0,-0.4019687457
3.05,0,0,-0.5286343617
3.06,0,0,-0.6552898893
3.07,0,0,-0.7819356689
3.08,0,0,-0.9085715661
3.09,0,0,-1.03519789
3.1,0,0,-1.161814536
3.11,0,0,-1.288421802
3.12,0,0,-1.415019578
3.13,0,0,-1.541608155
3.14,0,0,-1.668187427
3.15,0,0,-1.794757704
3.16,0,0,-1.921318842
3.17,0,0,-2.047871171
3.18,0,0,-2.174414536
3.19,0,0,-2.300949267
3.2,0,0,-2.427475229
3.21,0,0,-2.553992702
3.22,0,0,-2.68050157
3.23,0,0,-2.807002154
3.24,0,0,-2.933494297
3.25,0,0,-3.059978299
3.26,0,0,-3.186454032
3.27,0,0,-3.312921798
3.28,0,0,-3.439381445
3.29,0,0,-3.565833295
3.3,0,0,-3.692277183
3.31,0,0,-3.818713425
3.32,0,0,-3.94514187
3.33,0,0,-4.071562808
3.34,0,0,-4.197976106
3.35,0,0,-4.324382056
3.36,0,0,-4.450780508
3.37,0,0,-4.57717176
3.38,0,0,-4.703555666
3.39,0,0,-4.829932514
3.4,0,0,-4.956302154
3.41,0,0,-5.082664882
3.42,0,0,-5.209020543
3.43,0,0,-5.335369429
3.44,0,0,-5.461711389
3.45,0,0,-5.58804671
3.46,0,0,-5.714375236
3.47,0,0,-5.84069726
3.48,0,0,-5.967012621
3.49,0,0,-6.093321609
3.5,0,0,-6.219624063
3.51,0,0,-6.094592869
3.52,0,0,-5.969555266
3.53,0,0,-5.844511537
3.54,0,0,-5.719461531
3.55,0,0,-5.594405535
3.56,0,0,-5.469343373
3.57,0,0,-5.344275345
3.58,0,0,-5.219201274
3.59,0,0,-5.094121447
3.6,0,0,-4.969035701
3.61,0,0,-4.843944314
3.62,0,0,-4.718847121
3.63,0,0,-4.593744406
3.64,0,0,-4.468635991
3.65,0,0,-4.343522165
3.66,0,0,-4.218402759
3.67,0,0,-4.093278048
3.68,0,0,-3.968147857
3.69,0,0,-3.843012477
3.7,0,0,-3.717871723
3.71,0,0,-3.592725877
3.72,0,0,-3.467574771
3.73,0,0,-3.342418672
3.74,0,0,-3.217257414
3.75,0,0,-3.09209126
3.76,0,0,-2.966920052
3.77,0,0,-2.841744052
3.78,0,0,-2.716563072
3.79,0,0,-2.591377433
3.8,0,0,-2.466186916
3.81,0,0,-2.340991786
3.82,0,0,-2.215791893
3.83,0,0,-2.090587494
3.84,0,0,-1.965378423
3.85,0,0,-1.84016492
3.86,0,0,-1.714946838
3.87,0,0,-1.589724432
3.88,0,0,-1.464497533
3.89,0,0,-1.339266376
3.9,0,0,-1.214030816
3.91,0,0,-1.08879111
3.92,0,0,-0.9635470795
3.93,0,0,-0.8382989707
3.94,0,0,-0.7130466186
3.95,0,0,-0.5877902882
3.96,0,0,-0.4625297927
3.97,0,0,-0.3372653979
3.98,0,0,-0.2119969203
3.99,0,0,-0.08672461298
4,0,0,0.03855169202
4.01,0,0,0.06330078158
4.02,0,0,0.08805379029
4.03,0,0,0.1128104818
4.04,0,0,0.1375710111
4.05,0,0,0.1623351436
4.06,0,0,0.1871030442
4.07,0,0,0.2118744804
4.08,0,0,0.2366495998
4.09,0,0,0.2614281888
4.1,0,0,0.2862103944
4.11,0,0,0.3109959944
4.12,0,0,0.335785147
4.13,0,0,0.3605776095
4.14,0,0,0.3853735706
4.15,0,0,0.4101727723
4.16,0,0,0.4349754035
4.17,0,0,0.4597812129
4.18,0,0,0.4845903764
4.19,0,0,0.5094026505
4.2,0,0,0.5342182325
4.21,0,0,0.5590368552
4.22,0,0,0.5838587129
4.23,0,0,0.6086835539
4.24,0,0,0.6335115717
4.25,0,0,0.6583425123
4.26,0,0,0.6831765558
4.27,0,0,0.7080134688
4.28,0,0,0.7328534329
4.29,0,0,0.7576962031
4.3,0,0,0.7825419658
4.31,0,0,0.8073904754
4.32,0,0,0.8322419254
4.33,0,0,0.8570960662
4.34,0,0,0.8819530823
4.35,0,0,0.90681274
4.36,0,0,0.931675217
4.37,0,0,0.9565402727
4.38,0,0,0.9814081106
4.39,0,0,1.006278463
4.4,0,0,1.031151547
4.41,0,0,1.056027099
4.42,0,0,1.08090532
4.43,0,0,1.105785964
4.44,0,0,1.13066923
4.45,0,0,1.155554865
4.46,0,0,1.180443068
4.47,0,0,1.20533359
4.48,0,0,1.230226645
4.49,0,0,1.255121966
4.5,0,0,1.280019756
4.51,0,0,1.254654291
4.52,0,0,1.229291265
4.53,0,0,1.203930407
4.54,0,0,1.178571941
4.55,0,0,1.153215612
4.56,0,0,1.127861605
4.57,0,0,1.102509684
4.58,0,0,1.077160074
4.59,0,0,1.051812495
4.6,0,0,1.026467178
4.61,0,0,1.001123848
4.62,0,0,0.9757827442
4.63,0,0,0.9504435765
4.64,0,0,0.9251066095
4.65,0,0,0.8997715312
4.66,0,0,0.8744386035
4.67,0,0,0.8491075376
4.68,0,0,0.8237785717
4.69,0,0,0.7984514339
4.7,0,0,0.7731263485
4.71,0,0,0.7478030562
4.72,0,0,0.7224817828
4.73,0,0,0.697162263
4.74,0,0,0.6718447268
4.75,0,0,0.6465288994
4.76,0,0,0.6212150228
4.77,0,0,0.5959028223
4.78,0,0,0.5705925384
4.79,0,0,0.5452838823
4.8,0,0,0.5199771223
4.81,0,0,0.4946719492
4.82,0,0,0.4693686288
4.83,0,0,0.4440668792
4.84,0,0,0.4187669341
4.85,0,0,0.3934685256
4.86,0,0,0.3681719011
4.87,0,0,0.3428767636
4.88,0,0,0.317583381
4.89,0,0,0.2922914597
4.9,0,0,0.2670012665
4.91,0,0,0.241712501
4.92,0,0,0.2164254166
4.93,0,0,0.1911397411
4.94,0,0,0.1658557157
4.95,0,0,0.1405730628
4.96,0,0,0.1152920397
4.97,0,0,0.09001235247
4.98,0,0,0.06473426546
4.99,0,0,0.03945749045
5,0,0,0.01418227951
5.01,0,0,0.05174020722
5.02,0,0,0.08929967549
5.03,0,0,0.1268603937
5.04,0,0,0.1644226311
5.05,0,0,0.2019860904
5.06,0,0,0.2395510367
5.07,0,0,0.2771171783
5.08,0,0,0.3146847844
5.09,0,0,0.3522535627
5.1,0,0,0.3898237708
5.11,0,0,0.4273951219
5.12,0,0,0.464967888
5.13,0,0,0.502541772
5.14,0,0,0.5401170398
5.15,0,0,0.5776934007
5.16,0,0,0.615271119
5.17,0,0,0.6528499139
5.18,0,0,0.6904300379
5.19,0,0,0.7280112116
5.2,0,0,0.7655936922
5.21,0,0,0.8031771917
5.22,0,0,0.8407619957
5.23,0,0,0.8783477941
5.24,0,0,0.9159348457
5.25,0,0,0.9535228893
5.26,0,0,0.9911121607
5.27,0,0,1.02870239
5.28,0,0,1.066293851
5.29,0,0,1.103886241
5.3,0,0,1.141479831
5.31,0,0,1.179074336
5.32,0,0,1.216670012
5.33,0,0,1.254266584
5.34,0,0,1.29186431
5.35,0,0,1.32946291
5.36,0,0,1.36706265
5.37,0,0,1.404663256
5.38,0,0,1.442264942
5.39,0,0,1.47986748
5.4,0,0,1.517471118
5.41,0,0,1.555075593
5.42,0,0,1.592681096
5.43,0,0,1.630287449
5.44,0,0,1.667894802
5.45,0,0,1.705502996
5.46,0,0,1.743112161
5.47,0,0,1.780722115
5.48,0,0,1.818333102
5.49,0,0,1.855944842
5.5,0,0,1.893557548
5.51,0,0,1.855772784
5.52,0,0,1.817988999
5.53,0,0,1.780205949
5.54,0,0,1.742423815
5.55,0,0,1.704642407
5.56,0,0,1.666861937
5.57,0,0,1.629082176
5.58,0,0,1.591303302
5.59,0,0,1.553525125
5.6,0,0,1.515747844
5.61,0,0,1.477971236
5.62,0,0,1.440195495
5.63,0,0,1.402420421
5.64,0,0,1.364646201
5.65,0,0,1.326872631
5.66,0,0,1.289099895
5.67,0,0,1.251327807
5.68,0,0,1.213556526
5.69,0,0,1.175785877
5.7,0,0,1.138016034
5.71,0,0,1.100246798
5.72,0,0,1.062478352
5.73,0,0,1.024710499
5.74,0,0,0.986943434
5.75,0,0,0.949176951
5.76,0,0,0.911411223
5.77,0,0,0.8736460779
5.78,0,0,0.8358816661
5.79,0,0,0.7981178232
5.8,0,0,0.7603547107
5.81,0,0,0.7225921458
5.82,0,0,0.6848303016
5.83,0,0,0.6470690037
5.84,0,0,0.6093083935
5.85,0,0,0.5715483134
5.86,0,0,0.5337889335
5.87,0,0,0.4960300687
5.88,0,0,0.4582718735
5.89,0,0,0.4205141858
5.9,0,0,0.3827571678
5.91,0,0,0.3450006413
5.92,0,0,0.307244761
5.93,0,0,0.2694893772
5.94,0,0,0.2317346278
5.95,0,0,0.1939803546
5.96,0,0,0.1562267029
5.97,0,0,0.118473518
5.98,0,0,0.0807209554
5.99,0,0,0.04296884082
6,0,0,0.005217332825
6.01,0,0,0.005165383542
6.02,0,0,0.005114020577
6.03,0,0,0.005063095295
6.04,0,0,0.005012757693
6.05,0,0,0.004962835031
6.06,0,0,0.004913497506
6.07,0,0,0.004864563652
6.08,0,0,0.004816201217
6.09,0,0,0.004768238849
6.1,0,0,0.004720837799
6.11,0,0,0.004673822592
6.12,0,0,0.004627356733
6.13,0,0,0.004581269831
6.14,0,0,0.004535731676
6.15,0,0,0.004490553015
6.16,0,0,0.004445916498
6.17,0,0,0.004401635981
6.18,0,0,0.00435788018
6.19,0,0,0.004314483281
6.2,0,0,0.004271589801
6.21,0,0,0.004229042983
6.22,0,0,0.004187005581
6.23,0,0,0.00414530397
6.24,0,0,0.004104091932
6.25,0,0,0.004063218553
6.26,0,0,0.004022830551
6.27,0,0,0.003982759549
6.28,0,0,0.003943171974
6.29,0,0,0.003903890268
6.3,0,0,0.003865095266
6.31,0,0,0.00382658915
6.32,0,0,0.003788558423
6.33,0,0,0.003750816851
6.34,0,0,0.003713533906
6.35,0,0,0.003676549588
6.36,0,0,0.003640002384
6.37,0,0,0.003603744991
6.38,0,0,0.003567926494
6.39,0,0,0.003532385267
6.4,0,0,0.003497279805
6.41,0,0,0.003462443129
6.42,0,0,0.00342803433
6.43,0,0,0.003393871814
6.44,0,0,0.00336015087
6.45,0,0,0.003326673637
6.46,0,0,0.00329361042
6.47,0,0,0.003260802616
6.48,0,0,0.003228391388
6.49,0,0,0.003196232631
6.5,0,0,0.003164466489
6.51,0,0,0.003132937917
6.52,0,0,0.003101805945
6.53,0,0,0.003070902877
6.54,0,0,0.003040386366
6.55,0,0,0.003010090776
6.56,0,0,0.002980184944
6.57,0,0,0.002950490751
6.58,0,0,0.002921170627
6.59,0,0,0.002892065953
6.6,0,0,0.002863328354
6.61,0,0,0.002834793448
6.62,0,0,0.002806628764
6.63,0,0,0.002778662784
6.64,0,0,0.002751050798
6.65,0,0,0.002723641075
6.66,0,0,0.002696578484
6.67,0,0,0.002669707479
6.68,0,0,0.002643179367
6.69,0,0,0.002616844731
6.7,0,0,0.002590844359
6.71,0,0,0.002565024244
6.72,0,0,0.002539542853
6.73,0,0,0.002514232434
6.74,0,0,0.002489263921
6.75,0,0,0.002464446229
6.76,0,0,0.002439968034
6.77,0,0,0.002415650115
6.78,0,0,0.002391651885
6.79,0,0,0.002367815756
6.8,0,0,0.002344297777
6.81,0,0,0.002320926385
6.82,0,0,0.002297875135
6.83,0,0,0.002274971645
6.84,0,0,0.002252370478
6.85,0,0,0.002229918804
6.86,0,0,0.002207774918
6.87,0,0,0.002185764611
6.88,0,0,0.002164053331
6.89,0,0,0.002142479957
6.9,0,0,0.002121208552
6.91,0,0,0.002100058888
6.92,0,0,0.002079207845
6.93,0,0,0.002058470043
6.94,0,0,0.00203803154
6.95,0,0,0.002017714658
6.96,0,0,0.001997671674
6.97,0,0,0.001977756125
6.98,0,0,0.001958117013
6.99,0,0,0.001938594147
7,0,0,0.001919349852
7.01,0,0,0.00190020199
7.02,0,0,0.001881336754
7.03,0,0,0.001862586073
7.04,0,0,0.001844090453
7.05,0,0,0.001825698933
7.06,0,0,0.001807573063
7.07,0,0,0.001789540966
7.08,0,0,0.00177178093
7.09,0,0,0.001754108829
7.1,0,0,0.001736694685
7.11,0,0,0.00171937365
7.12,0,0,0.001702310538
7.13,0,0,0.001685330749
7.14,0,0,0.001668603803
7.15,0,0,0.001651956317
7.16,0,0,0.001635559903
7.17,0,0,0.00161924245
7.18,0,0,0.001603173981
7.19,0,0,0.001587179701
7.2,0,0,0.001571427685
7.21,0,0,0.001555749861
7.22,0,0,0.001540314127
7.23,0,0,0.001524947228
7.24,0,0,0.001509812802
7.25,0,0,0.001494746818
7.26,0,0,0.001479920156
7.27,0,0,0.001465157269
7.28,0,0,0.001450612127
7.29,0,0,0.00143613516
7.3,0,0,0.001421888655
7.31,0,0,0.001407695041
7.32,0,0,0.001393735646
7.33,0,0,0.001379826096
7.34,0,0,0.001366136539
7.35,0,0,0.001352494866
7.36,0,0,0.001339082315
7.37,0,0,0.001325718133
7.38,0,0,0.001312569469
7.39,0,0,0.001299466522
7.4,0,0,0.001286581785
7.41,0,0,0.001273730755
7.42,0,0,0.001261104679
7.43,0,0,0.001248511776
7.44,0,0,0.001236138331
7.45,0,0,0.001223790086
7.46,0,0,0.001211653985
7.47,0,0,0.001199561406
7.48,0,0,0.001187661769
7.49,0,0,0.001175808114
7.5,0,0,0.001164143629
7.51,0,0,0.001152525513
7.52,0,0,0.001141096895
7.53,0,0,0.001129704224
7.54,0,0,0.001118498218
7.55,0,0,0.001107323167
7.56,0,0,0.001096350535
7.57,0,0,0.001085398694
7.58,0,0,0.001074645073
7.59,0,0,0.001063904892
7.6,0,0,0.001053365773
7.61,0,0,0.001042841031
7.62,0,0,0.001032507978
7.63,0,0,0.001022191242
7.64,0,0,0.001012062985
7.65,0,0,0.001001949943
7.66,0,0,0.0009920198174
7.67,0,0,0.0009821064403
7.68,0,0,0.0009723823272
7.69,0,0,0.0009626593938
7.7,0,0,0.000953122935
7.71,0,0,0.0009435997327
7.72,0,0,0.000934249696
7.73,0,0,0.0009249107347
7.74,0,0,0.0009157517462
7.75,0,0,0.0009065986644
7.76,0,0,0.0008976221351
7.77,0,0,0.0008886465664
7.78,0,0,0.000879847494
7.79,0,0,0.0008710469844
7.8,0,0,0.0008624218704
7.81,0,0,0.0008537966896
7.82,0,0,0.0008453491623
7.83,0,0,0.0008368968941
7.84,0,0,0.0008286082059
7.85,0,0,0.000820325897
7.86,0,0,0.0008122020974
7.87,0,0,0.0008040778609
7.88,0,0,0.0007961175841
7.89,0,0,0.0007881575121
7.9,0,0,0.0007803512635
7.91,0,0,0.0007725521849
7.92,0,0,0.0007649031432
7.93,0,0,0.00075725042
7.94,0,0,0.000749758213
7.95,0,0,0.0007422521731
7.96,0,0,0.0007349097838
7.97,0,0,0.0007275558864
7.98,0,0,0.0007203638067
7.99,0,0,0.0007131522392
8,0,0,0.0007060921428
8.01,0,0,0.0006990287505
8.02,0,0,0.0006921155907
8.03,0,0,0.0006851821495
8.04,0,0,0.0006784115911
8.05,0,0,0.0006716173966
8.06,0,0,0.0006649751074
8.07,0,0,0.0006583181603
8.08,0,0,0.0006518086079
8.09,0,0,0.0006452841479
8.1,0,0,0.000638904854
8.11,0,0,0.0006325056473
8.12,0,0,0.0006262541069
8.13,0,0,0.0006199778398
8.14,0,0,0.0006138483687
8.15,0,0,0.0006077056607
8.16,0,0,0.0006016994769
8.17,0,0,0.0005956693739
8.18,0,0,0.0005897797074
8.19,0,0,0.0005838690935
8.2,0,0,0.0005781048884
8.21,0,0,0.0005723113887
8.22,0,0,0.000566659715
8.23,0,0,0.0005609753955
8.24,0,0,0.0005554365071
8.25,0,0,0.0005498700068
8.26,0,0,0.0005444401376
8.27,0,0,0.0005389790809
8.28,0,0,0.0005336604789
8.29,0,0,0.0005283081664
8.3,0,0,0.0005230942082
8.31,0,0,0.0005178469078
8.32,0,0,0.0005127369521
8.33,0,0,0.0005075917097
8.34,0,0,0.0005025828679
8.35,0,0,0.0004975405759
8.36,0,0,0.0004926299233
8.37,0,0,0.0004876874978
8.38,0,0,0.0004828764867
8.39,0,0,0.0004780289173
8.4,0,0,0.0004733172219
8.41,0,0,0.0004685618879
8.42,0,0,0.0004639454596
8.43,0,0,0.0004592828365
8.44,0,0,0.0004547575687
8.45,0,0,0.0004501890996
8.46,0,0,0.000445756684
8.47,0,0,0.0004412771571
8.48,0,0,0.0004369265822
8.49,0,0,0.0004325358923
8.5,0,0,0.0004282722573
8.51,0,0,0.0004239743131
8.52,0,0,0.0004197943289
8.53,0,0,0.0004155846114
8.54,0,0,0.0004114828913
8.55,0,0,0.0004073480262
8.56,0,0,0.0004033322714
8.57,0,0,0.0003992770473
8.58,0,0,0.0003953450825
8.59,0,0,0.0003913731146
8.6,0,0,0.0003875190755
8.61,0,0,0.0003836263613
8.62,0,0,0.0003798444116
8.63,0,0,0.0003760309056
8.64,0,0,0.0003723267181
8.65,0,0,0.0003685770957
8.66,0,0,0.000364952499
8.67,0,0,0.0003612780798
8.68,0,0,0.0003577276422
8.69,0,0,0.0003541272584
8.7,0,0,0.0003506481846
8.71,0,0,0.0003471130903
8.72,0,0,0.00034370354
8.73,0,0,0.0003402416527
8.74,0,0,0.0003368988176
8.75,0,0,0.0003335011527
8.76,0,0,0.0003302314526
8.77,0,0,0.0003269077863
8.78,0,0,0.0003236951132
8.79,0,0,0.0003204238921
8.8,0,0,0.0003172826267
8.81,0,0,0.000314080214
8.82,0,0,0.0003109938826
8.83,0,0,0.0003078590856
8.84,0,0,0.0003048418206
8.85,0,0,0.0003017613218
8.86,0,0,0.0002988019352
8.87,0,0,0.0002957892761
8.88,0,0,0.0002928845407
8.89,0,0,0.0002899294522
8.9,0,0,0.0002870863466
8.91,0,0,0.000284189714
8.92,0,0,0.0002814008616
8.93,0,0,0.0002785687575
8.94,0,0,0.0002758303499
8.95,0,0,0.0002730469306
8.96,0,0,0.0002703679209
8.97,0,0,0.0002676363213
8.98,0,0,0.0002650144743
8.99,0,0,0.0002623331801
9,0,0,0.0002597725661
9.01,0,0,0.0002571401537
9.02,0,0,0.0002546290924
9.03,0,0,0.0002520461348
9.04,0,0,0.0002495828229
9.05,0,0,0.0002470583743
9.06,0,0,0.0002446382112
9.07,0,0,0.0002421630903
9.08,0,0,0.0002398022988
9.09,0,0,0.0002373729691
9.1,0,0,0.0002350548104
9.11,0,0,0.0002326760095
9.12,0,0,0.0002303941841
9.13,0,0,0.0002280623665
9.14,0,0,0.0002258356428
9.15,0,0,0.0002235437512
9.16,0,0,0.0002213665585
9.17,0,0,0.0002191238792
9.18,0,0,0.0002169795897
9.19,0,0,0.000214783096
9.2,0,0,0.0002126892599
9.21,0,0,0.0002105246706
9.22,0,0,0.0002084747484
9.23,0,0,0.0002063545409
9.24,0,0,0.0002043459911
9.25,0,0,0.0002022705678
9.26,0,0,0.0002003025197
9.27,0,0,0.0001982673901
9.28,0,0,0.0001963347228
9.29,0,0,0.0001943407027
9.3,0,0,0.0001924494454
9.31,0,0,0.000190490427
9.32,0,0,0.0001886366621
9.33,0,0,0.0001867138696
9.34,0,0,0.0001849063793
9.35,0,0,0.0001830206874
9.36,0,0,0.0001812381267
9.37,0,0,0.0001793938264
9.38,0,0,0.0001776512477
9.39,0,0,0.0001758381617
9.4,0,0,0.0001741327361
9.41,0,0,0.0001723565336
9.42,0,0,0.0001706835754
9.43,0,0,0.0001689478919
9.44,0,0,0.0001673126151
9.45,0,0,0.0001655987648
9.46,0,0,0.0001639975334
9.47,0,0,0.0001623180599
9.48,0,0,0.0001607449703
9.49,0,0,0.0001591110253
9.5,0,0,0.0001575679031
9.51,0,0,0.0001559559389
9.52,0,0,0.0001544500281
9.53,0,0,0.0001528664835
9.54,0,0,0.0001513913202
9.55,0,0,0.0001498378269
9.56,0,0,0.0001483897932
9.57,0,0,0.0001468748771
9.58,0,0,0.0001454488162
9.59,0,0,0.0001439665778
9.6,0,0,0.000142574083
9.61,0,0,0.0001411137672
9.62,0,0,0.0001397505046
9.63,0,0,0.0001383193114
9.64,0,0,0.0001369842602
9.65,0,0,0.000135582815
9.66,0,0,0.000134275636
9.67,0,0,0.0001328914301
9.68,0,0,0.0001316133831
9.69,0,0,0.0001302596621
9.7,0,0,0.0001290069405
9.71,0,0,0.000127681456
9.72,0,0,0.0001264548171
9.73,0,0,0.0001251570052
9.74,0,0,0.0001239521347
9.75,0,0,0.0001226776676
9.76,0,0,0.0001214943164
9.77,0,0,0.0001202459567
9.78,0,0,0.000119089168
9.79,0,0,0.0001178611889
9.8,0,0,0.0001167310111
9.81,0,0,0.0001155365076
9.82,0,0,0.0001144218757
9.83,0,0,0.0001132388665
9.84,0,0,0.0001121548607
9.85,0,0,0.0001109973457
9.86,0,0,0.0001099341601
9.87,0,0,0.0001088029598
9.88,0,0,0.0001077562644
9.89,0,0,0.0001066436869
9.9,0,0,0.000105623652
9.91,0,0,0.0001045278449
9.92,0,0,0.0001035344573
9.93,0,0,0.0001024651677
9.94,0,0,0.0001014862697
9.95,0,0,0.0001004325542
9.96,0,0,9.947291109e-05
9.97,0,0,9.844196364e-05
9.98,0,0,9.750893154e-05
9.99,0,0,9.649578191e-05
10,0,0,9.557192382e-05
