#Exudyn implicit second order time integration sensor output file
#measure KinematicTree number = 1
#OutputVariableType = Rotation
#simulation started = 2025-08-04,13:16:51
#columns contain: time, comma separated sensor values (e.g, x,y,z position coordinates)
#number of sensor values = 3
#Exudyn version = 1.10.0; Python3.13.2; Windows AVX2 FLOAT64
#
0,-0,0,-0
0.005,-0,0,-1.963494539e-05
0.01,-0,0,-7.853979899e-05
0.015,-0,0,-0.0001767145608
0.02,-0,0,-0.0003141592308
0.025,-0,0,-0.0004908738091
0.03,-0,0,-0.0007068582955
0.035,-0,0,-0.0009621126902
0.04,-0,0,-0.001256636993
0.045,-0,0,-0.001590431204
0.05,-0,0,-0.001963495324
0.055,-0,0,-0.002375829351
0.06,-0,0,-0.002827433287
0.065,-0,0,-0.003318307131
0.07,-0,0,-0.003848450883
0.075,-0,0,-0.004417864543
0.08,-0,0,-0.005026548112
0.085,-0,0,-0.005674501589
0.09,-0,0,-0.006361724974
0.095,-0,0,-0.007088218267
0.1,-0,0,-0.007853981468
0.105,-0,0,-0.008659014578
0.11,-0,0,-0.009503317596
0.115,-0,0,-0.01038689052
0.12,-0,0,-0.01130973336
0.125,-0,0,-0.0122718461
0.13,-0,0,-0.01327322875
0.135,-0,0,-0.01431388131
0.14,-0,0,-0.01539380378
0.145,-0,0,-0.01651299615
0.15,-0,0,-0.01767145843
0.155,-0,0,-0.01886919063
0.16,-0,0,-0.02010619273
0.165,-0,0,-0.02138246474
0.17,-0,0,-0.02269800665
0.175,-0,0,-0.02405281848
0.18,-0,0,-0.02544690021
0.185,-0,0,-0.02688025185
0.19,-0,0,-0.0283528734
0.195,-0,0,-0.02986476486
0.2,-0,0,-0.03141592622
0.205,-0,0,-0.0330063575
0.21,-0,0,-0.03463605868
0.215,-0,0,-0.03630502977
0.22,-0,0,-0.03801327077
0.225,-0,0,-0.03976078168
0.23,-0,0,-0.04154756249
0.235,-0,0,-0.04337361321
0.24,-0,0,-0.04523893385
0.245,-0,0,-0.04714352438
0.25,-0,0,-0.04908738483
0.255,-0,0,-0.05107051519
0.26,-0,0,-0.05309291545
0.265,-0,0,-0.05515458563
0.27,-0,0,-0.05725552571
0.275,-0,0,-0.0593957357
0.28,-0,0,-0.06157521559
0.285,-0,0,-0.0637939654
0.29,-0,0,-0.06605198511
0.295,-0,0,-0.06834927473
0.3,-0,0,-0.07068583426
0.305,-0,0,-0.0730616637
0.31,-0,0,-0.07547676305
0.315,-0,0,-0.0779311323
0.32,-0,0,-0.08042477147
0.325,-0,0,-0.08295768054
0.33,-0,0,-0.08552985952
0.335,-0,0,-0.08814130841
0.34,-0,0,-0.0907920272
0.345,-0,0,-0.09348201591
0.35,-0,0,-0.09621127452
0.355,-0,0,-0.09897980304
0.36,-0,0,-0.1017876015
0.365,-0,0,-0.1046346698
0.37,-0,0,-0.107521008
0.375,-0,0,-0.1104466162
0.38,-0,0,-0.1134114943
0.385,-0,0,-0.1164156422
0.39,-0,0,-0.1194590601
0.395,-0,0,-0.1225417479
0.4,-0,0,-0.1256637056
0.405,-0,0,-0.1288249332
0.41,-0,0,-0.1320254307
0.415,-0,0,-0.1352651981
0.42,-0,0,-0.1385442355
0.425,-0,0,-0.1418625427
0.43,-0,0,-0.1452201198
0.435,-0,0,-0.1486169669
0.44,-0,0,-0.1520530838
0.445,-0,0,-0.1555284707
0.45,-0,0,-0.1590431275
0.455,-0,0,-0.1625970542
0.46,-0,0,-0.1661902508
0.465,-0,0,-0.1698227173
0.47,-0,0,-0.1734944537
0.475,-0,0,-0.17720546
0.48,-0,0,-0.1809557362
0.485,-0,0,-0.1847452824
0.49,-0,0,-0.1885740984
0.495,-0,0,-0.1924421844
0.5,-0,0,-0.1963495402
0.505,-0,0,-0.200296166
0.51,-0,0,-0.2042820617
0.515,-0,0,-0.2083072272
0.52,-0,0,-0.2123716627
0.525,-0,0,-0.2164753681
0.53,-0,0,-0.2206183434
0.535,-0,0,-0.2248005887
0.54,-0,0,-0.2290221038
0.545,-0,0,-0.2332828888
0.55,-0,0,-0.2375829438
0.555,-0,0,-0.2419222686
0.56,-0,0,-0.2463008634
0.565,-0,0,-0.250718728
0.57,-0,0,-0.2551758626
0.575,-0,0,-0.2596722671
0.58,-0,0,-0.2642079415
0.585,-0,0,-0.2687828858
0.59,-0,0,-0.2733971
0.595,-0,0,-0.2780505841
0.6,-0,0,-0.2827433381
0.605,-0,0,-0.2874753621
0.61,-0,0,-0.2922466559
0.615,-0,0,-0.2970572196
0.62,-0,0,-0.3019070533
0.625,-0,0,-0.3067961569
0.63,-0,0,-0.3117245303
0.635,-0,0,-0.3166921737
0.64,-0,0,-0.321699087
0.645,-0,0,-0.3267452702
0.65,-0,0,-0.3318307233
0.655,-0,0,-0.3369554463
0.66,-0,0,-0.3421194392
0.665,-0,0,-0.3473227021
0.67,-0,0,-0.3525652348
0.675,-0,0,-0.3578470375
0.68,-0,0,-0.36316811
0.685,-0,0,-0.3685284525
0.69,-0,0,-0.3739280649
0.695,-0,0,-0.3793669471
0.7,-0,0,-0.3848450993
0.705,-0,0,-0.3903625214
0.71,-0,0,-0.3959192134
0.715,-0,0,-0.4015151753
0.72,-0,0,-0.4071504072
0.725,-0,0,-0.4128249089
0.73,-0,0,-0.4185386805
0.735,-0,0,-0.4242917221
0.74,-0,0,-0.4300840335
0.745,-0,0,-0.4359156149
0.75,-0,0,-0.4417864662
0.755,-0,0,-0.4476965873
0.76,-0,0,-0.4536459784
0.765,-0,0,-0.4596346394
0.77,-0,0,-0.4656625703
0.775,-0,0,-0.4717297711
0.78,-0,0,-0.4778362419
0.785,-0,0,-0.4839819825
0.79,-0,0,-0.490166993
0.795,-0,0,-0.4963912735
0.8,-0,0,-0.5026548238
0.805,-0,0,-0.5089576441
0.81,-0,0,-0.5152997342
0.815,-0,0,-0.5216810943
0.82,-0,0,-0.5281017243
0.825,-0,0,-0.5345616242
0.83,-0,0,-0.541060794
0.835,-0,0,-0.5475992337
0.84,-0,0,-0.5541769433
0.845,-0,0,-0.5607939229
0.85,-0,0,-0.5674501723
0.855,-0,0,-0.5741456916
0.86,-0,0,-0.5808804809
0.865,-0,0,-0.58765454
0.87,-0,0,-0.5944678691
0.875,-0,0,-0.6013204681
0.88,-0,0,-0.608212337
0.885,-0,0,-0.6151434758
0.89,-0,0,-0.6221138845
0.895,-0,0,-0.6291235631
0.9,-0,0,-0.6361725116
0.905,-0,0,-0.64326073
0.91,-0,0,-0.6503882184
0.915,-0,0,-0.6575549766
0.92,-0,0,-0.6647610048
0.925,-0,0,-0.6720063028
0.93,-0,0,-0.6792908708
0.935,-0,0,-0.6866147087
0.94,-0,0,-0.6939778164
0.945,-0,0,-0.7013801941
0.95,-0,0,-0.7088218417
0.955,-0,0,-0.7163027592
0.96,-0,0,-0.7238229467
0.965,-0,0,-0.731382404
0.97,-0,0,-0.7389811312
0.975,-0,0,-0.7466191284
0.98,-0,0,-0.7542963954
0.985,-0,0,-0.7620129324
0.99,-0,0,-0.7697687392
0.995,-0,0,-0.777563816
1,-0,0,-0.7853981627
1.005,-0,0,-0.7932325094
1.01,-0,0,-0.8010275861
1.015,-0,0,-0.808783393
1.02,-0,0,-0.81649993
1.025,-0,0,-0.824177197
1.03,-0,0,-0.8318151942
1.035,-0,0,-0.8394139214
1.04,-0,0,-0.8469733787
1.045,-0,0,-0.8544935661
1.05,-0,0,-0.8619744836
1.055,-0,0,-0.8694161312
1.06,-0,0,-0.8768185089
1.065,-0,0,-0.8841816167
1.07,-0,0,-0.8915054546
1.075,-0,0,-0.8987900226
1.08,-0,0,-0.9060353206
1.085,-0,0,-0.9132413488
1.09,-0,0,-0.920408107
1.095,-0,0,-0.9275355954
1.1,-0,0,-0.9346238138
1.105,-0,0,-0.9416727623
1.11,-0,0,-0.9486824409
1.115,-0,0,-0.9556528496
1.12,-0,0,-0.9625839884
1.125,-0,0,-0.9694758573
1.13,-0,0,-0.9763284563
1.135,-0,0,-0.9831417854
1.14,-0,0,-0.9899158445
1.145,-0,0,-0.9966506338
1.15,-0,0,-1.003346153
1.155,-0,0,-1.010002403
1.16,-0,0,-1.016619382
1.165,-0,0,-1.023197092
1.17,-0,0,-1.029735531
1.175,-0,0,-1.036234701
1.18,-0,0,-1.042694601
1.185,-0,0,-1.049115231
1.19,-0,0,-1.055496591
1.195,-0,0,-1.061838681
1.2,-0,0,-1.068141502
1.205,-0,0,-1.074405052
1.21,-0,0,-1.080629332
1.215,-0,0,-1.086814343
1.22,-0,0,-1.092960084
1.225,-0,0,-1.099066554
1.23,-0,0,-1.105133755
1.235,-0,0,-1.111161686
1.24,-0,0,-1.117150347
1.245,-0,0,-1.123099738
1.25,-0,0,-1.129009859
1.255,-0,0,-1.134880711
1.26,-0,0,-1.140712292
1.265,-0,0,-1.146504603
1.27,-0,0,-1.152257645
1.275,-0,0,-1.157971417
1.28,-0,0,-1.163645918
1.285,-0,0,-1.16928115
1.29,-0,0,-1.174877112
1.295,-0,0,-1.180433804
1.3,-0,0,-1.185951226
1.305,-0,0,-1.191429378
1.31,-0,0,-1.196868261
1.315,-0,0,-1.202267873
1.32,-0,0,-1.207628216
1.325,-0,0,-1.212949288
1.33,-0,0,-1.218231091
1.335,-0,0,-1.223473624
1.34,-0,0,-1.228676886
1.345,-0,0,-1.233840879
1.35,-0,0,-1.238965602
1.355,-0,0,-1.244051055
1.36,-0,0,-1.249097239
1.365,-0,0,-1.254104152
1.37,-0,0,-1.259071795
1.375,-0,0,-1.264000169
1.38,-0,0,-1.268889272
1.385,-0,0,-1.273739106
1.39,-0,0,-1.27854967
1.395,-0,0,-1.283320964
1.4,-0,0,-1.288052988
1.405,-0,0,-1.292745742
1.41,-0,0,-1.297399226
1.415,-0,0,-1.30201344
1.42,-0,0,-1.306588384
1.425,-0,0,-1.311124059
1.43,-0,0,-1.315620463
1.435,-0,0,-1.320077598
1.44,-0,0,-1.324495462
1.445,-0,0,-1.328874057
1.45,-0,0,-1.333213382
1.455,-0,0,-1.337513437
1.46,-0,0,-1.341774222
1.465,-0,0,-1.345995737
1.47,-0,0,-1.350177982
1.475,-0,0,-1.354320958
1.48,-0,0,-1.358424663
1.485,-0,0,-1.362489099
1.49,-0,0,-1.366514264
1.495,-0,0,-1.37050016
1.5,-0,0,-1.374446786
1.505,-0,0,-1.378354142
1.51,-0,0,-1.382222228
1.515,-0,0,-1.386051044
1.52,-0,0,-1.38984059
1.525,-0,0,-1.393590866
1.53,-0,0,-1.397301872
1.535,-0,0,-1.400973609
1.54,-0,0,-1.404606075
1.545,-0,0,-1.408199272
1.55,-0,0,-1.411753199
1.555,-0,0,-1.415267855
1.56,-0,0,-1.418743242
1.565,-0,0,-1.422179359
1.57,-0,0,-1.425576206
1.575,-0,0,-1.428933783
1.58,-0,0,-1.432252091
1.585,-0,0,-1.435531128
1.59,-0,0,-1.438770895
1.595,-0,0,-1.441971393
1.6,-0,0,-1.445132621
1.605,-0,0,-1.448254578
1.61,-0,0,-1.451337266
1.615,-0,0,-1.454380684
1.62,-0,0,-1.457384832
1.625,-0,0,-1.46034971
1.63,-0,0,-1.463275318
1.635,-0,0,-1.466161656
1.64,-0,0,-1.469008725
1.645,-0,0,-1.471816523
1.65,-0,0,-1.474585052
1.655,-0,0,-1.47731431
1.66,-0,0,-1.480004299
1.665,-0,0,-1.482655018
1.67,-0,0,-1.485266467
1.675,-0,0,-1.487838646
1.68,-0,0,-1.490371555
1.685,-0,0,-1.492865194
1.69,-0,0,-1.495319563
1.695,-0,0,-1.497734663
1.7,-0,0,-1.500110492
1.705,-0,0,-1.502447052
1.71,-0,0,-1.504744341
1.715,-0,0,-1.507002361
1.72,-0,0,-1.509221111
1.725,-0,0,-1.511400591
1.73,-0,0,-1.513540801
1.735,-0,0,-1.515641741
1.74,-0,0,-1.517703411
1.745,-0,0,-1.519725811
1.75,-0,0,-1.521708942
1.755,-0,0,-1.523652802
1.76,-0,0,-1.525557393
1.765,-0,0,-1.527422713
1.77,-0,0,-1.529248764
1.775,-0,0,-1.531035545
1.78,-0,0,-1.532783056
1.785,-0,0,-1.534491297
1.79,-0,0,-1.536160268
1.795,-0,0,-1.537789969
1.8,-0,0,-1.5393804
1.805,-0,0,-1.540931562
1.81,-0,0,-1.542443453
1.815,-0,0,-1.543916075
1.82,-0,0,-1.545349426
1.825,-0,0,-1.546743508
1.83,-0,0,-1.54809832
1.835,-0,0,-1.549413862
1.84,-0,0,-1.550690134
1.845,-0,0,-1.551927136
1.85,-0,0,-1.553124868
1.855,-0,0,-1.554283331
1.86,-0,0,-1.555402523
1.865,-0,0,-1.556482445
1.87,-0,0,-1.557523098
1.875,-0,0,-1.558524481
1.88,-0,0,-1.559486593
1.885,-0,0,-1.560409436
1.89,-0,0,-1.561293009
1.895,-0,0,-1.562137312
1.9,-0,0,-1.562942345
1.905,-0,0,-1.563708109
1.91,-0,0,-1.564434602
1.915,-0,0,-1.565121825
1.92,-0,0,-1.565769779
1.925,-0,0,-1.566378462
1.93,-0,0,-1.566947876
1.935,-0,0,-1.56747802
1.94,-0,0,-1.567968894
1.945,-0,0,-1.568420498
1.95,-0,0,-1.568832832
1.955,-0,0,-1.569205896
1.96,-0,0,-1.56953969
1.965,-0,0,-1.569834214
1.97,-0,0,-1.570089469
1.975,-0,0,-1.570305453
1.98,-0,0,-1.570482168
1.985,-0,0,-1.570619613
1.99,-0,0,-1.570717787
1.995,-0,0,-1.570776692
2,-0,0,-1.570796327
2.005,-0,0,-1.570768838
2.01,-0,0,-1.570686371
2.015,-0,0,-1.570548927
2.02,-0,0,-1.570356504
2.025,-0,0,-1.570109104
2.03,-0,0,-1.569806725
2.035,-0,0,-1.569449369
2.04,-0,0,-1.569037035
2.045,-0,0,-1.568569723
2.05,-0,0,-1.568047434
2.055,-0,0,-1.567470166
2.06,-0,0,-1.56683792
2.065,-0,0,-1.566150697
2.07,-0,0,-1.565408496
2.075,-0,0,-1.564611317
2.08,-0,0,-1.56375916
2.085,-0,0,-1.562852025
2.09,-0,0,-1.561889912
2.095,-0,0,-1.560872821
2.1,-0,0,-1.559800753
2.105,-0,0,-1.558673707
2.11,-0,0,-1.557491682
2.115,-0,0,-1.55625468
2.12,-0,0,-1.5549627
2.125,-0,0,-1.553615742
2.13,-0,0,-1.552213807
2.135,-0,0,-1.550756893
2.14,-0,0,-1.549245002
2.145,-0,0,-1.547678132
2.15,-0,0,-1.546056285
2.155,-0,0,-1.54437946
2.16,-0,0,-1.542647657
2.165,-0,0,-1.540860876
2.17,-0,0,-1.539019118
2.175,-0,0,-1.537122381
2.18,-0,0,-1.535170667
2.185,-0,0,-1.533163974
2.19,-0,0,-1.531102304
2.195,-0,0,-1.528985656
2.2,-0,0,-1.52681403
2.205,-0,0,-1.524587426
2.21,-0,0,-1.522305845
2.215,-0,0,-1.519969285
2.22,-0,0,-1.517577748
2.225,-0,0,-1.515131232
2.23,-0,0,-1.512629739
2.235,-0,0,-1.510073268
2.24,-0,0,-1.507461819
2.245,-0,0,-1.504795393
2.25,-0,0,-1.502073988
2.255,-0,0,-1.499297606
2.26,-0,0,-1.496466245
2.265,-0,0,-1.493579907
2.27,-0,0,-1.490638591
2.275,-0,0,-1.487642297
2.28,-0,0,-1.484591025
2.285,-0,0,-1.481484775
2.29,-0,0,-1.478323548
2.295,-0,0,-1.475107342
2.3,-0,0,-1.471836159
2.305,-0,0,-1.468509998
2.31,-0,0,-1.465128858
2.315,-0,0,-1.461692742
2.32,-0,0,-1.458201647
2.325,-0,0,-1.454655574
2.33,-0,0,-1.451054523
2.335,-0,0,-1.447398495
2.34,-0,0,-1.443687489
2.345,-0,0,-1.439921504
2.35,-0,0,-1.436100542
2.355,-0,0,-1.432224602
2.36,-0,0,-1.428293685
2.365,-0,0,-1.424307789
2.37,-0,0,-1.420266915
2.375,-0,0,-1.416171064
2.38,-0,0,-1.412020235
2.385,-0,0,-1.407814428
2.39,-0,0,-1.403553643
2.395,-0,0,-1.39923788
2.4,-0,0,-1.394867139
2.405,-0,0,-1.39044142
2.41,-0,0,-1.385960724
2.415,-0,0,-1.381425049
2.42,-0,0,-1.376834397
2.425,-0,0,-1.372188767
2.43,-0,0,-1.367488159
2.435,-0,0,-1.362732573
2.44,-0,0,-1.357922009
2.445,-0,0,-1.353056468
2.45,-0,0,-1.348135948
2.455,-0,0,-1.343160451
2.46,-0,0,-1.338129976
2.465,-0,0,-1.333044522
2.47,-0,0,-1.327904091
2.475,-0,0,-1.322708683
2.48,-0,0,-1.317458296
2.485,-0,0,-1.312152931
2.49,-0,0,-1.306792589
2.495,-0,0,-1.301377268
2.5,-0,0,-1.29590697
2.505,-0,0,-1.290381694
2.51,-0,0,-1.28480144
2.515,-0,0,-1.279166208
2.52,-0,0,-1.273475999
2.525,-0,0,-1.267730811
2.53,-0,0,-1.261930646
2.535,-0,0,-1.256075502
2.54,-0,0,-1.250165381
2.545,-0,0,-1.244200282
2.55,-0,0,-1.238180205
2.555,-0,0,-1.23210515
2.56,-0,0,-1.225975118
2.565,-0,0,-1.219790107
2.57,-0,0,-1.213550119
2.575,-0,0,-1.207255153
2.58,-0,0,-1.200905208
2.585,-0,0,-1.194500286
2.59,-0,0,-1.188040387
2.595,-0,0,-1.181525509
2.6,-0,0,-1.174955653
2.605,-0,0,-1.16833082
2.61,-0,0,-1.161651008
2.615,-0,0,-1.154916219
2.62,-0,0,-1.148126452
2.625,-0,0,-1.141281707
2.63,-0,0,-1.134381984
2.635,-0,0,-1.127427283
2.64,-0,0,-1.120417605
2.645,-0,0,-1.113352948
2.65,-0,0,-1.106233314
2.655,-0,0,-1.099058702
2.66,-0,0,-1.091829112
2.665,-0,0,-1.084544544
2.67,-0,0,-1.077204998
2.675,-0,0,-1.069810474
2.68,-0,0,-1.062360972
2.685,-0,0,-1.054856493
2.69,-0,0,-1.047297036
2.695,-0,0,-1.0396826
2.7,-0,0,-1.032013187
2.705,-0,0,-1.024288796
2.71,-0,0,-1.016509428
2.715,-0,0,-1.008675081
2.72,-0,0,-1.000785756
2.725,-0,0,-0.992841454
2.73,-0,0,-0.9848421737
2.735,-0,0,-0.9767879155
2.74,-0,0,-0.9686786795
2.745,-0,0,-0.9605144656
2.75,-0,0,-0.9522952738
2.755,-0,0,-0.9440211042
2.76,-0,0,-0.9356919566
2.765,-0,0,-0.9273078312
2.77,-0,0,-0.918868728
2.775,-0,0,-0.9103746468
2.78,-0,0,-0.9018255878
2.785,-0,0,-0.8932215509
2.79,-0,0,-0.8845625362
2.795,-0,0,-0.8758485436
2.8,-0,0,-0.8670795731
2.805,-0,0,-0.8582556247
2.81,-0,0,-0.8493766985
2.815,-0,0,-0.8404427943
2.82,-0,0,-0.8314539124
2.825,-0,0,-0.8224100525
2.83,-0,0,-0.8133112148
2.835,-0,0,-0.8041573992
2.84,-0,0,-0.7949486057
2.845,-0,0,-0.7856848344
2.85,-0,0,-0.7763660852
2.855,-0,0,-0.7669923581
2.86,-0,0,-0.7575636531
2.865,-0,0,-0.7480799703
2.87,-0,0,-0.7385413096
2.875,-0,0,-0.728947671
2.88,-0,0,-0.7192990546
2.885,-0,0,-0.7095954603
2.89,-0,0,-0.6998368881
2.895,-0,0,-0.690023338
2.9,-0,0,-0.6801548101
2.905,-0,0,-0.6702313043
2.91,-0,0,-0.6602528206
2.915,-0,0,-0.6502193591
2.92,-0,0,-0.6401309197
2.925,-0,0,-0.6299875024
2.93,-0,0,-0.6197891073
2.935,-0,0,-0.6095357342
2.94,-0,0,-0.5992273833
2.945,-0,0,-0.5888640546
2.95,-0,0,-0.5784457479
2.955,-0,0,-0.5679724634
2.96,-0,0,-0.557444201
2.965,-0,0,-0.5468609608
2.97,-0,0,-0.5362227426
2.975,-0,0,-0.5255295466
2.98,-0,0,-0.5147813728
2.985,-0,0,-0.503978221
2.99,-0,0,-0.4931200914
2.995,-0,0,-0.4822069839
3,-0,0,-0.4712388986
3.005,-0,0,-0.4602708132
3.01,-0,0,-0.4493577057
3.015,-0,0,-0.4384995761
3.02,-0,0,-0.4276964244
3.025,-0,0,-0.4169482505
3.03,-0,0,-0.4062550545
3.035,-0,0,-0.3956168364
3.04,-0,0,-0.3850335961
3.045,-0,0,-0.3745053337
3.05,-0,0,-0.3640320492
3.055,-0,0,-0.3536137426
3.06,-0,0,-0.3432504138
3.065,-0,0,-0.3329420629
3.07,-0,0,-0.3226886899
3.075,-0,0,-0.3124902947
3.08,-0,0,-0.3023468774
3.085,-0,0,-0.292258438
3.09,-0,0,-0.2822249765
3.095,-0,0,-0.2722464928
3.1,-0,0,-0.262322987
3.105,-0,0,-0.2524544591
3.11,-0,0,-0.242640909
3.115,-0,0,-0.2328823368
3.12,-0,0,-0.2231787425
3.125,-0,0,-0.213530126
3.13,-0,0,-0.2039364875
3.135,-0,0,-0.1943978268
3.14,-0,0,-0.1849141439
3.145,-0,0,-0.175485439
3.15,-0,0,-0.1661117119
3.155,-0,0,-0.1567929627
3.16,-0,0,-0.1475291913
3.165,-0,0,-0.1383203979
3.17,-0,0,-0.1291665823
3.175,-0,0,-0.1200677445
3.18,-0,0,-0.1110238847
3.185,-0,0,-0.1020350027
3.19,-0,0,-0.09310109857
3.195,-0,0,-0.08422217232
3.2,-0,0,-0.07539822395
3.205,-0,0,-0.06662925344
3.21,-0,0,-0.05791526081
3.215,-0,0,-0.04925624605
3.22,-0,0,-0.04065220917
3.225,-0,0,-0.03210315015
3.23,-0,0,-0.023609069
3.235,-0,0,-0.01516996573
3.24,-0,0,-0.006785840326
3.245,-0,0,0.001543307206
3.25,-0,0,0.009817476865
3.255,-0,0,0.01803666865
3.26,-0,0,0.02620088257
3.265,-0,0,0.03431011862
3.27,-0,0,0.04236437679
3.275,-0,0,0.05036365709
3.28,-0,0,0.05830795953
3.285,-0,0,0.06619728409
3.29,-0,0,0.07403163077
3.295,-0,0,0.08181099959
3.3,-0,0,0.08953539054
3.305,-0,0,0.09720480361
3.31,-0,0,0.1048192388
3.315,-0,0,0.1123786961
3.32,-0,0,0.1198831756
3.325,-0,0,0.1273326772
3.33,-0,0,0.1347272009
3.335,-0,0,0.1420667468
3.34,-0,0,0.1493513147
3.345,-0,0,0.1565809048
3.35,-0,0,0.1637555171
3.355,-0,0,0.1708751514
3.36,-0,0,0.1779398079
3.365,-0,0,0.1849494865
3.37,-0,0,0.1919041873
3.375,-0,0,0.1988039102
3.38,-0,0,0.2056486552
3.385,-0,0,0.2124384223
3.39,-0,0,0.2191732116
3.395,-0,0,0.2258530229
3.4,-0,0,0.2324778565
3.405,-0,0,0.2390477121
3.41,-0,0,0.2455625899
3.415,-0,0,0.2520224898
3.42,-0,0,0.2584274118
3.425,-0,0,0.264777356
3.43,-0,0,0.2710723223
3.435,-0,0,0.2773123107
3.44,-0,0,0.2834973212
3.445,-0,0,0.2896273539
3.45,-0,0,0.2957024087
3.455,-0,0,0.3017224856
3.46,-0,0,0.3076875847
3.465,-0,0,0.3135977059
3.47,-0,0,0.3194528492
3.475,-0,0,0.3252530147
3.48,-0,0,0.3309982022
3.485,-0,0,0.3366884119
3.49,-0,0,0.3423236438
3.495,-0,0,0.3479038977
3.5,-0,0,0.3534291738
3.505,-0,0,0.358899472
3.51,-0,0,0.3643147924
3.515,-0,0,0.3696751349
3.52,-0,0,0.3749804995
3.525,-0,0,0.3802308862
3.53,-0,0,0.3854262951
3.535,-0,0,0.390566726
3.54,-0,0,0.3956521792
3.545,-0,0,0.4006826544
3.55,-0,0,0.4056581518
3.555,-0,0,0.4105786713
3.56,-0,0,0.4154442129
3.565,-0,0,0.4202547767
3.57,-0,0,0.4250103626
3.575,-0,0,0.4297109706
3.58,-0,0,0.4343566007
3.585,-0,0,0.438947253
3.59,-0,0,0.4434829274
3.595,-0,0,0.4479636239
3.6,-0,0,0.4523893426
3.605,-0,0,0.4567600834
3.61,-0,0,0.4610758463
3.615,-0,0,0.4653366314
3.62,-0,0,0.4695424385
3.625,-0,0,0.4736932678
3.63,-0,0,0.4777891193
3.635,-0,0,0.4818299928
3.64,-0,0,0.4858158885
3.645,-0,0,0.4897468063
3.65,-0,0,0.4936227463
3.655,-0,0,0.4974437084
3.66,-0,0,0.5012096926
3.665,-0,0,0.5049206989
3.67,-0,0,0.5085767274
3.675,-0,0,0.5121777779
3.68,-0,0,0.5157238507
3.685,-0,0,0.5192149455
3.69,-0,0,0.5226510625
3.695,-0,0,0.5260322016
3.7,-0,0,0.5293583628
3.705,-0,0,0.5326295462
3.71,-0,0,0.5358457517
3.715,-0,0,0.5390069793
3.72,-0,0,0.542113229
3.725,-0,0,0.5451645009
3.73,-0,0,0.5481607949
3.735,-0,0,0.551102111
3.74,-0,0,0.5539884493
3.745,-0,0,0.5568198097
3.75,-0,0,0.5595961922
3.755,-0,0,0.5623175968
3.76,-0,0,0.5649840236
3.765,-0,0,0.5675954725
3.77,-0,0,0.5701519435
3.775,-0,0,0.5726534367
3.78,-0,0,0.575099952
3.785,-0,0,0.5774914894
3.79,-0,0,0.579828049
3.795,-0,0,0.5821096306
3.8,-0,0,0.5843362344
3.805,-0,0,0.5865078604
3.81,-0,0,0.5886245084
3.815,-0,0,0.5906861786
3.82,-0,0,0.5926928709
3.825,-0,0,0.5946445854
3.83,-0,0,0.5965413219
3.835,-0,0,0.5983830807
3.84,-0,0,0.6001698615
3.845,-0,0,0.6019016644
3.85,-0,0,0.6035784895
3.855,-0,0,0.6052003367
3.86,-0,0,0.6067672061
3.865,-0,0,0.6082790976
3.87,-0,0,0.6097360112
3.875,-0,0,0.6111379469
3.88,-0,0,0.6124849048
3.885,-0,0,0.6137768847
3.89,-0,0,0.6150138869
3.895,-0,0,0.6161959111
3.9,-0,0,0.6173229575
3.905,-0,0,0.618395026
3.91,-0,0,0.6194121166
3.915,-0,0,0.6203742294
3.92,-0,0,0.6212813642
3.925,-0,0,0.6221335213
3.93,-0,0,0.6229307004
3.935,-0,0,0.6236729017
3.94,-0,0,0.6243601251
3.945,-0,0,0.6249923706
3.95,-0,0,0.6255696383
3.955,-0,0,0.6260919281
3.96,-0,0,0.62655924
3.965,-0,0,0.626971574
3.97,-0,0,0.6273289302
3.975,-0,0,0.6276313085
3.98,-0,0,0.6278787089
3.985,-0,0,0.6280711315
3.99,-0,0,0.6282085762
3.995,-0,0,0.628291043
4,-0,0,0.6283185319
4.005,-0,0,0.6283303129
4.01,-0,0,0.6283656558
4.015,-0,0,0.6284245607
4.02,-0,0,0.6285070275
4.025,-0,0,0.6286130563
4.03,-0,0,0.628742647
4.035,-0,0,0.6288957996
4.04,-0,0,0.6290725142
4.045,-0,0,0.6292727907
4.05,-0,0,0.6294966292
4.055,-0,0,0.6297440297
4.06,-0,0,0.630014992
4.065,-0,0,0.6303095163
4.07,-0,0,0.6306276026
4.075,-0,0,0.6309692508
4.08,-0,0,0.631334461
4.085,-0,0,0.6317232331
4.09,-0,0,0.6321355671
4.095,-0,0,0.6325714631
4.1,-0,0,0.633030921
4.105,-0,0,0.6335139409
4.11,-0,0,0.6340205227
4.115,-0,0,0.6345506665
4.12,-0,0,0.6351043722
4.125,-0,0,0.6356816399
4.13,-0,0,0.6362824695
4.135,-0,0,0.636906861
4.14,-0,0,0.6375548145
4.145,-0,0,0.6382263299
4.15,-0,0,0.6389214073
4.155,-0,0,0.6396400466
4.16,-0,0,0.6403822479
4.165,-0,0,0.6411480111
4.17,-0,0,0.6419373363
4.175,-0,0,0.6427502234
4.18,-0,0,0.6435866724
4.185,-0,0,0.6444466834
4.19,-0,0,0.6453302564
4.195,-0,0,0.6462373912
4.2,-0,0,0.6471680881
4.205,-0,0,0.6481223468
4.21,-0,0,0.6491001676
4.215,-0,0,0.6501015502
4.22,-0,0,0.6511264948
4.225,-0,0,0.6521750014
4.23,-0,0,0.6532470699
4.235,-0,0,0.6543427003
4.24,-0,0,0.6554618927
4.245,-0,0,0.6566046471
4.25,-0,0,0.6577709633
4.255,-0,0,0.6589608416
4.26,-0,0,0.6601742817
4.265,-0,0,0.6614112838
4.27,-0,0,0.6626718479
4.275,-0,0,0.6639559739
4.28,-0,0,0.6652636618
4.285,-0,0,0.6665949117
4.29,-0,0,0.6679497236
4.295,-0,0,0.6693280973
4.3,-0,0,0.6707300331
4.305,-0,0,0.6721555307
4.31,-0,0,0.6736045904
4.315,-0,0,0.6750772119
4.32,-0,0,0.6765733954
4.325,-0,0,0.6780931409
4.33,-0,0,0.6796364483
4.335,-0,0,0.6812033176
4.34,-0,0,0.6827937489
4.345,-0,0,0.6844077421
4.35,-0,0,0.6860452973
4.355,-0,0,0.6877064144
4.36,-0,0,0.6893910935
4.365,-0,0,0.6910993345
4.37,-0,0,0.6928311375
4.375,-0,0,0.6945865024
4.38,-0,0,0.6963654292
4.385,-0,0,0.698167918
4.39,-0,0,0.6999939687
4.395,-0,0,0.7018435814
4.4,-0,0,0.703716756
4.405,-0,0,0.7056134926
4.41,-0,0,0.7075337911
4.415,-0,0,0.7094776516
4.42,-0,0,0.711445074
4.425,-0,0,0.7134360583
4.43,-0,0,0.7154506046
4.435,-0,0,0.7174887129
4.44,-0,0,0.719550383
4.445,-0,0,0.7216356152
4.45,-0,0,0.7237444092
4.455,-0,0,0.7258767653
4.46,-0,0,0.7280326832
4.465,-0,0,0.7302121631
4.47,-0,0,0.732415205
4.475,-0,0,0.7346418088
4.48,-0,0,0.7368919745
4.485,-0,0,0.7391657022
4.49,-0,0,0.7414629918
4.495,-0,0,0.7437838434
4.5,-0,0,0.7461282569
4.505,-0,0,0.7484962324
4.51,-0,0,0.7508877698
4.515,-0,0,0.7533028692
4.52,-0,0,0.7557415305
4.525,-0,0,0.7582037537
4.53,-0,0,0.7606895389
4.535,-0,0,0.763198886
4.54,-0,0,0.7657317951
4.545,-0,0,0.7682882662
4.55,-0,0,0.7708682991
4.555,-0,0,0.773471894
4.56,-0,0,0.7760990509
4.565,-0,0,0.7787497697
4.57,-0,0,0.7814240505
4.575,-0,0,0.7841218932
4.58,-0,0,0.7868432978
4.585,-0,0,0.7895882644
4.59,-0,0,0.7923567929
4.595,-0,0,0.7951488834
4.6,-0,0,0.7979645358
4.605,-0,0,0.8008037502
4.61,-0,0,0.8036665265
4.615,-0,0,0.8065528647
4.62,-0,0,0.8094627649
4.625,-0,0,0.8123962271
4.63,-0,0,0.8153532512
4.635,-0,0,0.8183338372
4.64,-0,0,0.8213379852
4.645,-0,0,0.8243656951
4.65,-0,0,0.827416967
4.655,-0,0,0.8304918008
4.66,-0,0,0.8335901965
4.665,-0,0,0.8367121542
4.67,-0,0,0.8398576739
4.675,-0,0,0.8430267555
4.68,-0,0,0.846219399
4.685,-0,0,0.8494356045
4.69,-0,0,0.8526753719
4.695,-0,0,0.8559387013
4.7,-0,0,0.8592255926
4.705,-0,0,0.8625360459
4.71,-0,0,0.8658700611
4.715,-0,0,0.8692276382
4.72,-0,0,0.8726087773
4.725,-0,0,0.8760134784
4.73,-0,0,0.8794417414
4.735,-0,0,0.8828935663
4.74,-0,0,0.8863689532
4.745,-0,0,0.889867902
4.75,-0,0,0.8933904127
4.755,-0,0,0.8969364855
4.76,-0,0,0.9005061201
4.765,-0,0,0.9040993167
4.77,-0,0,0.9077160753
4.775,-0,0,0.9113563957
4.78,-0,0,0.9150202782
4.785,-0,0,0.9187077226
4.79,-0,0,0.9224187289
4.795,-0,0,0.9261532971
4.8,-0,0,0.9299114274
4.805,-0,0,0.9336931195
4.81,-0,0,0.9374983736
4.815,-0,0,0.9413271897
4.82,-0,0,0.9451795677
4.825,-0,0,0.9490555076
4.83,-0,0,0.9529550095
4.835,-0,0,0.9568780733
4.84,-0,0,0.9608246991
4.845,-0,0,0.9647948868
4.85,-0,0,0.9687886365
4.855,-0,0,0.9728059481
4.86,-0,0,0.9768468216
4.865,-0,0,0.9809112571
4.87,-0,0,0.9849992546
4.875,-0,0,0.989110814
4.88,-0,0,0.9932459353
4.885,-0,0,0.9974046186
4.89,-0,0,1.001586864
4.895,-0,0,1.005792671
4.9,-0,0,1.01002204
4.905,-0,0,1.014274971
4.91,-0,0,1.018551464
4.915,-0,0,1.022851519
4.92,-0,0,1.027175136
4.925,-0,0,1.031522315
4.93,-0,0,1.035893056
4.935,-0,0,1.040287358
4.94,-0,0,1.044705223
4.945,-0,0,1.04914665
4.95,-0,0,1.053611638
4.955,-0,0,1.058100189
4.96,-0,0,1.062612301
4.965,-0,0,1.067147975
4.97,-0,0,1.071707212
4.975,-0,0,1.07629001
4.98,-0,0,1.08089637
4.985,-0,0,1.085526292
4.99,-0,0,1.090179777
4.995,-0,0,1.094856823
5,-0,0,1.099557431
5.005,-0,0,1.104258039
5.01,-0,0,1.108935085
5.015,-0,0,1.113588569
5.02,-0,0,1.118218491
5.025,-0,0,1.122824851
5.03,-0,0,1.12740765
5.035,-0,0,1.131966886
5.04,-0,0,1.13650256
5.045,-0,0,1.141014673
5.05,-0,0,1.145503223
5.055,-0,0,1.149968212
5.06,-0,0,1.154409638
5.065,-0,0,1.158827503
5.07,-0,0,1.163221806
5.075,-0,0,1.167592547
5.08,-0,0,1.171939725
5.085,-0,0,1.176263342
5.09,-0,0,1.180563397
5.095,-0,0,1.18483989
5.1,-0,0,1.189092821
5.105,-0,0,1.19332219
5.11,-0,0,1.197527998
5.115,-0,0,1.201710243
5.12,-0,0,1.205868926
5.125,-0,0,1.210004047
5.13,-0,0,1.214115607
5.135,-0,0,1.218203604
5.14,-0,0,1.22226804
5.145,-0,0,1.226308913
5.15,-0,0,1.230326225
5.155,-0,0,1.234319975
5.16,-0,0,1.238290162
5.165,-0,0,1.242236788
5.17,-0,0,1.246159852
5.175,-0,0,1.250059354
5.18,-0,0,1.253935294
5.185,-0,0,1.257787672
5.19,-0,0,1.261616488
5.195,-0,0,1.265421742
5.2,-0,0,1.269203434
5.205,-0,0,1.272961564
5.21,-0,0,1.276696132
5.215,-0,0,1.280407139
5.22,-0,0,1.284094583
5.225,-0,0,1.287758466
5.23,-0,0,1.291398786
5.235,-0,0,1.295015545
5.24,-0,0,1.298608741
5.245,-0,0,1.302178376
5.25,-0,0,1.305724448
5.255,-0,0,1.309246959
5.26,-0,0,1.312745908
5.265,-0,0,1.316221295
5.27,-0,0,1.31967312
5.275,-0,0,1.323101383
5.28,-0,0,1.326506084
5.285,-0,0,1.329887223
5.29,-0,0,1.3332448
5.295,-0,0,1.336578815
5.3,-0,0,1.339889269
5.305,-0,0,1.34317616
5.31,-0,0,1.346439489
5.315,-0,0,1.349679257
5.32,-0,0,1.352895462
5.325,-0,0,1.356088106
5.33,-0,0,1.359257187
5.335,-0,0,1.362402707
5.34,-0,0,1.365524665
5.345,-0,0,1.36862306
5.35,-0,0,1.371697894
5.355,-0,0,1.374749166
5.36,-0,0,1.377776876
5.365,-0,0,1.380781024
5.37,-0,0,1.38376161
5.375,-0,0,1.386718634
5.38,-0,0,1.389652096
5.385,-0,0,1.392561996
5.39,-0,0,1.395448335
5.395,-0,0,1.398311111
5.4,-0,0,1.401150325
5.405,-0,0,1.403965978
5.41,-0,0,1.406758068
5.415,-0,0,1.409526597
5.42,-0,0,1.412271563
5.425,-0,0,1.414992968
5.43,-0,0,1.41769081
5.435,-0,0,1.420365091
5.44,-0,0,1.42301581
5.445,-0,0,1.425642967
5.45,-0,0,1.428246562
5.455,-0,0,1.430826595
5.46,-0,0,1.433383066
5.465,-0,0,1.435915975
5.47,-0,0,1.438425322
5.475,-0,0,1.440911107
5.48,-0,0,1.44337333
5.485,-0,0,1.445811992
5.49,-0,0,1.448227091
5.495,-0,0,1.450618628
5.5,-0,0,1.452986604
5.505,-0,0,1.455331017
5.51,-0,0,1.457651869
5.515,-0,0,1.459949159
5.52,-0,0,1.462222886
5.525,-0,0,1.464473052
5.53,-0,0,1.466699656
5.535,-0,0,1.468902698
5.54,-0,0,1.471082178
5.545,-0,0,1.473238095
5.55,-0,0,1.475370451
5.555,-0,0,1.477479246
5.56,-0,0,1.479564478
5.565,-0,0,1.481626148
5.57,-0,0,1.483664256
5.575,-0,0,1.485678802
5.58,-0,0,1.487669787
5.585,-0,0,1.489637209
5.59,-0,0,1.49158107
5.595,-0,0,1.493501368
5.6,-0,0,1.495398105
5.605,-0,0,1.497271279
5.61,-0,0,1.499120892
5.615,-0,0,1.500946943
5.62,-0,0,1.502749431
5.625,-0,0,1.504528358
5.63,-0,0,1.506283723
5.635,-0,0,1.508015526
5.64,-0,0,1.509723767
5.645,-0,0,1.511408446
5.65,-0,0,1.513069563
5.655,-0,0,1.514707118
5.66,-0,0,1.516321112
5.665,-0,0,1.517911543
5.67,-0,0,1.519478412
5.675,-0,0,1.52102172
5.68,-0,0,1.522541465
5.685,-0,0,1.524037649
5.69,-0,0,1.52551027
5.695,-0,0,1.52695933
5.7,-0,0,1.528384827
5.705,-0,0,1.529786763
5.71,-0,0,1.531165137
5.715,-0,0,1.532519949
5.72,-0,0,1.533851199
5.725,-0,0,1.535158886
5.73,-0,0,1.536443012
5.735,-0,0,1.537703577
5.74,-0,0,1.538940579
5.745,-0,0,1.540154019
5.75,-0,0,1.541343897
5.755,-0,0,1.542510213
5.76,-0,0,1.543652968
5.765,-0,0,1.54477216
5.77,-0,0,1.54586779
5.775,-0,0,1.546939859
5.78,-0,0,1.547988365
5.785,-0,0,1.54901331
5.79,-0,0,1.550014693
5.795,-0,0,1.550992513
5.8,-0,0,1.551946772
5.805,-0,0,1.552877469
5.81,-0,0,1.553784604
5.815,-0,0,1.554668177
5.82,-0,0,1.555528188
5.825,-0,0,1.556364637
5.83,-0,0,1.557177524
5.835,-0,0,1.557966849
5.84,-0,0,1.558732612
5.845,-0,0,1.559474813
5.85,-0,0,1.560193453
5.855,-0,0,1.56088853
5.86,-0,0,1.561560046
5.865,-0,0,1.562207999
5.87,-0,0,1.562832391
5.875,-0,0,1.56343322
5.88,-0,0,1.564010488
5.885,-0,0,1.564564194
5.89,-0,0,1.565094337
5.895,-0,0,1.565600919
5.9,-0,0,1.566083939
5.905,-0,0,1.566543397
5.91,-0,0,1.566979293
5.915,-0,0,1.567391627
5.92,-0,0,1.567780399
5.925,-0,0,1.568145609
5.93,-0,0,1.568487257
5.935,-0,0,1.568805344
5.94,-0,0,1.569099868
5.945,-0,0,1.56937083
5.95,-0,0,1.569618231
5.955,-0,0,1.569842069
5.96,-0,0,1.570042346
5.965,-0,0,1.57021906
5.97,-0,0,1.570372213
5.975,-0,0,1.570501804
5.98,-0,0,1.570607832
5.985,-0,0,1.570690299
5.99,-0,0,1.570749204
5.995,-0,0,1.570784547
6,-0,0,1.570796328
6.005,-0,0,1.570764912
6.01,-0,0,1.570670664
6.015,-0,0,1.570513585
6.02,-0,0,1.570293673
6.025,-0,0,1.57001093
6.03,-0,0,1.569665354
6.035,-0,0,1.569256947
6.04,-0,0,1.568785709
6.045,-0,0,1.568251638
6.05,-0,0,1.567654735
6.055,-0,0,1.566995001
6.06,-0,0,1.566272434
6.065,-0,0,1.565487036
6.07,-0,0,1.564638806
6.075,-0,0,1.563727744
6.08,-0,0,1.562753851
6.085,-0,0,1.561717125
6.09,-0,0,1.560617568
6.095,-0,0,1.559455178
6.1,-0,0,1.558229957
6.105,-0,0,1.556941904
6.11,-0,0,1.555591019
6.115,-0,0,1.554177303
6.12,-0,0,1.552700754
6.125,-0,0,1.551161374
6.13,-0,0,1.549559161
6.135,-0,0,1.547894117
6.14,-0,0,1.546166241
6.145,-0,0,1.544375534
6.15,-0,0,1.542521994
6.155,-0,0,1.540605622
6.16,-0,0,1.538626419
6.165,-0,0,1.536584384
6.17,-0,0,1.534479517
6.175,-0,0,1.532311818
6.18,-0,0,1.530081287
6.185,-0,0,1.527787924
6.19,-0,0,1.52543173
6.195,-0,0,1.523012703
6.2,-0,0,1.520530845
6.205,-0,0,1.517986155
6.21,-0,0,1.515378633
6.215,-0,0,1.51270828
6.22,-0,0,1.509975094
6.225,-0,0,1.507179076
6.23,-0,0,1.504320227
6.235,-0,0,1.501398546
6.24,-0,0,1.498414033
6.245,-0,0,1.495366688
6.25,-0,0,1.492256511
6.255,-0,0,1.489083503
6.26,-0,0,1.485847662
6.265,-0,0,1.48254899
6.27,-0,0,1.479187486
6.275,-0,0,1.47576315
6.28,-0,0,1.472275982
6.285,-0,0,1.468725982
6.29,-0,0,1.465113151
6.295,-0,0,1.461437487
6.3,-0,0,1.457698992
6.305,-0,0,1.453897665
6.31,-0,0,1.450033506
6.315,-0,0,1.446106515
6.32,-0,0,1.442116693
6.325,-0,0,1.438064038
6.33,-0,0,1.433948552
6.335,-0,0,1.429770233
6.34,-0,0,1.425529083
6.345,-0,0,1.421225101
6.35,-0,0,1.416858288
6.355,-0,0,1.412428642
6.36,-0,0,1.407936164
6.365,-0,0,1.403380855
6.37,-0,0,1.398762714
6.375,-0,0,1.394081741
6.38,-0,0,1.389337936
6.385,-0,0,1.384531299
6.39,-0,0,1.379661831
6.395,-0,0,1.37472953
6.4,-0,0,1.369734398
6.405,-0,0,1.364676434
6.41,-0,0,1.359555638
6.415,-0,0,1.35437201
6.42,-0,0,1.34912555
6.425,-0,0,1.343816258
6.43,-0,0,1.338444135
6.435,-0,0,1.33300918
6.44,-0,0,1.327511392
6.445,-0,0,1.321950773
6.45,-0,0,1.316327323
6.455,-0,0,1.31064104
6.46,-0,0,1.304891925
6.465,-0,0,1.299079979
6.47,-0,0,1.293205201
6.475,-0,0,1.287267591
6.48,-0,0,1.281267149
6.485,-0,0,1.275203875
6.49,-0,0,1.269077769
6.495,-0,0,1.262888832
6.5,-0,0,1.256637062
6.505,-0,0,1.250322461
6.51,-0,0,1.243945028
6.515,-0,0,1.237504763
6.52,-0,0,1.231001666
6.525,-0,0,1.224435737
6.53,-0,0,1.217806977
6.535,-0,0,1.211115385
6.54,-0,0,1.20436096
6.545,-0,0,1.197543704
6.55,-0,0,1.190663616
6.555,-0,0,1.183720697
6.56,-0,0,1.176714945
6.565,-0,0,1.169646362
6.57,-0,0,1.162514946
6.575,-0,0,1.155320699
6.58,-0,0,1.14806362
6.585,-0,0,1.140743709
6.59,-0,0,1.133360966
6.595,-0,0,1.125915392
6.6,-0,0,1.118406985
6.605,-0,0,1.110835747
6.61,-0,0,1.103201677
6.615,-0,0,1.095504775
6.62,-0,0,1.087745041
6.625,-0,0,1.079922475
6.63,-0,0,1.072037078
6.635,-0,0,1.064088848
6.64,-0,0,1.056077787
6.645,-0,0,1.048003894
6.65,-0,0,1.039867169
6.655,-0,0,1.031667612
6.66,-0,0,1.023405224
6.665,-0,0,1.015080003
6.67,-0,0,1.006691951
6.675,-0,0,0.9982410664
6.68,-0,0,0.9897273503
6.685,-0,0,0.9811508024
6.69,-0,0,0.9725114226
6.695,-0,0,0.9638092109
6.7,-0,0,0.9550441674
6.705,-0,0,0.9462162921
6.71,-0,0,0.9373255849
6.715,-0,0,0.9283720458
6.72,-0,0,0.9193556749
6.725,-0,0,0.9102764721
6.73,-0,0,0.9011344375
6.735,-0,0,0.891929571
6.74,-0,0,0.8826618727
6.745,-0,0,0.8733313425
6.75,-0,0,0.8639379805
6.755,-0,0,0.8544817866
6.76,-0,0,0.8449627608
6.765,-0,0,0.8353809032
6.77,-0,0,0.8257362138
6.775,-0,0,0.8160286925
6.78,-0,0,0.8062583393
6.785,-0,0,0.7964251543
6.79,-0,0,0.7865291375
6.795,-0,0,0.7765702888
6.8,-0,0,0.7665486082
6.805,-0,0,0.7564640958
6.81,-0,0,0.7463167515
6.815,-0,0,0.7361065754
6.82,-0,0,0.7258335674
6.825,-0,0,0.7154977276
6.83,-0,0,0.7050990559
6.835,-0,0,0.6946375524
6.84,-0,0,0.684113217
6.845,-0,0,0.6735260497
6.85,-0,0,0.6628760507
6.855,-0,0,0.6521632197
6.86,-0,0,0.6413875569
6.865,-0,0,0.6305490622
6.87,-0,0,0.6196477357
6.875,-0,0,0.6086835774
6.88,-0,0,0.5976565872
6.885,-0,0,0.5865667651
6.89,-0,0,0.5754141112
6.895,-0,0,0.5641986254
6.9,-0,0,0.5529203078
6.905,-0,0,0.5415791583
6.91,-0,0,0.530175177
6.915,-0,0,0.5187083638
6.92,-0,0,0.5071787188
6.925,-0,0,0.4955862419
6.93,-0,0,0.4839309331
6.935,-0,0,0.4722127925
6.94,-0,0,0.4604318201
6.945,-0,0,0.4485880158
6.95,-0,0,0.4366813796
6.955,-0,0,0.4247119116
6.96,-0,0,0.4126796117
6.965,-0,0,0.40058448
6.97,-0,0,0.3884265165
6.975,-0,0,0.376205721
6.98,-0,0,0.3639220938
6.985,-0,0,0.3515756346
6.99,-0,0,0.3391663437
6.995,-0,0,0.3266942208
7,-0,0,0.3141592661
7.005,-0,0,0.3016243115
7.01,-0,0,0.2891521886
7.015,-0,0,0.2767428976
7.02,-0,0,0.2643964385
7.025,-0,0,0.2521128112
7.03,-0,0,0.2398920158
7.035,-0,0,0.2277340522
7.04,-0,0,0.2156389205
7.045,-0,0,0.2036066207
7.05,-0,0,0.1916371527
7.055,-0,0,0.1797305165
7.06,-0,0,0.1678867122
7.065,-0,0,0.1561057397
7.07,-0,0,0.1443875992
7.075,-0,0,0.1327322904
7.08,-0,0,0.1211398135
7.085,-0,0,0.1096101685
7.09,-0,0,0.09814335529
7.095,-0,0,0.08673937396
7.1,-0,0,0.07539822448
7.105,-0,0,0.06411990686
7.11,-0,0,0.05290442109
7.115,-0,0,0.04175176717
7.12,-0,0,0.0306619451
7.125,-0,0,0.01963495489
7.13,-0,0,0.008670796526
7.135,-0,0,-0.002230529981
7.14,-0,0,-0.01306902464
7.145,-0,0,-0.02384468744
7.15,-0,0,-0.03455751838
7.155,-0,0,-0.04520751748
7.16,-0,0,-0.05579468472
7.165,-0,0,-0.06631902011
7.17,-0,0,-0.07678052365
7.175,-0,0,-0.08717919533
7.18,-0,0,-0.09751503516
7.185,-0,0,-0.1077880431
7.19,-0,0,-0.1179982193
7.195,-0,0,-0.1281455635
7.2,-0,0,-0.1382300759
7.205,-0,0,-0.1482517565
7.21,-0,0,-0.1582106052
7.215,-0,0,-0.1681066221
7.22,-0,0,-0.1779398071
7.225,-0,0,-0.1877101602
7.23,-0,0,-0.1974176815
7.235,-0,0,-0.207062371
7.24,-0,0,-0.2166442286
7.245,-0,0,-0.2261632543
7.25,-0,0,-0.2356194482
7.255,-0,0,-0.2450128102
7.26,-0,0,-0.2543433404
7.265,-0,0,-0.2636110387
7.27,-0,0,-0.2728159052
7.275,-0,0,-0.2819579398
7.28,-0,0,-0.2910371426
7.285,-0,0,-0.3000535135
7.29,-0,0,-0.3090070526
7.295,-0,0,-0.3178977598
7.3,-0,0,-0.3267256352
7.305,-0,0,-0.3354906787
7.31,-0,0,-0.3441928903
7.315,-0,0,-0.3528322701
7.32,-0,0,-0.3614088181
7.325,-0,0,-0.3699225341
7.33,-0,0,-0.3783734184
7.335,-0,0,-0.3867614708
7.34,-0,0,-0.3950866913
7.345,-0,0,-0.40334908
7.35,-0,0,-0.4115486368
7.355,-0,0,-0.4196853618
7.36,-0,0,-0.4277592549
7.365,-0,0,-0.4357703162
7.37,-0,0,-0.4437185456
7.375,-0,0,-0.4516039431
7.38,-0,0,-0.4594265088
7.385,-0,0,-0.4671862427
7.39,-0,0,-0.4748831447
7.395,-0,0,-0.4825172149
7.4,-0,0,-0.4900884531
7.405,-0,0,-0.4975968596
7.41,-0,0,-0.5050424342
7.415,-0,0,-0.5124251769
7.42,-0,0,-0.5197450878
7.425,-0,0,-0.5270021668
7.43,-0,0,-0.534196414
7.435,-0,0,-0.5413278293
7.44,-0,0,-0.5483964128
7.445,-0,0,-0.5554021644
7.45,-0,0,-0.5623450842
7.455,-0,0,-0.5692251721
7.46,-0,0,-0.5760424282
7.465,-0,0,-0.5827968524
7.47,-0,0,-0.5894884447
7.475,-0,0,-0.5961172052
7.48,-0,0,-0.6026831339
7.485,-0,0,-0.6091862307
7.49,-0,0,-0.6156264956
7.495,-0,0,-0.6220039287
7.5,-0,0,-0.6283185299
7.505,-0,0,-0.6345702993
7.51,-0,0,-0.6407592368
7.515,-0,0,-0.6468853425
7.52,-0,0,-0.6529486163
7.525,-0,0,-0.6589490583
7.53,-0,0,-0.6648866684
7.535,-0,0,-0.6707614467
7.54,-0,0,-0.6765733931
7.545,-0,0,-0.6823225076
7.55,-0,0,-0.6880087903
7.555,-0,0,-0.6936322412
7.56,-0,0,-0.6991928602
7.565,-0,0,-0.7046906473
7.57,-0,0,-0.7101256026
7.575,-0,0,-0.7154977261
7.58,-0,0,-0.7208070177
7.585,-0,0,-0.7260534774
7.59,-0,0,-0.7312371053
7.595,-0,0,-0.7363579013
7.6,-0,0,-0.7414158655
7.605,-0,0,-0.7464109978
7.61,-0,0,-0.7513432983
7.615,-0,0,-0.7562127669
7.62,-0,0,-0.7610194036
7.625,-0,0,-0.7657632085
7.63,-0,0,-0.7704441816
7.635,-0,0,-0.7750623228
7.64,-0,0,-0.7796176322
7.645,-0,0,-0.7841101096
7.65,-0,0,-0.7885397553
7.655,-0,0,-0.7929065691
7.66,-0,0,-0.797210551
7.665,-0,0,-0.8014517011
7.67,-0,0,-0.8056300193
7.675,-0,0,-0.8097455057
7.68,-0,0,-0.8137981602
7.685,-0,0,-0.8177879829
7.69,-0,0,-0.8217149737
7.695,-0,0,-0.8255791327
7.7,-0,0,-0.8293804598
7.705,-0,0,-0.8331189551
7.71,-0,0,-0.8367946185
7.715,-0,0,-0.84040745
7.72,-0,0,-0.8439574497
7.725,-0,0,-0.8474446176
7.73,-0,0,-0.8508689536
7.735,-0,0,-0.8542304577
7.74,-0,0,-0.85752913
7.745,-0,0,-0.8607649704
7.75,-0,0,-0.863937979
7.755,-0,0,-0.8670481557
7.76,-0,0,-0.8700955006
7.765,-0,0,-0.8730800136
7.77,-0,0,-0.8760016948
7.775,-0,0,-0.8788605441
7.78,-0,0,-0.8816565616
7.785,-0,0,-0.8843897472
7.79,-0,0,-0.887060101
7.795,-0,0,-0.8896676229
7.8,-0,0,-0.8922123129
7.805,-0,0,-0.8946941711
7.81,-0,0,-0.8971131975
7.815,-0,0,-0.8994693919
7.82,-0,0,-0.9017627546
7.825,-0,0,-0.9039932854
7.83,-0,0,-0.9061609843
7.835,-0,0,-0.9082658514
7.84,-0,0,-0.9103078866
7.845,-0,0,-0.91228709
7.85,-0,0,-0.9142034615
7.855,-0,0,-0.9160570012
7.86,-0,0,-0.917847709
7.865,-0,0,-0.9195755849
7.87,-0,0,-0.9212406291
7.875,-0,0,-0.9228428413
7.88,-0,0,-0.9243822217
7.885,-0,0,-0.9258587703
7.89,-0,0,-0.927272487
7.895,-0,0,-0.9286233718
7.9,-0,0,-0.9299114248
7.905,-0,0,-0.9311366459
7.91,-0,0,-0.9322990352
7.915,-0,0,-0.9333985926
7.92,-0,0,-0.9344353182
7.925,-0,0,-0.9354092119
7.93,-0,0,-0.9363202738
7.935,-0,0,-0.9371685038
7.94,-0,0,-0.937953902
7.945,-0,0,-0.9386764683
7.95,-0,0,-0.9393362028
7.955,-0,0,-0.9399331054
7.96,-0,0,-0.9404671761
7.965,-0,0,-0.940938415
7.97,-0,0,-0.9413468221
7.975,-0,0,-0.9416923973
7.98,-0,0,-0.9419751406
7.985,-0,0,-0.9421950521
7.99,-0,0,-0.9423521317
7.995,-0,0,-0.9424463795
8,-0,0,-0.9424777954
8.005,-0,0,-0.9424660145
8.01,-0,0,-0.9424306716
8.015,-0,0,-0.9423717667
8.02,-0,0,-0.9422892999
8.025,-0,0,-0.9421832711
8.03,-0,0,-0.9420536804
8.035,-0,0,-0.9419005278
8.04,-0,0,-0.9417238132
8.045,-0,0,-0.9415235367
8.05,-0,0,-0.9412996982
8.055,-0,0,-0.9410522978
8.06,-0,0,-0.9407813354
8.065,-0,0,-0.9404868111
8.07,-0,0,-0.9401687249
8.075,-0,0,-0.9398270767
8.08,-0,0,-0.9394618665
8.085,-0,0,-0.9390730944
8.09,-0,0,-0.9386607604
8.095,-0,0,-0.9382248644
8.1,-0,0,-0.9377654065
8.105,-0,0,-0.9372823866
8.11,-0,0,-0.9367758048
8.115,-0,0,-0.936245661
8.12,-0,0,-0.9356919553
8.125,-0,0,-0.9351146877
8.13,-0,0,-0.9345138581
8.135,-0,0,-0.9338894666
8.14,-0,0,-0.9332415131
8.145,-0,0,-0.9325699976
8.15,-0,0,-0.9318749203
8.155,-0,0,-0.931156281
8.16,-0,0,-0.9304140797
8.165,-0,0,-0.9296483165
8.17,-0,0,-0.9288589913
8.175,-0,0,-0.9280461042
8.18,-0,0,-0.9272096552
8.185,-0,0,-0.9263496442
8.19,-0,0,-0.9254660713
8.195,-0,0,-0.9245589364
8.2,-0,0,-0.9236282396
8.205,-0,0,-0.9226739808
8.21,-0,0,-0.9216961601
8.215,-0,0,-0.9206947774
8.22,-0,0,-0.9196698328
8.225,-0,0,-0.9186213263
8.23,-0,0,-0.9175492578
8.235,-0,0,-0.9164536273
8.24,-0,0,-0.915334435
8.245,-0,0,-0.9141916806
8.25,-0,0,-0.9130253644
8.255,-0,0,-0.9118354862
8.26,-0,0,-0.910622046
8.265,-0,0,-0.9093850439
8.27,-0,0,-0.9081244798
8.275,-0,0,-0.9068403538
8.28,-0,0,-0.9055326659
8.285,-0,0,-0.904201416
8.29,-0,0,-0.9028466042
8.295,-0,0,-0.9014682304
8.3,-0,0,-0.9000662947
8.305,-0,0,-0.898640797
8.31,-0,0,-0.8971917374
8.315,-0,0,-0.8957191158
8.32,-0,0,-0.8942229323
8.325,-0,0,-0.8927031869
8.33,-0,0,-0.8911598795
8.335,-0,0,-0.8895930102
8.34,-0,0,-0.8880025789
8.345,-0,0,-0.8863885857
8.35,-0,0,-0.8847510305
8.355,-0,0,-0.8830899134
8.36,-0,0,-0.8814052343
8.365,-0,0,-0.8796969933
8.37,-0,0,-0.8779651904
8.375,-0,0,-0.8762098255
8.38,-0,0,-0.8744308986
8.385,-0,0,-0.8726284099
8.39,-0,0,-0.8708023591
8.395,-0,0,-0.8689527464
8.4,-0,0,-0.8670795718
8.405,-0,0,-0.8651828353
8.41,-0,0,-0.8632625368
8.415,-0,0,-0.8613186763
8.42,-0,0,-0.8593512539
8.425,-0,0,-0.8573602696
8.43,-0,0,-0.8553457233
8.435,-0,0,-0.853307615
8.44,-0,0,-0.8512459449
8.445,-0,0,-0.8491607127
8.45,-0,0,-0.8470519187
8.455,-0,0,-0.8449195627
8.46,-0,0,-0.8427636447
8.465,-0,0,-0.8405841648
8.47,-0,0,-0.8383811229
8.475,-0,0,-0.8361545192
8.48,-0,0,-0.8339043534
8.485,-0,0,-0.8316306257
8.49,-0,0,-0.8293333361
8.495,-0,0,-0.8270124845
8.5,-0,0,-0.824668071
8.505,-0,0,-0.8223000956
8.51,-0,0,-0.8199085581
8.515,-0,0,-0.8174934588
8.52,-0,0,-0.8150547975
8.525,-0,0,-0.8125925743
8.53,-0,0,-0.8101067891
8.535,-0,0,-0.8075974419
8.54,-0,0,-0.8050645329
8.545,-0,0,-0.8025080618
8.55,-0,0,-0.7999280289
8.555,-0,0,-0.797324434
8.56,-0,0,-0.7946972771
8.565,-0,0,-0.7920465583
8.57,-0,0,-0.7893722776
8.575,-0,0,-0.7866744349
8.58,-0,0,-0.7839530302
8.585,-0,0,-0.7812080636
8.59,-0,0,-0.7784395351
8.595,-0,0,-0.7756474446
8.6,-0,0,-0.7728317922
8.605,-0,0,-0.7699925779
8.61,-0,0,-0.7671298016
8.615,-0,0,-0.7642434633
8.62,-0,0,-0.7613335631
8.625,-0,0,-0.758400101
8.63,-0,0,-0.7554430769
8.635,-0,0,-0.7524624909
8.64,-0,0,-0.7494583429
8.645,-0,0,-0.746430633
8.65,-0,0,-0.7433793611
8.655,-0,0,-0.7403045273
8.66,-0,0,-0.7372061315
8.665,-0,0,-0.7340841738
8.67,-0,0,-0.7309386542
8.675,-0,0,-0.7277695726
8.68,-0,0,-0.7245769291
8.685,-0,0,-0.7213607236
8.69,-0,0,-0.7181209562
8.695,-0,0,-0.7148576268
8.7,-0,0,-0.7115707355
8.705,-0,0,-0.7082602822
8.71,-0,0,-0.704926267
8.715,-0,0,-0.7015686899
8.72,-0,0,-0.6981875508
8.725,-0,0,-0.6947828497
8.73,-0,0,-0.6913545868
8.735,-0,0,-0.6879027618
8.74,-0,0,-0.684427375
8.745,-0,0,-0.6809284261
8.75,-0,0,-0.6774059154
8.755,-0,0,-0.6738598427
8.76,-0,0,-0.670290208
8.765,-0,0,-0.6666970114
8.77,-0,0,-0.6630802529
8.775,-0,0,-0.6594399324
8.78,-0,0,-0.6557760499
8.785,-0,0,-0.6520886056
8.79,-0,0,-0.6483775992
8.795,-0,0,-0.644643031
8.8,-0,0,-0.6408849008
8.805,-0,0,-0.6371032086
8.81,-0,0,-0.6332979545
8.815,-0,0,-0.6294691385
8.82,-0,0,-0.6256167605
8.825,-0,0,-0.6217408205
8.83,-0,0,-0.6178413186
8.835,-0,0,-0.6139182548
8.84,-0,0,-0.609971629
8.845,-0,0,-0.6060014413
8.85,-0,0,-0.6020076917
8.855,-0,0,-0.5979903801
8.86,-0,0,-0.5939495065
8.865,-0,0,-0.589885071
8.87,-0,0,-0.5857970736
8.875,-0,0,-0.5816855142
8.88,-0,0,-0.5775503929
8.885,-0,0,-0.5733917096
8.89,-0,0,-0.5692094644
8.895,-0,0,-0.5650036572
8.9,-0,0,-0.5607742881
8.905,-0,0,-0.556521357
8.91,-0,0,-0.552244864
8.915,-0,0,-0.5479448091
8.92,-0,0,-0.5436211922
8.925,-0,0,-0.5392740134
8.93,-0,0,-0.5349032726
8.935,-0,0,-0.5305089698
8.94,-0,0,-0.5260911052
8.945,-0,0,-0.5216496786
8.95,-0,0,-0.51718469
8.955,-0,0,-0.5126961395
8.96,-0,0,-0.508184027
8.965,-0,0,-0.5036483526
8.97,-0,0,-0.4990891163
8.975,-0,0,-0.494506318
8.98,-0,0,-0.4898999578
8.985,-0,0,-0.4852700356
8.99,-0,0,-0.4806165515
8.995,-0,0,-0.4759395054
9,-0,0,-0.4712388974
9.005,-0,0,-0.4665382894
9.01,-0,0,-0.4618612434
9.015,-0,0,-0.4572077592
9.02,-0,0,-0.4525778371
9.025,-0,0,-0.4479714768
9.03,-0,0,-0.4433886785
9.035,-0,0,-0.4388294422
9.04,-0,0,-0.4342937678
9.045,-0,0,-0.4297816554
9.05,-0,0,-0.4252931048
9.055,-0,0,-0.4208281163
9.06,-0,0,-0.4163866897
9.065,-0,0,-0.411968825
9.07,-0,0,-0.4075745223
9.075,-0,0,-0.4032037815
9.08,-0,0,-0.3988566027
9.085,-0,0,-0.3945329858
9.09,-0,0,-0.3902329308
9.095,-0,0,-0.3859564378
9.1,-0,0,-0.3817035068
9.105,-0,0,-0.3774741376
9.11,-0,0,-0.3732683305
9.115,-0,0,-0.3690860853
9.12,-0,0,-0.364927402
9.125,-0,0,-0.3607922806
9.13,-0,0,-0.3566807213
9.135,-0,0,-0.3525927238
9.14,-0,0,-0.3485282883
9.145,-0,0,-0.3444874148
9.15,-0,0,-0.3404701032
9.155,-0,0,-0.3364763535
9.16,-0,0,-0.3325061658
9.165,-0,0,-0.32855954
9.17,-0,0,-0.3246364762
9.175,-0,0,-0.3207369743
9.18,-0,0,-0.3168610343
9.185,-0,0,-0.3130086563
9.19,-0,0,-0.3091798403
9.195,-0,0,-0.3053745862
9.2,-0,0,-0.301592894
9.205,-0,0,-0.2978347638
9.21,-0,0,-0.2941001956
9.215,-0,0,-0.2903891892
9.22,-0,0,-0.2867017448
9.225,-0,0,-0.2830378624
9.23,-0,0,-0.2793975419
9.235,-0,0,-0.2757807834
9.24,-0,0,-0.2721875868
9.245,-0,0,-0.2686179521
9.25,-0,0,-0.2650718794
9.255,-0,0,-0.2615493686
9.26,-0,0,-0.2580504198
9.265,-0,0,-0.2545750329
9.27,-0,0,-0.251123208
9.275,-0,0,-0.247694945
9.28,-0,0,-0.244290244
9.285,-0,0,-0.2409091049
9.29,-0,0,-0.2375515277
9.295,-0,0,-0.2342175125
9.3,-0,0,-0.2309070593
9.305,-0,0,-0.227620168
9.31,-0,0,-0.2243568386
9.315,-0,0,-0.2211170712
9.32,-0,0,-0.2179008657
9.325,-0,0,-0.2147082221
9.33,-0,0,-0.2115391405
9.335,-0,0,-0.2083936209
9.34,-0,0,-0.2052716632
9.345,-0,0,-0.2021732674
9.35,-0,0,-0.1990984336
9.355,-0,0,-0.1960471618
9.36,-0,0,-0.1930194518
9.365,-0,0,-0.1900153039
9.37,-0,0,-0.1870347178
9.375,-0,0,-0.1840776937
9.38,-0,0,-0.1811442316
9.385,-0,0,-0.1782343314
9.39,-0,0,-0.1753479931
9.395,-0,0,-0.1724852168
9.4,-0,0,-0.1696460025
9.405,-0,0,-0.16683035
9.41,-0,0,-0.1640382596
9.415,-0,0,-0.161269731
9.42,-0,0,-0.1585247645
9.425,-0,0,-0.1558033598
9.43,-0,0,-0.1531055171
9.435,-0,0,-0.1504312364
9.44,-0,0,-0.1477805176
9.445,-0,0,-0.1451533607
9.45,-0,0,-0.1425497658
9.455,-0,0,-0.1399697328
9.46,-0,0,-0.1374132618
9.465,-0,0,-0.1348803527
9.47,-0,0,-0.1323710056
9.475,-0,0,-0.1298852204
9.48,-0,0,-0.1274229971
9.485,-0,0,-0.1249843358
9.49,-0,0,-0.1225692365
9.495,-0,0,-0.1201776991
9.5,-0,0,-0.1178097236
9.505,-0,0,-0.1154653101
9.51,-0,0,-0.1131444585
9.515,-0,0,-0.1108471689
9.52,-0,0,-0.1085734412
9.525,-0,0,-0.1063232755
9.53,-0,0,-0.1040966717
9.535,-0,0,-0.1018936298
9.54,-0,0,-0.0997141499
9.545,-0,0,-0.09755823193
9.55,-0,0,-0.09542587592
9.555,-0,0,-0.09331708185
9.56,-0,0,-0.09123184972
9.565,-0,0,-0.08917017954
9.57,-0,0,-0.0871320713
9.575,-0,0,-0.08511752501
9.58,-0,0,-0.08312654066
9.585,-0,0,-0.08115911826
9.59,-0,0,-0.0792152578
9.595,-0,0,-0.07729495928
9.6,-0,0,-0.07539822272
9.605,-0,0,-0.07352504809
9.61,-0,0,-0.07167543542
9.615,-0,0,-0.06984938468
9.62,-0,0,-0.06804689589
9.625,-0,0,-0.06626796905
9.63,-0,0,-0.06451260415
9.635,-0,0,-0.0627808012
9.64,-0,0,-0.06107256019
9.645,-0,0,-0.05938788112
9.65,-0,0,-0.05772676401
9.655,-0,0,-0.05608920883
9.66,-0,0,-0.0544752156
9.665,-0,0,-0.05288478432
9.67,-0,0,-0.05131791498
9.675,-0,0,-0.04977460758
9.68,-0,0,-0.04825486213
9.685,-0,0,-0.04675867863
9.69,-0,0,-0.04528605707
9.695,-0,0,-0.04383699746
9.7,-0,0,-0.04241149979
9.705,-0,0,-0.04100956406
9.71,-0,0,-0.03963119028
9.715,-0,0,-0.03827637844
9.72,-0,0,-0.03694512855
9.725,-0,0,-0.03563744061
9.73,-0,0,-0.03435331461
9.735,-0,0,-0.03309275055
9.74,-0,0,-0.03185574844
9.745,-0,0,-0.03064230828
9.75,-0,0,-0.02945243006
9.755,-0,0,-0.02828611378
9.76,-0,0,-0.02714335945
9.765,-0,0,-0.02602416706
9.77,-0,0,-0.02492853662
9.775,-0,0,-0.02385646812
9.78,-0,0,-0.02280796157
9.785,-0,0,-0.02178301697
9.79,-0,0,-0.0207816343
9.795,-0,0,-0.01980381359
9.8,-0,0,-0.01884955482
9.805,-0,0,-0.01791885799
9.81,-0,0,-0.01701172311
9.815,-0,0,-0.01612815017
9.82,-0,0,-0.01526813918
9.825,-0,0,-0.01443169013
9.83,-0,0,-0.01361880303
9.835,-0,0,-0.01282947787
9.84,-0,0,-0.01206371466
9.845,-0,0,-0.01132151339
9.85,-0,0,-0.01060287407
9.855,-0,0,-0.009907796691
9.86,-0,0,-0.009236281258
9.865,-0,0,-0.00858832777
9.87,-0,0,-0.007963936227
9.875,-0,0,-0.007363106629
9.88,-0,0,-0.006785838975
9.885,-0,0,-0.006232133267
9.89,-0,0,-0.005701989504
9.895,-0,0,-0.005195407685
9.9,-0,0,-0.004712387812
9.905,-0,0,-0.004252929883
9.91,-0,0,-0.003817033899
9.915,-0,0,-0.00340469986
9.92,-0,0,-0.003015927767
9.925,-0,0,-0.002650717618
9.93,-0,0,-0.002309069413
9.935,-0,0,-0.001990983154
9.94,-0,0,-0.00169645884
9.945,-0,0,-0.001425496471
9.95,-0,0,-0.001178096046
9.955,-0,0,-0.0009542575667
9.96,-0,0,-0.0007539810321
9.965,-0,0,-0.0005772664424
9.97,-0,0,-0.0004241137977
9.975,-0,0,-0.0002945230978
9.98,-0,0,-0.0001884943429
9.985,-0,0,-0.0001060275328
9.99,-0,0,-4.712266772e-05
9.995,-0,0,-1.177974753e-05
10,-0,0,1.227753464e-09
10.005,-0,0,1.230331208e-09
10.01,-0,0,1.232896062e-09
10.015,-0,0,1.235448118e-09
10.02,-0,0,1.237987454e-09
10.025,-0,0,1.24051413e-09
10.03,-0,0,1.243028211e-09
10.035,-0,0,1.245529742e-09
10.04,-0,0,1.248018791e-09
10.045,-0,0,1.250495435e-09
10.05,-0,0,1.252959721e-09
10.055,-0,0,1.255411717e-09
10.06,-0,0,1.257851485e-09
10.065,-0,0,1.260279088e-09
10.07,-0,0,1.262694578e-09
10.075,-0,0,1.265097978e-09
10.08,-0,0,1.267489428e-09
10.085,-0,0,1.269868916e-09
10.09,-0,0,1.272236533e-09
10.095,-0,0,1.274592386e-09
10.1,-0,0,1.276936485e-09
10.105,-0,0,1.279268901e-09
10.11,-0,0,1.281589662e-09
10.115,-0,0,1.283898871e-09
10.12,-0,0,1.28619657e-09
10.125,-0,0,1.288482737e-09
10.13,-0,0,1.290757561e-09
10.135,-0,0,1.293021043e-09
10.14,-0,0,1.295273176e-09
10.145,-0,0,1.297514132e-09
10.15,-0,0,1.29974392e-09
10.155,-0,0,1.301962582e-09
10.16,-0,0,1.304170183e-09
10.165,-0,0,1.306366764e-09
10.17,-0,0,1.308552399e-09
10.175,-0,0,1.310727132e-09
10.18,-0,0,1.312891019e-09
10.185,-0,0,1.315044111e-09
10.19,-0,0,1.31718646e-09
10.195,-0,0,1.319318123e-09
10.2,-0,0,1.321439154e-09
10.205,-0,0,1.323549612e-09
10.21,-0,0,1.325649542e-09
10.215,-0,0,1.327738989e-09
10.22,-0,0,1.329817972e-09
10.225,-0,0,1.331886623e-09
10.23,-0,0,1.33394497e-09
10.235,-0,0,1.335993049e-09
10.24,-0,0,1.338030919e-09
10.245,-0,0,1.34005862e-09
10.25,-0,0,1.342076205e-09
10.255,-0,0,1.344083744e-09
10.26,-0,0,1.346081258e-09
10.265,-0,0,1.348068813e-09
10.27,-0,0,1.35004644e-09
10.275,-0,0,1.352014219e-09
10.28,-0,0,1.35397216e-09
10.285,-0,0,1.355920303e-09
10.29,-0,0,1.357858771e-09
10.295,-0,0,1.359787587e-09
10.3,-0,0,1.361706776e-09
10.305,-0,0,1.363616355e-09
10.31,-0,0,1.365516446e-09
10.315,-0,0,1.36740707e-09
10.32,-0,0,1.369288262e-09
10.325,-0,0,1.371160065e-09
10.33,-0,0,1.373022535e-09
10.335,-0,0,1.374875717e-09
10.34,-0,0,1.376719606e-09
10.345,-0,0,1.378554337e-09
10.35,-0,0,1.380379919e-09
10.355,-0,0,1.382196395e-09
10.36,-0,0,1.384003816e-09
10.365,-0,0,1.385802234e-09
10.37,-0,0,1.387591665e-09
10.375,-0,0,1.389372171e-09
10.38,-0,0,1.391143801e-09
10.385,-0,0,1.392906604e-09
10.39,-0,0,1.39466061e-09
10.395,-0,0,1.396405876e-09
10.4,-0,0,1.398142431e-09
10.405,-0,0,1.399870338e-09
10.41,-0,0,1.401589612e-09
10.415,-0,0,1.403300312e-09
10.42,-0,0,1.405002443e-09
10.425,-0,0,1.406696121e-09
10.43,-0,0,1.408381348e-09
10.435,-0,0,1.410058175e-09
10.44,-0,0,1.411726639e-09
10.445,-0,0,1.413386796e-09
10.45,-0,0,1.415038665e-09
10.455,-0,0,1.41668228e-09
10.46,-0,0,1.418317708e-09
10.465,-0,0,1.419944976e-09
10.47,-0,0,1.421564126e-09
10.475,-0,0,1.423175207e-09
10.48,-0,0,1.424778259e-09
10.485,-0,0,1.4263733e-09
10.49,-0,0,1.427960398e-09
10.495,-0,0,1.429539586e-09
10.5,-0,0,1.431110888e-09
10.505,-0,0,1.432674347e-09
10.51,-0,0,1.434229962e-09
10.515,-0,0,1.435777887e-09
10.52,-0,0,1.437318071e-09
10.525,-0,0,1.438850561e-09
10.53,-0,0,1.440375411e-09
10.535,-0,0,1.441892675e-09
10.54,-0,0,1.443402375e-09
10.545,-0,0,1.444904539e-09
10.55,-0,0,1.4463992e-09
10.555,-0,0,1.447886409e-09
10.56,-0,0,1.449366197e-09
10.565,-0,0,1.450838614e-09
10.57,-0,0,1.452303675e-09
10.575,-0,0,1.45376144e-09
10.58,-0,0,1.455211931e-09
10.585,-0,0,1.456655187e-09
10.59,-0,0,1.458091244e-09
10.595,-0,0,1.459520142e-09
10.6,-0,0,1.460941867e-09
10.605,-0,0,1.462356554e-09
10.61,-0,0,1.463764179e-09
10.615,-0,0,1.46516473e-09
10.62,-0,0,1.466558312e-09
10.625,-0,0,1.467944985e-09
10.63,-0,0,1.46932473e-09
10.635,-0,0,1.47069757e-09
10.64,-0,0,1.472063559e-09
10.645,-0,0,1.473422773e-09
10.65,-0,0,1.474775199e-09
10.655,-0,0,1.476120828e-09
10.66,-0,0,1.477459801e-09
10.665,-0,0,1.478792097e-09
10.67,-0,0,1.480117747e-09
10.675,-0,0,1.481436782e-09
10.68,-0,0,1.482749254e-09
10.685,-0,0,1.48405518e-09
10.69,-0,0,1.485354575e-09
10.695,-0,0,1.48664748e-09
10.7,-0,0,1.487933966e-09
10.705,-0,0,1.489214028e-09
10.71,-0,0,1.49048765e-09
10.715,-0,0,1.491754977e-09
10.72,-0,0,1.493015983e-09
10.725,-0,0,1.494270679e-09
10.73,-0,0,1.495519122e-09
10.735,-0,0,1.496761301e-09
10.74,-0,0,1.497997343e-09
10.745,-0,0,1.499227207e-09
10.75,-0,0,1.500450933e-09
10.755,-0,0,1.501668567e-09
10.76,-0,0,1.502880132e-09
10.765,-0,0,1.504085648e-09
10.77,-0,0,1.505285134e-09
10.775,-0,0,1.506478642e-09
10.78,-0,0,1.507666159e-09
10.785,-0,0,1.508847806e-09
10.79,-0,0,1.510023558e-09
10.795,-0,0,1.511193439e-09
10.8,-0,0,1.512357489e-09
10.805,-0,0,1.513515733e-09
10.81,-0,0,1.514668206e-09
10.815,-0,0,1.515814926e-09
10.82,-0,0,1.516955937e-09
10.825,-0,0,1.518091257e-09
10.83,-0,0,1.519220898e-09
10.835,-0,0,1.520344917e-09
10.84,-0,0,1.521463287e-09
10.845,-0,0,1.522576108e-09
10.85,-0,0,1.52368339e-09
10.855,-0,0,1.524785138e-09
10.86,-0,0,1.525881405e-09
10.865,-0,0,1.526972193e-09
10.87,-0,0,1.528057541e-09
10.875,-0,0,1.529137487e-09
10.88,-0,0,1.530211986e-09
10.885,-0,0,1.531281179e-09
10.89,-0,0,1.532345041e-09
10.895,-0,0,1.533403589e-09
10.9,-0,0,1.534456865e-09
10.905,-0,0,1.535504895e-09
10.91,-0,0,1.536547684e-09
10.915,-0,0,1.537585267e-09
10.92,-0,0,1.538617688e-09
10.925,-0,0,1.539644957e-09
10.93,-0,0,1.540667099e-09
10.935,-0,0,1.541684152e-09
10.94,-0,0,1.542696086e-09
10.945,-0,0,1.54370296e-09
10.95,-0,0,1.544704871e-09
10.955,-0,0,1.545701778e-09
10.96,-0,0,1.54669372e-09
10.965,-0,0,1.547680711e-09
10.97,-0,0,1.548662789e-09
10.975,-0,0,1.549639947e-09
10.98,-0,0,1.550612247e-09
10.985,-0,0,1.551579693e-09
10.99,-0,0,1.552542317e-09
10.995,-0,0,1.553500142e-09
11,-0,0,1.554453163e-09
11.005,-0,0,1.55540144e-09
11.01,-0,0,1.556345002e-09
11.015,-0,0,1.557283864e-09
11.02,-0,0,1.558218037e-09
11.025,-0,0,1.559147547e-09
11.03,-0,0,1.560072378e-09
11.035,-0,0,1.560992638e-09
11.04,-0,0,1.561908315e-09
11.045,-0,0,1.562819427e-09
11.05,-0,0,1.563725987e-09
11.055,-0,0,1.56462803e-09
11.06,-0,0,1.565525575e-09
11.065,-0,0,1.56641865e-09
11.07,-0,0,1.56730726e-09
11.075,-0,0,1.568191388e-09
11.08,-0,0,1.569071159e-09
11.085,-0,0,1.569946482e-09
11.09,-0,0,1.570817446e-09
11.095,-0,0,1.571684109e-09
11.1,-0,0,1.572546469e-09
11.105,-0,0,1.573404528e-09
11.11,-0,0,1.574258291e-09
11.115,-0,0,1.575107793e-09
11.12,-0,0,1.575953066e-09
11.125,-0,0,1.576794099e-09
11.13,-0,0,1.577630952e-09
11.135,-0,0,1.578463638e-09
11.14,-0,0,1.579292169e-09
11.145,-0,0,1.580116561e-09
11.15,-0,0,1.580936861e-09
11.155,-0,0,1.581753063e-09
11.16,-0,0,1.582565187e-09
11.165,-0,0,1.583373261e-09
11.17,-0,0,1.584177314e-09
11.175,-0,0,1.584977362e-09
11.18,-0,0,1.585773359e-09
11.185,-0,0,1.586565434e-09
11.19,-0,0,1.587353566e-09
11.195,-0,0,1.588137715e-09
11.2,-0,0,1.588917991e-09
11.205,-0,0,1.589694386e-09
11.21,-0,0,1.590466865e-09
11.215,-0,0,1.59123553e-09
11.22,-0,0,1.592000367e-09
11.225,-0,0,1.592761388e-09
11.23,-0,0,1.593518633e-09
11.235,-0,0,1.594272074e-09
11.24,-0,0,1.595021767e-09
11.245,-0,0,1.595767713e-09
11.25,-0,0,1.596509952e-09
11.255,-0,0,1.597248482e-09
11.26,-0,0,1.597983269e-09
11.265,-0,0,1.598714456e-09
11.27,-0,0,1.599441998e-09
11.275,-0,0,1.600165906e-09
11.28,-0,0,1.600886205e-09
11.285,-0,0,1.601602905e-09
11.29,-0,0,1.60231599e-09
11.295,-0,0,1.603025566e-09
11.3,-0,0,1.603731555e-09
11.305,-0,0,1.604434076e-09
11.31,-0,0,1.605133076e-09
11.315,-0,0,1.605828596e-09
11.32,-0,0,1.606520637e-09
11.325,-0,0,1.607209247e-09
11.33,-0,0,1.607894426e-09
11.335,-0,0,1.608576188e-09
11.34,-0,0,1.609254532e-09
11.345,-0,0,1.60992949e-09
11.35,-0,0,1.610601081e-09
11.355,-0,0,1.611269328e-09
11.36,-0,0,1.611934256e-09
11.365,-0,0,1.612595864e-09
11.37,-0,0,1.613254165e-09
11.375,-0,0,1.613909191e-09
11.38,-0,0,1.614560944e-09
11.385,-0,0,1.615209439e-09
11.39,-0,0,1.615854693e-09
11.395,-0,0,1.616496741e-09
11.4,-0,0,1.617135604e-09
11.405,-0,0,1.617771263e-09
11.41,-0,0,1.618403755e-09
11.415,-0,0,1.619033084e-09
11.42,-0,0,1.619659215e-09
11.425,-0,0,1.620282293e-09
11.43,-0,0,1.620902216e-09
11.435,-0,0,1.621519078e-09
11.44,-0,0,1.622132822e-09
11.445,-0,0,1.622743563e-09
11.45,-0,0,1.623351214e-09
11.455,-0,0,1.623955862e-09
11.46,-0,0,1.624557524e-09
11.465,-0,0,1.625156171e-09
11.47,-0,0,1.625751814e-09
11.475,-0,0,1.626344513e-09
11.48,-0,0,1.626934246e-09
11.485,-0,0,1.627521049e-09
11.49,-0,0,1.628104921e-09
11.495,-0,0,1.628685872e-09
11.5,-0,0,1.629263927e-09
11.505,-0,0,1.629839098e-09
11.51,-0,0,1.630411396e-09
11.515,-0,0,1.630980844e-09
11.52,-0,0,1.63154746e-09
11.525,-0,0,1.632111238e-09
11.53,-0,0,1.63267221e-09
11.535,-0,0,1.633230374e-09
11.54,-0,0,1.633785669e-09
11.545,-0,0,1.634338276e-09
11.55,-0,0,1.634888127e-09
11.555,-0,0,1.635435258e-09
11.56,-0,0,1.635979635e-09
11.565,-0,0,1.636521286e-09
11.57,-0,0,1.637060239e-09
11.575,-0,0,1.637596528e-09
11.58,-0,0,1.638130139e-09
11.585,-0,0,1.638661081e-09
11.59,-0,0,1.639189378e-09
11.595,-0,0,1.639714992e-09
11.6,-0,0,1.640238047e-09
11.605,-0,0,1.640758494e-09
11.61,-0,0,1.641276335e-09
11.615,-0,0,1.641791594e-09
11.62,-0,0,1.642304237e-09
11.625,-0,0,1.642814374e-09
11.63,-0,0,1.643321965e-09
11.635,-0,0,1.643827026e-09
11.64,-0,0,1.644329556e-09
11.645,-0,0,1.644829586e-09
11.65,-0,0,1.64532713e-09
11.655,-0,0,1.645822187e-09
11.66,-0,0,1.646314778e-09
11.665,-0,0,1.646804914e-09
11.67,-0,0,1.647292585e-09
11.675,-0,0,1.647777848e-09
11.68,-0,0,1.64826068e-09
11.685,-0,0,1.648741107e-09
11.69,-0,0,1.649219149e-09
11.695,-0,0,1.649694747e-09
11.7,-0,0,1.650168008e-09
11.705,-0,0,1.65063887e-09
11.71,-0,0,1.65110743e-09
11.715,-0,0,1.65157365e-09
11.72,-0,0,1.652037545e-09
11.725,-0,0,1.652499118e-09
11.73,-0,0,1.652958399e-09
11.735,-0,0,1.653415395e-09
11.74,-0,0,1.653870104e-09
11.745,-0,0,1.654322546e-09
11.75,-0,0,1.654772741e-09
11.755,-0,0,1.655220686e-09
11.76,-0,0,1.655666397e-09
11.765,-0,0,1.656109902e-09
11.77,-0,0,1.656551176e-09
11.775,-0,0,1.656990265e-09
11.78,-0,0,1.657427152e-09
11.785,-0,0,1.657861865e-09
11.79,-0,0,1.658294403e-09
11.795,-0,0,1.658724787e-09
11.8,-0,0,1.659153021e-09
11.805,-0,0,1.659579137e-09
11.81,-0,0,1.660003102e-09
11.815,-0,0,1.660424961e-09
11.82,-0,0,1.660844719e-09
11.825,-0,0,1.661262383e-09
11.83,-0,0,1.661677954e-09
11.835,-0,0,1.66209146e-09
11.84,-0,0,1.662502906e-09
11.845,-0,0,1.662912299e-09
11.85,-0,0,1.663319655e-09
11.855,-0,0,1.663724966e-09
11.86,-0,0,1.66412826e-09
11.865,-0,0,1.664529497e-09
11.87,-0,0,1.664928796e-09
11.875,-0,0,1.66532608e-09
11.88,-0,0,1.665721383e-09
11.885,-0,0,1.666114691e-09
11.89,-0,0,1.666506063e-09
11.895,-0,0,1.666895507e-09
11.9,-0,0,1.667282996e-09
11.905,-0,0,1.667668546e-09
11.91,-0,0,1.668052162e-09
11.915,-0,0,1.668433876e-09
11.92,-0,0,1.668813685e-09
11.925,-0,0,1.669191601e-09
11.93,-0,0,1.669567626e-09
11.935,-0,0,1.66994177e-09
11.94,-0,0,1.670314067e-09
11.945,-0,0,1.670684509e-09
11.95,-0,0,1.671053094e-09
11.955,-0,0,1.67141979e-09
11.96,-0,0,1.671784693e-09
11.965,-0,0,1.672147794e-09
11.97,-0,0,1.672509084e-09
11.975,-0,0,1.672868561e-09
11.98,-0,0,1.673226246e-09
11.985,-0,0,1.67358208e-09
11.99,-0,0,1.673936191e-09
11.995,-0,0,1.674288556e-09
12,-0,0,1.67463916e-09
12.005,-0,0,1.674988007e-09
12.01,-0,0,1.67533512e-09
12.015,-0,0,1.675680459e-09
12.02,-0,0,1.67602411e-09
12.025,-0,0,1.676366076e-09
12.03,-0,0,1.676706329e-09
12.035,-0,0,1.677044835e-09
12.04,-0,0,1.677381693e-09
12.045,-0,0,1.677716881e-09
12.05,-0,0,1.678050404e-09
12.055,-0,0,1.678382244e-09
12.06,-0,0,1.678712448e-09
12.065,-0,0,1.679040999e-09
12.07,-0,0,1.679367898e-09
12.075,-0,0,1.67969319e-09
12.08,-0,0,1.680016846e-09
12.085,-0,0,1.680338883e-09
12.09,-0,0,1.680659331e-09
12.095,-0,0,1.680978157e-09
12.1,-0,0,1.681295398e-09
12.105,-0,0,1.681611052e-09
12.11,-0,0,1.681925135e-09
12.115,-0,0,1.682237641e-09
12.12,-0,0,1.682548578e-09
12.125,-0,0,1.682857992e-09
12.13,-0,0,1.683165865e-09
12.135,-0,0,1.683472205e-09
12.14,-0,0,1.683777009e-09
12.145,-0,0,1.684080297e-09
12.15,-0,0,1.684382075e-09
12.155,-0,0,1.684682343e-09
12.16,-0,0,1.684981127e-09
12.165,-0,0,1.6852784e-09
12.17,-0,0,1.685574101e-09
12.175,-0,0,1.685868422e-09
12.18,-0,0,1.686161235e-09
12.185,-0,0,1.686452633e-09
12.19,-0,0,1.686742579e-09
12.195,-0,0,1.687031079e-09
12.2,-0,0,1.687318152e-09
12.205,-0,0,1.687603791e-09
12.21,-0,0,1.687887997e-09
12.215,-0,0,1.688170774e-09
12.22,-0,0,1.688452142e-09
12.225,-0,0,1.688732108e-09
12.23,-0,0,1.689010689e-09
12.235,-0,0,1.689287877e-09
12.24,-0,0,1.689563678e-09
12.245,-0,0,1.689838094e-09
12.25,-0,0,1.690111146e-09
12.255,-0,0,1.690382836e-09
12.26,-0,0,1.690653175e-09
12.265,-0,0,1.690922167e-09
12.27,-0,0,1.691189811e-09
12.275,-0,0,1.69145611e-09
12.28,-0,0,1.691721102e-09
12.285,-0,0,1.691984768e-09
12.29,-0,0,1.692247113e-09
12.295,-0,0,1.692508154e-09
12.3,-0,0,1.692767903e-09
12.305,-0,0,1.693026339e-09
12.31,-0,0,1.693283496e-09
12.315,-0,0,1.693539373e-09
12.32,-0,0,1.693793871e-09
12.325,-0,0,1.694047148e-09
12.33,-0,0,1.694299211e-09
12.335,-0,0,1.694550006e-09
12.34,-0,0,1.694799563e-09
12.345,-0,0,1.695047871e-09
12.35,-0,0,1.695294943e-09
12.355,-0,0,1.695540779e-09
12.36,-0,0,1.69578538e-09
12.365,-0,0,1.696028781e-09
12.37,-0,0,1.696270962e-09
12.375,-0,0,1.696511937e-09
12.38,-0,0,1.696751705e-09
12.385,-0,0,1.696990277e-09
12.39,-0,0,1.69722766e-09
12.395,-0,0,1.697463869e-09
12.4,-0,0,1.6976989e-09
12.405,-0,0,1.697932762e-09
12.41,-0,0,1.698165444e-09
12.415,-0,0,1.698396961e-09
12.42,-0,0,1.698627322e-09
12.425,-0,0,1.69885653e-09
12.43,-0,0,1.699084588e-09
12.435,-0,0,1.699311482e-09
12.44,-0,0,1.699537236e-09
12.445,-0,0,1.699761918e-09
12.45,-0,0,1.699985474e-09
12.455,-0,0,1.700207916e-09
12.46,-0,0,1.700429198e-09
12.465,-0,0,1.700649432e-09
12.47,-0,0,1.700868564e-09
12.475,-0,0,1.701086591e-09
12.48,-0,0,1.701303503e-09
12.485,-0,0,1.701519371e-09
12.49,-0,0,1.701734159e-09
12.495,-0,0,1.701947887e-09
12.5,-0,0,1.702160543e-09
12.505,-0,0,1.702372136e-09
12.51,-0,0,1.702582682e-09
12.515,-0,0,1.702792174e-09
12.52,-0,0,1.703000568e-09
12.525,-0,0,1.703207929e-09
12.53,-0,0,1.703414312e-09
12.535,-0,0,1.703619663e-09
12.54,-0,0,1.703823994e-09
12.545,-0,0,1.704027302e-09
12.55,-0,0,1.704229585e-09
12.555,-0,0,1.704430859e-09
12.56,-0,0,1.704631126e-09
12.565,-0,0,1.704830399e-09
12.57,-0,0,1.705028675e-09
12.575,-0,0,1.705225963e-09
12.58,-0,0,1.70542227e-09
12.585,-0,0,1.705617601e-09
12.59,-0,0,1.70581196e-09
12.595,-0,0,1.706005342e-09
12.6,-0,0,1.70619776e-09
12.605,-0,0,1.706389214e-09
12.61,-0,0,1.706579715e-09
12.615,-0,0,1.70676927e-09
12.62,-0,0,1.706957884e-09
12.625,-0,0,1.707145548e-09
12.63,-0,0,1.707332278e-09
12.635,-0,0,1.707518085e-09
12.64,-0,0,1.707702956e-09
12.645,-0,0,1.707886907e-09
12.65,-0,0,1.708069953e-09
12.655,-0,0,1.708252082e-09
12.66,-0,0,1.7084333e-09
12.665,-0,0,1.708613597e-09
12.67,-0,0,1.708793006e-09
12.675,-0,0,1.708971523e-09
12.68,-0,0,1.709149143e-09
12.685,-0,0,1.709325877e-09
12.69,-0,0,1.709501732e-09
12.695,-0,0,1.709676724e-09
12.7,-0,0,1.709850823e-09
12.705,-0,0,1.710024065e-09
12.71,-0,0,1.710196439e-09
12.715,-0,0,1.710367948e-09
12.72,-0,0,1.710538618e-09
12.725,-0,0,1.710708424e-09
12.73,-0,0,1.710877403e-09
12.735,-0,0,1.71104553e-09
12.74,-0,0,1.711212815e-09
12.745,-0,0,1.711379266e-09
12.75,-0,0,1.711544881e-09
12.755,-0,0,1.711709661e-09
12.76,-0,0,1.711873641e-09
12.765,-0,0,1.712036799e-09
12.77,-0,0,1.71219914e-09
12.775,-0,0,1.712360681e-09
12.78,-0,0,1.71252139e-09
12.785,-0,0,1.712681321e-09
12.79,-0,0,1.712840431e-09
12.795,-0,0,1.712998712e-09
12.8,-0,0,1.713156155e-09
12.805,-0,0,1.713312918e-09
12.81,-0,0,1.713468902e-09
12.815,-0,0,1.713624097e-09
12.82,-0,0,1.713778519e-09
12.825,-0,0,1.713932183e-09
12.83,-0,0,1.714085067e-09
12.835,-0,0,1.714237177e-09
12.84,-0,0,1.714388546e-09
12.845,-0,0,1.714539154e-09
12.85,-0,0,1.71468902e-09
12.855,-0,0,1.71483814e-09
12.86,-0,0,1.714986511e-09
12.865,-0,0,1.715134137e-09
12.87,-0,0,1.715281032e-09
12.875,-0,0,1.715427189e-09
12.88,-0,0,1.71557262e-09
12.885,-0,0,1.715717332e-09
12.89,-0,0,1.71586132e-09
12.895,-0,0,1.716004528e-09
12.9,-0,0,1.716147084e-09
12.905,-0,0,1.716288917e-09
12.91,-0,0,1.716430043e-09
12.915,-0,0,1.716570473e-09
12.92,-0,0,1.716710206e-09
12.925,-0,0,1.716849188e-09
12.93,-0,0,1.716987527e-09
12.935,-0,0,1.717125107e-09
12.94,-0,0,1.717262076e-09
12.945,-0,0,1.717398357e-09
12.95,-0,0,1.717533961e-09
12.955,-0,0,1.717668889e-09
12.96,-0,0,1.717803142e-09
12.965,-0,0,1.71793671e-09
12.97,-0,0,1.71806958e-09
12.975,-0,0,1.718201818e-09
12.98,-0,0,1.718333407e-09
12.985,-0,0,1.71846434e-09
12.99,-0,0,1.718594622e-09
12.995,-0,0,1.718724245e-09
13,-0,0,1.718853236e-09
13.005,-0,0,1.718981576e-09
13.01,-0,0,1.719109265e-09
13.015,-0,0,1.719236319e-09
13.02,-0,0,1.719362752e-09
13.025,-0,0,1.719488557e-09
13.03,-0,0,1.719613723e-09
13.035,-0,0,1.719738278e-09
13.04,-0,0,1.719862202e-09
13.045,-0,0,1.719985512e-09
13.05,-0,0,1.720108219e-09
13.055,-0,0,1.720230289e-09
13.06,-0,0,1.720351773e-09
13.065,-0,0,1.720472639e-09
13.07,-0,0,1.720592893e-09
13.075,-0,0,1.720712558e-09
13.08,-0,0,1.720831618e-09
13.085,-0,0,1.720950083e-09
13.09,-0,0,1.721067969e-09
13.095,-0,0,1.721185267e-09
13.1,-0,0,1.721301935e-09
13.105,-0,0,1.721418068e-09
13.11,-0,0,1.721533566e-09
13.115,-0,0,1.721648497e-09
13.12,-0,0,1.72176289e-09
13.125,-0,0,1.721876722e-09
13.13,-0,0,1.721989979e-09
13.135,-0,0,1.722102674e-09
13.14,-0,0,1.722214804e-09
13.145,-0,0,1.722326371e-09
13.15,-0,0,1.722437389e-09
13.155,-0,0,1.722547865e-09
13.16,-0,0,1.72265777e-09
13.165,-0,0,1.722767126e-09
13.17,-0,0,1.722875944e-09
13.175,-0,0,1.722984223e-09
13.18,-0,0,1.723091959e-09
13.185,-0,0,1.723199174e-09
13.19,-0,0,1.723305852e-09
13.195,-0,0,1.723411977e-09
13.2,-0,0,1.723517586e-09
13.205,-0,0,1.723622663e-09
13.21,-0,0,1.723727217e-09
13.215,-0,0,1.723831228e-09
13.22,-0,0,1.723934738e-09
13.225,-0,0,1.724037732e-09
13.23,-0,0,1.72414022e-09
13.235,-0,0,1.724242201e-09
13.24,-0,0,1.724343652e-09
13.245,-0,0,1.724444617e-09
13.25,-0,0,1.724545073e-09
13.255,-0,0,1.724645014e-09
13.26,-0,0,1.72474446e-09
13.265,-0,0,1.72484341e-09
13.27,-0,0,1.724941876e-09
13.275,-0,0,1.72503984e-09
13.28,-0,0,1.725137319e-09
13.285,-0,0,1.725234319e-09
13.29,-0,0,1.725330839e-09
13.295,-0,0,1.725426872e-09
13.3,-0,0,1.725522383e-09
13.305,-0,0,1.725617459e-09
13.31,-0,0,1.725712059e-09
13.315,-0,0,1.725806137e-09
13.32,-0,0,1.72589979e-09
13.325,-0,0,1.725992981e-09
13.33,-0,0,1.726085718e-09
13.335,-0,0,1.726177982e-09
13.34,-0,0,1.726269784e-09
13.345,-0,0,1.726361145e-09
13.35,-0,0,1.726452038e-09
13.355,-0,0,1.726542442e-09
13.36,-0,0,1.726632421e-09
13.365,-0,0,1.726721955e-09
13.37,-0,0,1.726811055e-09
13.375,-0,0,1.726899705e-09
13.38,-0,0,1.726987917e-09
13.385,-0,0,1.727075684e-09
13.39,-0,0,1.72716297e-09
13.395,-0,0,1.727249867e-09
13.4,-0,0,1.72733634e-09
13.405,-0,0,1.727422367e-09
13.41,-0,0,1.727507974e-09
13.415,-0,0,1.727593102e-09
13.42,-0,0,1.727677863e-09
13.425,-0,0,1.727762192e-09
13.43,-0,0,1.727846101e-09
13.435,-0,0,1.727929533e-09
13.44,-0,0,1.728012603e-09
13.445,-0,0,1.728095253e-09
13.45,-0,0,1.728177506e-09
13.455,-0,0,1.728259339e-09
13.46,-0,0,1.728340766e-09
13.465,-0,0,1.728421806e-09
13.47,-0,0,1.728502421e-09
13.475,-0,0,1.728582643e-09
13.48,-0,0,1.728662445e-09
13.485,-0,0,1.728741861e-09
13.49,-0,0,1.728820886e-09
13.495,-0,0,1.728899514e-09
13.5,-0,0,1.728977746e-09
13.505,-0,0,1.729055577e-09
13.51,-0,0,1.729133027e-09
13.515,-0,0,1.729210117e-09
13.52,-0,0,1.729286795e-09
13.525,-0,0,1.729363094e-09
13.53,-0,0,1.72943896e-09
13.535,-0,0,1.729514517e-09
13.54,-0,0,1.729589665e-09
13.545,-0,0,1.729664447e-09
13.55,-0,0,1.729738861e-09
13.555,-0,0,1.729812897e-09
13.56,-0,0,1.729886587e-09
13.565,-0,0,1.729959891e-09
13.57,-0,0,1.730032848e-09
13.575,-0,0,1.730105433e-09
13.58,-0,0,1.730177647e-09
13.585,-0,0,1.730249499e-09
13.59,-0,0,1.730321012e-09
13.595,-0,0,1.730392156e-09
13.6,-0,0,1.730462953e-09
13.605,-0,0,1.730533407e-09
13.61,-0,0,1.730603492e-09
13.615,-0,0,1.730673227e-09
13.62,-0,0,1.730742619e-09
13.625,-0,0,1.730811651e-09
13.63,-0,0,1.73088035e-09
13.635,-0,0,1.73094872e-09
13.64,-0,0,1.731016734e-09
13.645,-0,0,1.731084366e-09
13.65,-0,0,1.731151705e-09
13.655,-0,0,1.7312187e-09
13.66,-0,0,1.731285364e-09
13.665,-0,0,1.731351702e-09
13.67,-0,0,1.73141771e-09
13.675,-0,0,1.731483402e-09
13.68,-0,0,1.73154876e-09
13.685,-0,0,1.731613779e-09
13.69,-0,0,1.731678414e-09
13.695,-0,0,1.731742787e-09
13.7,-0,0,1.731806838e-09
13.705,-0,0,1.731870578e-09
13.71,-0,0,1.731933986e-09
13.715,-0,0,1.731997085e-09
13.72,-0,0,1.73205987e-09
13.725,-0,0,1.732122348e-09
13.73,-0,0,1.732184508e-09
13.735,-0,0,1.73224636e-09
13.74,-0,0,1.732307902e-09
13.745,-0,0,1.732369148e-09
13.75,-0,0,1.732430072e-09
13.755,-0,0,1.732490691e-09
13.76,-0,0,1.732551013e-09
13.765,-0,0,1.732610983e-09
13.77,-0,0,1.732670706e-09
13.775,-0,0,1.732730114e-09
13.78,-0,0,1.732789245e-09
13.785,-0,0,1.732848073e-09
13.79,-0,0,1.732906608e-09
13.795,-0,0,1.73296486e-09
13.8,-0,0,1.733022832e-09
13.805,-0,0,1.733080509e-09
13.81,-0,0,1.733137877e-09
13.815,-0,0,1.733194978e-09
13.82,-0,0,1.733251771e-09
13.825,-0,0,1.7333083e-09
13.83,-0,0,1.733364506e-09
13.835,-0,0,1.733420453e-09
13.84,-0,0,1.733476122e-09
13.845,-0,0,1.733531532e-09
13.85,-0,0,1.733586674e-09
13.855,-0,0,1.733641535e-09
13.86,-0,0,1.733696118e-09
13.865,-0,0,1.733750444e-09
13.87,-0,0,1.73380449e-09
13.875,-0,0,1.733858278e-09
13.88,-0,0,1.733911774e-09
13.885,-0,0,1.733965011e-09
13.89,-0,0,1.734017979e-09
13.895,-0,0,1.734070695e-09
13.9,-0,0,1.734123141e-09
13.905,-0,0,1.734175326e-09
13.91,-0,0,1.734227249e-09
13.915,-0,0,1.734278911e-09
13.92,-0,0,1.734330317e-09
13.925,-0,0,1.734381471e-09
13.93,-0,0,1.734432379e-09
13.935,-0,0,1.734482983e-09
13.94,-0,0,1.734533373e-09
13.945,-0,0,1.73458353e-09
13.95,-0,0,1.734633426e-09
13.955,-0,0,1.734683064e-09
13.96,-0,0,1.734732453e-09
13.965,-0,0,1.734781597e-09
13.97,-0,0,1.7348305e-09
13.975,-0,0,1.734879157e-09
13.98,-0,0,1.734927565e-09
13.985,-0,0,1.734975742e-09
13.99,-0,0,1.735023683e-09
13.995,-0,0,1.735071374e-09
14,-0,0,1.73511883e-09
14.005,-0,0,1.735166036e-09
14.01,-0,0,1.735213023e-09
14.015,-0,0,1.73525977e-09
14.02,-0,0,1.735306275e-09
14.025,-0,0,1.735352555e-09
14.03,-0,0,1.735398597e-09
14.035,-0,0,1.735444424e-09
14.04,-0,0,1.735490018e-09
14.045,-0,0,1.735535376e-09
14.05,-0,0,1.735580513e-09
14.055,-0,0,1.735625414e-09
14.06,-0,0,1.735670097e-09
14.065,-0,0,1.735714565e-09
14.07,-0,0,1.735758796e-09
14.075,-0,0,1.735802809e-09
14.08,-0,0,1.735846613e-09
14.085,-0,0,1.735890158e-09
14.09,-0,0,1.735933522e-09
14.095,-0,0,1.735976629e-09
14.1,-0,0,1.73601958e-09
14.105,-0,0,1.736062303e-09
14.11,-0,0,1.736104776e-09
14.115,-0,0,1.736147085e-09
14.12,-0,0,1.736189166e-09
14.125,-0,0,1.736231035e-09
14.13,-0,0,1.736272713e-09
14.135,-0,0,1.736314163e-09
14.14,-0,0,1.736355417e-09
14.145,-0,0,1.736396414e-09
14.15,-0,0,1.736437255e-09
14.155,-0,0,1.736477903e-09
14.16,-0,0,1.736518345e-09
14.165,-0,0,1.73655858e-09
14.17,-0,0,1.736598617e-09
14.175,-0,0,1.736638416e-09
14.18,-0,0,1.736678002e-09
14.185,-0,0,1.736717432e-09
14.19,-0,0,1.736756676e-09
14.195,-0,0,1.73679572e-09
14.2,-0,0,1.736834577e-09
14.205,-0,0,1.736873239e-09
14.21,-0,0,1.736911689e-09
14.215,-0,0,1.736949964e-09
14.22,-0,0,1.736988035e-09
14.225,-0,0,1.737025927e-09
14.23,-0,0,1.737063648e-09
14.235,-0,0,1.737101156e-09
14.24,-0,0,1.737138486e-09
14.245,-0,0,1.737175624e-09
14.25,-0,0,1.737212587e-09
14.255,-0,0,1.737249371e-09
14.26,-0,0,1.737285972e-09
14.265,-0,0,1.737322372e-09
14.27,-0,0,1.737358591e-09
14.275,-0,0,1.73739464e-09
14.28,-0,0,1.737430504e-09
14.285,-0,0,1.737466176e-09
14.29,-0,0,1.737501664e-09
14.295,-0,0,1.737537e-09
14.3,-0,0,1.737572138e-09
14.305,-0,0,1.737607119e-09
14.31,-0,0,1.737641924e-09
14.315,-0,0,1.737676555e-09
14.32,-0,0,1.737711031e-09
14.325,-0,0,1.737745312e-09
14.33,-0,0,1.737779414e-09
14.335,-0,0,1.737813365e-09
14.34,-0,0,1.737847141e-09
14.345,-0,0,1.737880755e-09
14.35,-0,0,1.737914205e-09
14.355,-0,0,1.737947435e-09
14.36,-0,0,1.737980555e-09
14.365,-0,0,1.738013505e-09
14.37,-0,0,1.738046294e-09
14.375,-0,0,1.738078907e-09
14.38,-0,0,1.738111362e-09
14.385,-0,0,1.738143604e-09
14.39,-0,0,1.738175735e-09
14.395,-0,0,1.738207686e-09
14.4,-0,0,1.738239495e-09
14.405,-0,0,1.738271142e-09
14.41,-0,0,1.738302647e-09
14.415,-0,0,1.738333994e-09
14.42,-0,0,1.73836518e-09
14.425,-0,0,1.738396179e-09
14.43,-0,0,1.738427051e-09
14.435,-0,0,1.73845776e-09
14.44,-0,0,1.738488317e-09
14.445,-0,0,1.738518707e-09
14.45,-0,0,1.7385489e-09
14.455,-0,0,1.73857901e-09
14.46,-0,0,1.738608973e-09
14.465,-0,0,1.738638789e-09
14.47,-0,0,1.738668458e-09
14.475,-0,0,1.738697968e-09
14.48,-0,0,1.73872733e-09
14.485,-0,0,1.738756555e-09
14.49,-0,0,1.738785637e-09
14.495,-0,0,1.738814564e-09
14.5,-0,0,1.73884336e-09
14.505,-0,0,1.738872015e-09
14.51,-0,0,1.738900505e-09
14.515,-0,0,1.738928853e-09
14.52,-0,0,1.738957071e-09
14.525,-0,0,1.738985145e-09
14.53,-0,0,1.739013077e-09
14.535,-0,0,1.739040871e-09
14.54,-0,0,1.739068479e-09
14.545,-0,0,1.739095999e-09
14.55,-0,0,1.739123392e-09
14.555,-0,0,1.73915065e-09
14.56,-0,0,1.739177722e-09
14.565,-0,0,1.739204693e-09
14.57,-0,0,1.739231532e-09
14.575,-0,0,1.739258235e-09
14.58,-0,0,1.739284803e-09
14.585,-0,0,1.739311242e-09
14.59,-0,0,1.739337567e-09
14.595,-0,0,1.739363685e-09
14.6,-0,0,1.739389735e-09
14.605,-0,0,1.73941567e-09
14.61,-0,0,1.739441451e-09
14.615,-0,0,1.739467107e-09
14.62,-0,0,1.739492627e-09
14.625,-0,0,1.739518026e-09
14.63,-0,0,1.739543236e-09
14.635,-0,0,1.739568386e-09
14.64,-0,0,1.739593395e-09
14.645,-0,0,1.739618291e-09
14.65,-0,0,1.739643073e-09
14.655,-0,0,1.739667722e-09
14.66,-0,0,1.739692253e-09
14.665,-0,0,1.739716664e-09
14.67,-0,0,1.739740951e-09
14.675,-0,0,1.739765118e-09
14.68,-0,0,1.739789161e-09
14.685,-0,0,1.739813081e-09
14.69,-0,0,1.739836895e-09
14.695,-0,0,1.739860583e-09
14.7,-0,0,1.739884091e-09
14.705,-0,0,1.739907549e-09
14.71,-0,0,1.739930866e-09
14.715,-0,0,1.739954097e-09
14.72,-0,0,1.739977204e-09
14.725,-0,0,1.74000014e-09
14.73,-0,0,1.740023011e-09
14.735,-0,0,1.740045767e-09
14.74,-0,0,1.740068403e-09
14.745,-0,0,1.740090944e-09
14.75,-0,0,1.740113372e-09
14.755,-0,0,1.740135671e-09
14.76,-0,0,1.740157822e-09
14.765,-0,0,1.7401799e-09
14.77,-0,0,1.740201876e-09
14.775,-0,0,1.740223744e-09
14.78,-0,0,1.740245502e-09
14.785,-0,0,1.74026714e-09
14.79,-0,0,1.740288674e-09
14.795,-0,0,1.740310044e-09
14.8,-0,0,1.740331352e-09
14.805,-0,0,1.740352513e-09
14.81,-0,0,1.740373631e-09
14.815,-0,0,1.740394638e-09
14.82,-0,0,1.740415546e-09
14.825,-0,0,1.740436357e-09
14.83,-0,0,1.740456999e-09
14.835,-0,0,1.740477538e-09
14.84,-0,0,1.74049803e-09
14.845,-0,0,1.740518425e-09
14.85,-0,0,1.740538707e-09
14.855,-0,0,1.74055891e-09
14.86,-0,0,1.740578999e-09
14.865,-0,0,1.740598987e-09
14.87,-0,0,1.740618876e-09
14.875,-0,0,1.740638659e-09
14.88,-0,0,1.740658338e-09
14.885,-0,0,1.740677935e-09
14.89,-0,0,1.740697428e-09
14.895,-0,0,1.740716832e-09
14.9,-0,0,1.740736139e-09
14.905,-0,0,1.740755343e-09
14.91,-0,0,1.740774444e-09
14.915,-0,0,1.740793452e-09
14.92,-0,0,1.740812358e-09
14.925,-0,0,1.740831129e-09
14.93,-0,0,1.740849852e-09
14.935,-0,0,1.740868485e-09
14.94,-0,0,1.740887018e-09
14.945,-0,0,1.740905464e-09
14.95,-0,0,1.740923826e-09
14.955,-0,0,1.740942079e-09
14.96,-0,0,1.740960197e-09
14.965,-0,0,1.740978272e-09
14.97,-0,0,1.740996277e-09
14.975,-0,0,1.741014172e-09
14.98,-0,0,1.74103197e-09
14.985,-0,0,1.741049701e-09
14.99,-0,0,1.741067346e-09
14.995,-0,0,1.741084907e-09
15,-0,0,1.741102372e-09
15.005,-0,0,1.741119728e-09
15.01,-0,0,1.741137029e-09
15.015,-0,0,1.741154177e-09
15.02,-0,0,1.741171238e-09
15.025,-0,0,1.741188281e-09
15.03,-0,0,1.74120522e-09
15.035,-0,0,1.74122208e-09
15.04,-0,0,1.741238877e-09
15.045,-0,0,1.741255528e-09
15.05,-0,0,1.741272134e-09
15.055,-0,0,1.741288663e-09
15.06,-0,0,1.741305104e-09
15.065,-0,0,1.741321481e-09
15.07,-0,0,1.741337746e-09
15.075,-0,0,1.741353961e-09
15.08,-0,0,1.741370078e-09
15.085,-0,0,1.741386121e-09
15.09,-0,0,1.7414021e-09
15.095,-0,0,1.741417991e-09
15.1,-0,0,1.741433785e-09
15.105,-0,0,1.741449516e-09
15.11,-0,0,1.741465158e-09
15.115,-0,0,1.741480739e-09
15.12,-0,0,1.74149623e-09
15.125,-0,0,1.741511628e-09
15.13,-0,0,1.741526955e-09
15.135,-0,0,1.741542229e-09
15.14,-0,0,1.741557413e-09
15.145,-0,0,1.741572514e-09
15.15,-0,0,1.741587537e-09
15.155,-0,0,1.741602501e-09
15.16,-0,0,1.741617385e-09
15.165,-0,0,1.741632194e-09
15.17,-0,0,1.741646928e-09
15.175,-0,0,1.741661584e-09
15.18,-0,0,1.741676161e-09
15.185,-0,0,1.741690669e-09
15.19,-0,0,1.741705105e-09
15.195,-0,0,1.741719461e-09
15.2,-0,0,1.741733749e-09
15.205,-0,0,1.741747966e-09
15.21,-0,0,1.741762115e-09
15.215,-0,0,1.74177619e-09
15.22,-0,0,1.741790141e-09
15.225,-0,0,1.741804089e-09
15.23,-0,0,1.741817903e-09
15.235,-0,0,1.741831701e-09
15.24,-0,0,1.741845441e-09
15.245,-0,0,1.741859097e-09
15.25,-0,0,1.741872691e-09
15.255,-0,0,1.741886233e-09
15.26,-0,0,1.741899702e-09
15.265,-0,0,1.741913095e-09
15.27,-0,0,1.741926432e-09
15.275,-0,0,1.7419397e-09
15.28,-0,0,1.741952888e-09
15.285,-0,0,1.741966004e-09
15.29,-0,0,1.741979018e-09
15.295,-0,0,1.741991982e-09
15.3,-0,0,1.742004919e-09
15.305,-0,0,1.742017784e-09
15.31,-0,0,1.742030594e-09
15.315,-0,0,1.742043333e-09
15.32,-0,0,1.74205601e-09
15.325,-0,0,1.742068617e-09
15.33,-0,0,1.74208117e-09
15.335,-0,0,1.742093613e-09
15.34,-0,0,1.742106045e-09
15.345,-0,0,1.742118419e-09
15.35,-0,0,1.742130734e-09
15.355,-0,0,1.742142971e-09
15.36,-0,0,1.742155143e-09
15.365,-0,0,1.742167268e-09
15.37,-0,0,1.742179329e-09
15.375,-0,0,1.742191332e-09
15.38,-0,0,1.742203262e-09
15.385,-0,0,1.742215133e-09
15.39,-0,0,1.742226945e-09
15.395,-0,0,1.742238707e-09
15.4,-0,0,1.742250423e-09
15.405,-0,0,1.742262061e-09
15.41,-0,0,1.742273647e-09
15.415,-0,0,1.742285176e-09
15.42,-0,0,1.742296652e-09
15.425,-0,0,1.742308072e-09
15.43,-0,0,1.742319433e-09
15.435,-0,0,1.742330681e-09
15.44,-0,0,1.742341914e-09
15.445,-0,0,1.74235309e-09
15.45,-0,0,1.742364234e-09
15.455,-0,0,1.742375323e-09
15.46,-0,0,1.742386352e-09
15.465,-0,0,1.742397304e-09
15.47,-0,0,1.742408217e-09
15.475,-0,0,1.742419064e-09
15.48,-0,0,1.742429869e-09
15.485,-0,0,1.742440608e-09
15.49,-0,0,1.742451308e-09
15.495,-0,0,1.742461942e-09
15.5,-0,0,1.742472531e-09
15.505,-0,0,1.742483057e-09
15.51,-0,0,1.742493547e-09
15.515,-0,0,1.742503983e-09
15.52,-0,0,1.74251436e-09
15.525,-0,0,1.742524702e-09
15.53,-0,0,1.742534982e-09
15.535,-0,0,1.742545219e-09
15.54,-0,0,1.742555347e-09
15.545,-0,0,1.742565472e-09
15.55,-0,0,1.742575493e-09
15.555,-0,0,1.742585512e-09
15.56,-0,0,1.742595478e-09
15.565,-0,0,1.7426054e-09
15.57,-0,0,1.742615265e-09
15.575,-0,0,1.742625089e-09
15.58,-0,0,1.742634859e-09
15.585,-0,0,1.742644598e-09
15.59,-0,0,1.742654286e-09
15.595,-0,0,1.742663908e-09
15.6,-0,0,1.742673489e-09
15.605,-0,0,1.742683019e-09
15.61,-0,0,1.742692506e-09
15.615,-0,0,1.742701933e-09
15.62,-0,0,1.742711333e-09
15.625,-0,0,1.742720692e-09
15.63,-0,0,1.742729977e-09
15.635,-0,0,1.742739225e-09
15.64,-0,0,1.742748427e-09
15.645,-0,0,1.742757589e-09
15.65,-0,0,1.742766682e-09
15.655,-0,0,1.742775752e-09
15.66,-0,0,1.742784728e-09
15.665,-0,0,1.742793656e-09
15.67,-0,0,1.742802575e-09
15.675,-0,0,1.742811459e-09
15.68,-0,0,1.742820309e-09
15.685,-0,0,1.742829121e-09
15.69,-0,0,1.742837887e-09
15.695,-0,0,1.742846565e-09
15.7,-0,0,1.742855252e-09
15.705,-0,0,1.74286389e-09
15.71,-0,0,1.742872485e-09
15.715,-0,0,1.742881038e-09
15.72,-0,0,1.742889533e-09
15.725,-0,0,1.742897996e-09
15.73,-0,0,1.742906412e-09
15.735,-0,0,1.742914757e-09
15.74,-0,0,1.742923096e-09
15.745,-0,0,1.742931377e-09
15.75,-0,0,1.74293962e-09
15.755,-0,0,1.742947843e-09
15.76,-0,0,1.742956011e-09
15.765,-0,0,1.74296414e-09
15.77,-0,0,1.742972231e-09
15.775,-0,0,1.742980258e-09
15.78,-0,0,1.742988268e-09
15.785,-0,0,1.742996249e-09
15.79,-0,0,1.743004146e-09
15.795,-0,0,1.743012029e-09
15.8,-0,0,1.74301987e-09
15.805,-0,0,1.74302768e-09
15.81,-0,0,1.743035446e-09
15.815,-0,0,1.743043168e-09
15.82,-0,0,1.743050867e-09
15.825,-0,0,1.743058489e-09
15.83,-0,0,1.743066103e-09
15.835,-0,0,1.743073702e-09
15.84,-0,0,1.743081231e-09
15.845,-0,0,1.74308875e-09
15.85,-0,0,1.743096217e-09
15.855,-0,0,1.743103647e-09
15.86,-0,0,1.743111033e-09
15.865,-0,0,1.743118393e-09
15.87,-0,0,1.743125729e-09
15.875,-0,0,1.743132959e-09
15.88,-0,0,1.743140196e-09
15.885,-0,0,1.743147396e-09
15.89,-0,0,1.743154531e-09
15.895,-0,0,1.743161614e-09
15.9,-0,0,1.743168731e-09
15.905,-0,0,1.743175802e-09
15.91,-0,0,1.743182834e-09
15.915,-0,0,1.74318984e-09
15.92,-0,0,1.743196807e-09
15.925,-0,0,1.743203735e-09
15.93,-0,0,1.743210631e-09
15.935,-0,0,1.74321749e-09
15.94,-0,0,1.743224315e-09
15.945,-0,0,1.743231099e-09
15.95,-0,0,1.743237817e-09
15.955,-0,0,1.74324454e-09
15.96,-0,0,1.743251228e-09
15.965,-0,0,1.743257893e-09
15.97,-0,0,1.743264527e-09
15.975,-0,0,1.743271109e-09
15.98,-0,0,1.743277662e-09
15.985,-0,0,1.743284179e-09
15.99,-0,0,1.743290667e-09
15.995,-0,0,1.743297081e-09
16,-0,0,1.743303525e-09
16.005,-0,0,1.743309921e-09
16.01,-0,0,1.743316287e-09
16.015,-0,0,1.743322518e-09
16.02,-0,0,1.743328825e-09
16.025,-0,0,1.743335107e-09
16.03,-0,0,1.743341345e-09
16.035,-0,0,1.743347565e-09
16.04,-0,0,1.743353741e-09
16.045,-0,0,1.743359892e-09
16.05,-0,0,1.743366005e-09
16.055,-0,0,1.743372087e-09
16.06,-0,0,1.743378137e-09
16.065,-0,0,1.743384181e-09
16.07,-0,0,1.743390155e-09
16.075,-0,0,1.743396131e-09
16.08,-0,0,1.743402065e-09
16.085,-0,0,1.743407967e-09
16.09,-0,0,1.743413838e-09
16.095,-0,0,1.743419677e-09
16.1,-0,0,1.743425494e-09
16.105,-0,0,1.743431277e-09
16.11,-0,0,1.74343704e-09
16.115,-0,0,1.743442767e-09
16.12,-0,0,1.743448485e-09
16.125,-0,0,1.74345415e-09
16.13,-0,0,1.743459796e-09
16.135,-0,0,1.743465429e-09
16.14,-0,0,1.743471013e-09
16.145,-0,0,1.743476582e-09
16.15,-0,0,1.743482109e-09
16.155,-0,0,1.743487626e-09
16.16,-0,0,1.743493101e-09
16.165,-0,0,1.743498548e-09
16.17,-0,0,1.743503967e-09
16.175,-0,0,1.743509383e-09
16.18,-0,0,1.743514701e-09
16.185,-0,0,1.743520027e-09
16.19,-0,0,1.743525342e-09
16.195,-0,0,1.743530624e-09
16.2,-0,0,1.743535873e-09
16.205,-0,0,1.743541054e-09
16.21,-0,0,1.743546274e-09
16.215,-0,0,1.743551455e-09
16.22,-0,0,1.743556616e-09
16.225,-0,0,1.743561745e-09
16.23,-0,0,1.743566853e-09
16.235,-0,0,1.743571952e-09
16.24,-0,0,1.743577003e-09
16.245,-0,0,1.743582031e-09
16.25,-0,0,1.743587033e-09
16.255,-0,0,1.743592027e-09
16.26,-0,0,1.743596992e-09
16.265,-0,0,1.743601916e-09
16.27,-0,0,1.743606832e-09
16.275,-0,0,1.743611715e-09
16.28,-0,0,1.743616576e-09
16.285,-0,0,1.743621408e-09
16.29,-0,0,1.743626223e-09
16.295,-0,0,1.743631001e-09
16.3,-0,0,1.743635776e-09
16.305,-0,0,1.74364051e-09
16.31,-0,0,1.743645227e-09
16.315,-0,0,1.743649923e-09
16.32,-0,0,1.743654597e-09
16.325,-0,0,1.743659147e-09
16.33,-0,0,1.743663765e-09
16.335,-0,0,1.743668312e-09
16.34,-0,0,1.743672882e-09
16.345,-0,0,1.743677436e-09
16.35,-0,0,1.743681981e-09
16.355,-0,0,1.743686466e-09
16.36,-0,0,1.743690946e-09
16.365,-0,0,1.743695401e-09
16.37,-0,0,1.743699853e-09
16.375,-0,0,1.743704274e-09
16.38,-0,0,1.743708681e-09
16.385,-0,0,1.743713048e-09
16.39,-0,0,1.743717393e-09
16.395,-0,0,1.743721733e-09
16.4,-0,0,1.743726041e-09
16.405,-0,0,1.743730336e-09
16.41,-0,0,1.743734611e-09
16.415,-0,0,1.74373885e-09
16.42,-0,0,1.743743053e-09
16.425,-0,0,1.743747267e-09
16.43,-0,0,1.743751456e-09
16.435,-0,0,1.743755626e-09
16.44,-0,0,1.743759724e-09
16.445,-0,0,1.743763861e-09
16.45,-0,0,1.743767959e-09
16.455,-0,0,1.743772038e-09
