#Exudyn implicit second order time integration sensor output file
#measure KinematicTree number = 1
#OutputVariableType = Rotation
#simulation started = 2025-08-12,13:59:31
#columns contain: time, comma separated sensor values (e.g, x,y,z position coordinates)
#number of sensor values = 3
#Exudyn version = 1.10.0; Python3.13.2; Windows AVX2 FLOAT64
#
0,-0,0,-0
0.005,-0,0,-5.497787045e-05
0.01,-0,0,-0.0002199114838
0.015,-0,0,-0.00049480084
0.02,-0,0,-0.0008796459391
0.025,-0,0,-0.001374446781
0.03,-0,0,-0.001979203366
0.035,-0,0,-0.002693915694
0.04,-0,0,-0.003518583764
0.045,-0,0,-0.004453207578
0.05,-0,0,-0.005497787134
0.055,-0,0,-0.006652322434
0.06,-0,0,-0.007916813476
0.065,-0,0,-0.009291260261
0.07,-0,0,-0.01077566279
0.075,-0,0,-0.01237002106
0.08,-0,0,-0.01407433507
0.085,-0,0,-0.01588860483
0.09,-0,0,-0.01781283033
0.095,-0,0,-0.01984701157
0.1,-0,0,-0.02199114856
0.105,-0,0,-0.02424524129
0.11,-0,0,-0.02660928976
0.115,-0,0,-0.02908329397
0.12,-0,0,-0.03166725393
0.125,-0,0,-0.03436116963
0.13,-0,0,-0.03716504107
0.135,-0,0,-0.04007886826
0.14,-0,0,-0.04310265118
0.145,-0,0,-0.04623638985
0.15,-0,0,-0.04948008427
0.155,-0,0,-0.05283373443
0.16,-0,0,-0.05629734033
0.165,-0,0,-0.05987090197
0.17,-0,0,-0.06355441935
0.175,-0,0,-0.06734789248
0.18,-0,0,-0.07125132135
0.185,-0,0,-0.07526470597
0.19,-0,0,-0.07938804633
0.195,-0,0,-0.08362134243
0.2,-0,0,-0.08796459427
0.205,-0,0,-0.09241780186
0.21,-0,0,-0.09698096519
0.215,-0,0,-0.1016540843
0.22,-0,0,-0.1064371591
0.225,-0,0,-0.1113301896
0.23,-0,0,-0.1163331759
0.235,-0,0,-0.121446118
0.24,-0,0,-0.1266690158
0.245,-0,0,-0.1320018693
0.25,-0,0,-0.1374446786
0.255,-0,0,-0.1429974436
0.26,-0,0,-0.1486601643
0.265,-0,0,-0.1544328408
0.27,-0,0,-0.1603154731
0.275,-0,0,-0.1663080611
0.28,-0,0,-0.1724106048
0.285,-0,0,-0.1786231043
0.29,-0,0,-0.1849455595
0.295,-0,0,-0.1913779704
0.3,-0,0,-0.1979203371
0.305,-0,0,-0.2045726596
0.31,-0,0,-0.2113349378
0.315,-0,0,-0.2182071717
0.32,-0,0,-0.2251893614
0.325,-0,0,-0.2322815068
0.33,-0,0,-0.239483608
0.335,-0,0,-0.2467956649
0.34,-0,0,-0.2542176775
0.345,-0,0,-0.2617496459
0.35,-0,0,-0.26939157
0.355,-0,0,-0.2771434499
0.36,-0,0,-0.2850052855
0.365,-0,0,-0.2929770769
0.37,-0,0,-0.301058824
0.375,-0,0,-0.3092505268
0.38,-0,0,-0.3175521854
0.385,-0,0,-0.3259637997
0.39,-0,0,-0.3344853698
0.395,-0,0,-0.3431168956
0.4,-0,0,-0.3518583772
0.405,-0,0,-0.3607098145
0.41,-0,0,-0.3696712075
0.415,-0,0,-0.3787425563
0.42,-0,0,-0.3879238608
0.425,-0,0,-0.3972151211
0.43,-0,0,-0.4066163371
0.435,-0,0,-0.4161275089
0.44,-0,0,-0.4257486364
0.445,-0,0,-0.4354797196
0.45,-0,0,-0.4453207586
0.455,-0,0,-0.4552717534
0.46,-0,0,-0.4653327038
0.465,-0,0,-0.4755036101
0.47,-0,0,-0.485784472
0.475,-0,0,-0.4961752897
0.48,-0,0,-0.5066760632
0.485,-0,0,-0.5172867924
0.49,-0,0,-0.5280074773
0.495,-0,0,-0.538838118
0.5,-0,0,-0.5497787144
0.505,-0,0,-0.5607193108
0.51,-0,0,-0.5715499515
0.515,-0,0,-0.5822706364
0.52,-0,0,-0.5928813656
0.525,-0,0,-0.603382139
0.53,-0,0,-0.6137729567
0.535,-0,0,-0.6240538187
0.54,-0,0,-0.6342247249
0.545,-0,0,-0.6442856754
0.55,-0,0,-0.6542366701
0.555,-0,0,-0.6640777091
0.56,-0,0,-0.6738087924
0.565,-0,0,-0.6834299199
0.57,-0,0,-0.6929410916
0.575,-0,0,-0.7023423076
0.58,-0,0,-0.7116335679
0.585,-0,0,-0.7208148725
0.59,-0,0,-0.7298862212
0.595,-0,0,-0.7388476143
0.6,-0,0,-0.7476990516
0.605,-0,0,-0.7564405332
0.61,-0,0,-0.765072059
0.615,-0,0,-0.773593629
0.62,-0,0,-0.7820052434
0.625,-0,0,-0.790306902
0.63,-0,0,-0.7984986048
0.635,-0,0,-0.8065803519
0.64,-0,0,-0.8145521433
0.645,-0,0,-0.8224139789
0.65,-0,0,-0.8301658588
0.655,-0,0,-0.8378077829
0.66,-0,0,-0.8453397513
0.665,-0,0,-0.8527617639
0.67,-0,0,-0.8600738208
0.675,-0,0,-0.867275922
0.68,-0,0,-0.8743680674
0.685,-0,0,-0.8813502571
0.69,-0,0,-0.888222491
0.695,-0,0,-0.8949847692
0.7,-0,0,-0.9016370916
0.705,-0,0,-0.9081794583
0.71,-0,0,-0.9146118693
0.715,-0,0,-0.9209343245
0.72,-0,0,-0.927146824
0.725,-0,0,-0.9332493677
0.73,-0,0,-0.9392419557
0.735,-0,0,-0.9451245879
0.74,-0,0,-0.9508972645
0.745,-0,0,-0.9565599852
0.75,-0,0,-0.9621127502
0.755,-0,0,-0.9675555595
0.76,-0,0,-0.972888413
0.765,-0,0,-0.9781113108
0.77,-0,0,-0.9832242529
0.775,-0,0,-0.9882272392
0.78,-0,0,-0.9931202697
0.785,-0,0,-0.9979033445
0.79,-0,0,-1.002576464
0.795,-0,0,-1.007139627
0.8,-0,0,-1.011592835
0.805,-0,0,-1.015936086
0.81,-0,0,-1.020169382
0.815,-0,0,-1.024292723
0.82,-0,0,-1.028306107
0.825,-0,0,-1.032209536
0.83,-0,0,-1.036003009
0.835,-0,0,-1.039686527
0.84,-0,0,-1.043260088
0.845,-0,0,-1.046723694
0.85,-0,0,-1.050077345
0.855,-0,0,-1.053321039
0.86,-0,0,-1.056454778
0.865,-0,0,-1.059478561
0.87,-0,0,-1.062392388
0.875,-0,0,-1.065196259
0.88,-0,0,-1.067890175
0.885,-0,0,-1.070474135
0.89,-0,0,-1.072948139
0.895,-0,0,-1.075312188
0.9,-0,0,-1.07756628
0.905,-0,0,-1.079710417
0.91,-0,0,-1.081744598
0.915,-0,0,-1.083668824
0.92,-0,0,-1.085483094
0.925,-0,0,-1.087187408
0.93,-0,0,-1.088781766
0.935,-0,0,-1.090266169
0.94,-0,0,-1.091640615
0.945,-0,0,-1.092905106
0.95,-0,0,-1.094059642
0.955,-0,0,-1.095104221
0.96,-0,0,-1.096038845
0.965,-0,0,-1.096863513
0.97,-0,0,-1.097578225
0.975,-0,0,-1.098182982
0.98,-0,0,-1.098677783
0.985,-0,0,-1.099062628
0.99,-0,0,-1.099337517
0.995,-0,0,-1.099502451
1,-0,0,-1.099557429
1.005,-0,0,-1.099447473
1.01,-0,0,-1.099117606
1.015,-0,0,-1.098567827
1.02,-0,0,-1.097798137
1.025,-0,0,-1.096808535
1.03,-0,0,-1.095599022
1.035,-0,0,-1.094169597
1.04,-0,0,-1.092520261
1.045,-0,0,-1.090651014
1.05,-0,0,-1.088561855
1.055,-0,0,-1.086252784
1.06,-0,0,-1.083723802
1.065,-0,0,-1.080974908
1.07,-0,0,-1.078006103
1.075,-0,0,-1.074817387
1.08,-0,0,-1.071408759
1.085,-0,0,-1.067780219
1.09,-0,0,-1.063931768
1.095,-0,0,-1.059863406
1.1,-0,0,-1.055575132
1.105,-0,0,-1.051066946
1.11,-0,0,-1.046338849
1.115,-0,0,-1.041390841
1.12,-0,0,-1.036222921
1.125,-0,0,-1.03083509
1.13,-0,0,-1.025227347
1.135,-0,0,-1.019399692
1.14,-0,0,-1.013352126
1.145,-0,0,-1.007084649
1.15,-0,0,-1.00059726
1.155,-0,0,-0.9938899599
1.16,-0,0,-0.9869627481
1.165,-0,0,-0.9798156248
1.17,-0,0,-0.9724485901
1.175,-0,0,-0.9648616438
1.18,-0,0,-0.9570547861
1.185,-0,0,-0.9490280168
1.19,-0,0,-0.9407813361
1.195,-0,0,-0.9323147439
1.2,-0,0,-0.9236282402
1.205,-0,0,-0.9147218251
1.21,-0,0,-0.9055954984
1.215,-0,0,-0.8962492603
1.22,-0,0,-0.8866831106
1.225,-0,0,-0.8768970495
1.23,-0,0,-0.8668910769
1.235,-0,0,-0.8566651928
1.24,-0,0,-0.8462193973
1.245,-0,0,-0.8355536902
1.25,-0,0,-0.8246680717
1.255,-0,0,-0.8135625416
1.26,-0,0,-0.8022371001
1.265,-0,0,-0.7906917471
1.27,-0,0,-0.7789264826
1.275,-0,0,-0.7669413067
1.28,-0,0,-0.7547362192
1.285,-0,0,-0.7423112203
1.29,-0,0,-0.7296663098
1.295,-0,0,-0.7168014879
1.3,-0,0,-0.7037167545
1.305,-0,0,-0.6904121096
1.31,-0,0,-0.6768875533
1.315,-0,0,-0.6631430854
1.32,-0,0,-0.6491787061
1.325,-0,0,-0.6349944152
1.33,-0,0,-0.6205902129
1.335,-0,0,-0.6059660991
1.34,-0,0,-0.5911220738
1.345,-0,0,-0.5760581371
1.35,-0,0,-0.5607742888
1.355,-0,0,-0.5452705291
1.36,-0,0,-0.5295468578
1.365,-0,0,-0.5136032751
1.37,-0,0,-0.4974397809
1.375,-0,0,-0.4810563752
1.38,-0,0,-0.4644530581
1.385,-0,0,-0.4476298294
1.39,-0,0,-0.4305866893
1.395,-0,0,-0.4133236376
1.4,-0,0,-0.3958406745
1.405,-0,0,-0.3781377999
1.41,-0,0,-0.3602150138
1.415,-0,0,-0.3420723163
1.42,-0,0,-0.3237097072
1.425,-0,0,-0.3051271867
1.43,-0,0,-0.2863247547
1.435,-0,0,-0.2673024111
1.44,-0,0,-0.2480601562
1.445,-0,0,-0.2285979897
1.45,-0,0,-0.2089159117
1.455,-0,0,-0.1890139222
1.46,-0,0,-0.1688920213
1.465,-0,0,-0.1485502089
1.47,-0,0,-0.127988485
1.475,-0,0,-0.1072068496
1.48,-0,0,-0.08620530269
1.485,-0,0,-0.06498384433
1.49,-0,0,-0.04354247447
1.495,-0,0,-0.02188119313
1.5,-0,0,-3.090083655e-10
1.505,-0,0,0.02188119252
1.51,-0,0,0.04354247386
1.515,-0,0,0.06498384371
1.52,-0,0,0.08620530208
1.525,-0,0,0.107206849
1.53,-0,0,0.1279884844
1.535,-0,0,0.1485502083
1.54,-0,0,0.1688920207
1.545,-0,0,0.1890139216
1.55,-0,0,0.2089159111
1.555,-0,0,0.2285979891
1.56,-0,0,0.2480601556
1.565,-0,0,0.2673024106
1.57,-0,0,0.2863247541
1.575,-0,0,0.3051271861
1.58,-0,0,0.3237097066
1.585,-0,0,0.3420723157
1.59,-0,0,0.3602150133
1.595,-0,0,0.3781377994
1.6,-0,0,0.395840674
1.605,-0,0,0.4133236371
1.61,-0,0,0.4305866887
1.615,-0,0,0.4476298289
1.62,-0,0,0.4644530575
1.625,-0,0,0.4810563747
1.63,-0,0,0.4974397804
1.635,-0,0,0.5136032746
1.64,-0,0,0.5295468573
1.645,-0,0,0.5452705285
1.65,-0,0,0.5607742883
1.655,-0,0,0.5760581365
1.66,-0,0,0.5911220733
1.665,-0,0,0.6059660986
1.67,-0,0,0.6205902124
1.675,-0,0,0.6349944147
1.68,-0,0,0.6491787055
1.685,-0,0,0.6631430849
1.69,-0,0,0.6768875527
1.695,-0,0,0.6904121091
1.7,-0,0,0.703716754
1.705,-0,0,0.7168014874
1.71,-0,0,0.7296663093
1.715,-0,0,0.7423112198
1.72,-0,0,0.7547362187
1.725,-0,0,0.7669413062
1.73,-0,0,0.7789264821
1.735,-0,0,0.7906917466
1.74,-0,0,0.8022370996
1.745,-0,0,0.8135625412
1.75,-0,0,0.8246680712
1.755,-0,0,0.8355536897
1.76,-0,0,0.8462193968
1.765,-0,0,0.8566651924
1.77,-0,0,0.8668910765
1.775,-0,0,0.8768970491
1.78,-0,0,0.8866831102
1.785,-0,0,0.8962492598
1.79,-0,0,0.905595498
1.795,-0,0,0.9147218246
1.8,-0,0,0.9236282398
1.805,-0,0,0.9323147435
1.81,-0,0,0.9407813357
1.815,-0,0,0.9490280164
1.82,-0,0,0.9570547856
1.825,-0,0,0.9648616434
1.83,-0,0,0.9724485896
1.835,-0,0,0.9798156244
1.84,-0,0,0.9869627477
1.845,-0,0,0.9938899595
1.85,-0,0,1.00059726
1.855,-0,0,1.007084649
1.86,-0,0,1.013352126
1.865,-0,0,1.019399692
1.87,-0,0,1.025227346
1.875,-0,0,1.030835089
1.88,-0,0,1.036222921
1.885,-0,0,1.04139084
1.89,-0,0,1.046338849
1.895,-0,0,1.051066946
1.9,-0,0,1.055575131
1.905,-0,0,1.059863405
1.91,-0,0,1.063931768
1.915,-0,0,1.067780219
1.92,-0,0,1.071408758
1.925,-0,0,1.074817386
1.93,-0,0,1.078006103
1.935,-0,0,1.080974908
1.94,-0,0,1.083723802
1.945,-0,0,1.086252784
1.95,-0,0,1.088561854
1.955,-0,0,1.090651013
1.96,-0,0,1.092520261
1.965,-0,0,1.094169597
1.97,-0,0,1.095599022
1.975,-0,0,1.096808535
1.98,-0,0,1.097798137
1.985,-0,0,1.098567827
1.99,-0,0,1.099117606
1.995,-0,0,1.099447473
2,-0,0,1.099557429
2.005,-0,0,1.099416057
2.01,-0,0,1.098991942
2.015,-0,0,1.098285083
2.02,-0,0,1.097295482
2.025,-0,0,1.096023137
2.03,-0,0,1.094468048
2.035,-0,0,1.092630217
2.04,-0,0,1.090509642
2.045,-0,0,1.088106323
2.05,-0,0,1.085420262
2.055,-0,0,1.082451457
2.06,-0,0,1.079199908
2.065,-0,0,1.075665616
2.07,-0,0,1.071848581
2.075,-0,0,1.067748803
2.08,-0,0,1.063366281
2.085,-0,0,1.058701016
2.09,-0,0,1.053753008
2.095,-0,0,1.048522256
2.1,-0,0,1.043008761
2.105,-0,0,1.037212522
2.11,-0,0,1.031133541
2.115,-0,0,1.024771815
2.12,-0,0,1.018127347
2.125,-0,0,1.011200135
2.13,-0,0,1.00399018
2.135,-0,0,0.9964974815
2.14,-0,0,0.9887220397
2.145,-0,0,0.9806638545
2.15,-0,0,0.972322926
2.155,-0,0,0.9636992542
2.16,-0,0,0.954792839
2.165,-0,0,0.9456036805
2.17,-0,0,0.9361317787
2.175,-0,0,0.9263771335
2.18,-0,0,0.9163397449
2.185,-0,0,0.9060196131
2.19,-0,0,0.8954167379
2.195,-0,0,0.8845311193
2.2,-0,0,0.8733627574
2.205,-0,0,0.8619116522
2.21,-0,0,0.8501778037
2.215,-0,0,0.8381612118
2.22,-0,0,0.8258618765
2.225,-0,0,0.8132797979
2.23,-0,0,0.800414976
2.235,-0,0,0.7872674108
2.24,-0,0,0.7738371022
2.245,-0,0,0.7601240502
2.25,-0,0,0.746128255
2.255,-0,0,0.7318497164
2.26,-0,0,0.7172884344
2.265,-0,0,0.7024444091
2.27,-0,0,0.6873176405
2.275,-0,0,0.6719081285
2.28,-0,0,0.6562158732
2.285,-0,0,0.6402408746
2.29,-0,0,0.6239831326
2.295,-0,0,0.6074426473
2.3,-0,0,0.5906194186
2.305,-0,0,0.5735134466
2.31,-0,0,0.5561247313
2.315,-0,0,0.5384532726
2.32,-0,0,0.5204990706
2.325,-0,0,0.5022621252
2.33,-0,0,0.4837424365
2.335,-0,0,0.4649400045
2.34,-0,0,0.4458548291
2.345,-0,0,0.4264869104
2.35,-0,0,0.4068362483
2.355,-0,0,0.386902843
2.36,-0,0,0.3666866942
2.365,-0,0,0.3461878022
2.37,-0,0,0.3254061668
2.375,-0,0,0.304341788
2.38,-0,0,0.2829946659
2.385,-0,0,0.2613648005
2.39,-0,0,0.2394521918
2.395,-0,0,0.2172568397
2.4,-0,0,0.1947787442
2.405,-0,0,0.1720179054
2.41,-0,0,0.1489743233
2.415,-0,0,0.1256479979
2.42,-0,0,0.1020389291
2.425,-0,0,0.07814711694
2.43,-0,0,0.05397256146
2.435,-0,0,0.02951526265
2.44,-0,0,0.004775220503
2.445,-0,0,-0.02024756499
2.45,-0,0,-0.04555309381
2.455,-0,0,-0.07114136598
2.46,-0,0,-0.09701238149
2.465,-0,0,-0.1231661403
2.47,-0,0,-0.1496026425
2.475,-0,0,-0.176321888
2.48,-0,0,-0.2033238769
2.485,-0,0,-0.2306086091
2.49,-0,0,-0.2581760846
2.495,-0,0,-0.2860263035
2.5,-0,0,-0.3141592657
2.505,-0,0,-0.3422922279
2.51,-0,0,-0.3701424468
2.515,-0,0,-0.3977099224
2.52,-0,0,-0.4249946546
2.525,-0,0,-0.4519966434
2.53,-0,0,-0.4787158889
2.535,-0,0,-0.5051523911
2.54,-0,0,-0.53130615
2.545,-0,0,-0.5571771655
2.55,-0,0,-0.5827654376
2.555,-0,0,-0.6080709664
2.56,-0,0,-0.6330937519
2.565,-0,0,-0.6578337941
2.57,-0,0,-0.6822910929
2.575,-0,0,-0.7064656484
2.58,-0,0,-0.7303574605
2.585,-0,0,-0.7539665293
2.59,-0,0,-0.7772928547
2.595,-0,0,-0.8003364368
2.6,-0,0,-0.8230972756
2.605,-0,0,-0.8455753711
2.61,-0,0,-0.8677707232
2.615,-0,0,-0.8896833319
2.62,-0,0,-0.9113131973
2.625,-0,0,-0.9326603194
2.63,-0,0,-0.9537246982
2.635,-0,0,-0.9745063336
2.64,-0,0,-0.9950052256
2.645,-0,0,-1.015221374
2.65,-0,0,-1.03515478
2.655,-0,0,-1.054805442
2.66,-0,0,-1.07417336
2.665,-0,0,-1.093258536
2.67,-0,0,-1.112060968
2.675,-0,0,-1.130580657
2.68,-0,0,-1.148817602
2.685,-0,0,-1.166771804
2.69,-0,0,-1.184443263
2.695,-0,0,-1.201831978
2.7,-0,0,-1.21893795
2.705,-0,0,-1.235761179
2.71,-0,0,-1.252301664
2.715,-0,0,-1.268559406
2.72,-0,0,-1.284534405
2.725,-0,0,-1.30022666
2.73,-0,0,-1.315636172
2.735,-0,0,-1.33076294
2.74,-0,0,-1.345606966
2.745,-0,0,-1.360168248
2.75,-0,0,-1.374446786
2.755,-0,0,-1.388442582
2.76,-0,0,-1.402155633
2.765,-0,0,-1.415585942
2.77,-0,0,-1.428733507
2.775,-0,0,-1.441598329
2.78,-0,0,-1.454180408
2.785,-0,0,-1.466479743
2.79,-0,0,-1.478496335
2.795,-0,0,-1.490230184
2.8,-0,0,-1.501681289
2.805,-0,0,-1.512849651
2.81,-0,0,-1.523735269
2.815,-0,0,-1.534338144
2.82,-0,0,-1.544658276
2.825,-0,0,-1.554695665
2.83,-0,0,-1.56445031
2.835,-0,0,-1.573922212
2.84,-0,0,-1.58311137
2.845,-0,0,-1.592017785
2.85,-0,0,-1.600641457
2.855,-0,0,-1.608982386
2.86,-0,0,-1.617040571
2.865,-0,0,-1.624816013
2.87,-0,0,-1.632308711
2.875,-0,0,-1.639518666
2.88,-0,0,-1.646445878
2.885,-0,0,-1.653090347
2.89,-0,0,-1.659452072
2.895,-0,0,-1.665531054
2.9,-0,0,-1.671327292
2.905,-0,0,-1.676840787
2.91,-0,0,-1.682071539
2.915,-0,0,-1.687019547
2.92,-0,0,-1.691684812
2.925,-0,0,-1.696067334
2.93,-0,0,-1.700167113
2.935,-0,0,-1.703984148
2.94,-0,0,-1.707518439
2.945,-0,0,-1.710769988
2.95,-0,0,-1.713738793
2.955,-0,0,-1.716424855
2.96,-0,0,-1.718828173
2.965,-0,0,-1.720948748
2.97,-0,0,-1.72278658
2.975,-0,0,-1.724341668
2.98,-0,0,-1.725614013
2.985,-0,0,-1.726603615
2.99,-0,0,-1.727310473
2.995,-0,0,-1.727734588
3,-0,0,-1.72787596
3.005,-0,0,-1.727868106
3.01,-0,0,-1.727844544
3.015,-0,0,-1.727805274
3.02,-0,0,-1.727750296
3.025,-0,0,-1.72767961
3.03,-0,0,-1.727593216
3.035,-0,0,-1.727491115
3.04,-0,0,-1.727373305
3.045,-0,0,-1.727239787
3.05,-0,0,-1.727090562
3.055,-0,0,-1.726925628
3.06,-0,0,-1.726744986
3.065,-0,0,-1.726548637
3.07,-0,0,-1.726336579
3.075,-0,0,-1.726108814
3.08,-0,0,-1.72586534
3.085,-0,0,-1.725606159
3.09,-0,0,-1.72533127
3.095,-0,0,-1.725040672
3.1,-0,0,-1.724734367
3.105,-0,0,-1.724412354
3.11,-0,0,-1.724074633
3.115,-0,0,-1.723721203
3.12,-0,0,-1.723352066
3.125,-0,0,-1.722967221
3.13,-0,0,-1.722566668
3.135,-0,0,-1.722150407
3.14,-0,0,-1.721718438
3.145,-0,0,-1.721270761
3.15,-0,0,-1.720807376
3.155,-0,0,-1.720328283
3.16,-0,0,-1.719833482
3.165,-0,0,-1.719322974
3.17,-0,0,-1.718796757
3.175,-0,0,-1.718254832
3.18,-0,0,-1.717697199
3.185,-0,0,-1.717123859
3.19,-0,0,-1.71653481
3.195,-0,0,-1.715930054
3.2,-0,0,-1.715309589
3.205,-0,0,-1.714673417
3.21,-0,0,-1.714021536
3.215,-0,0,-1.713353948
3.22,-0,0,-1.712670651
3.225,-0,0,-1.711971647
3.23,-0,0,-1.711256935
3.235,-0,0,-1.710526514
3.24,-0,0,-1.709780386
3.245,-0,0,-1.70901855
3.25,-0,0,-1.708241006
3.255,-0,0,-1.707447753
3.26,-0,0,-1.706638793
3.265,-0,0,-1.705814125
3.27,-0,0,-1.704973749
3.275,-0,0,-1.704117665
3.28,-0,0,-1.703245873
3.285,-0,0,-1.702358373
3.29,-0,0,-1.701455165
3.295,-0,0,-1.70053625
3.3,-0,0,-1.699601626
3.305,-0,0,-1.698651294
3.31,-0,0,-1.697685254
3.315,-0,0,-1.696703507
3.32,-0,0,-1.695706051
3.325,-0,0,-1.694692887
3.33,-0,0,-1.693664016
3.335,-0,0,-1.692619436
3.34,-0,0,-1.691559149
3.345,-0,0,-1.690483153
3.35,-0,0,-1.68939145
3.355,-0,0,-1.688284038
3.36,-0,0,-1.687160919
3.365,-0,0,-1.686022092
3.37,-0,0,-1.684867556
3.375,-0,0,-1.683697313
3.38,-0,0,-1.682511362
3.385,-0,0,-1.681309703
3.39,-0,0,-1.680092335
3.395,-0,0,-1.67885926
3.4,-0,0,-1.677610477
3.405,-0,0,-1.676345986
3.41,-0,0,-1.675065787
3.415,-0,0,-1.67376988
3.42,-0,0,-1.672458265
3.425,-0,0,-1.671130942
3.43,-0,0,-1.669787912
3.435,-0,0,-1.668429173
3.44,-0,0,-1.667054726
3.445,-0,0,-1.665664571
3.45,-0,0,-1.664258708
3.455,-0,0,-1.662837138
3.46,-0,0,-1.661399859
3.465,-0,0,-1.659946873
3.47,-0,0,-1.658478178
3.475,-0,0,-1.656993775
3.48,-0,0,-1.655493665
3.485,-0,0,-1.653977846
3.49,-0,0,-1.65244632
3.495,-0,0,-1.650899086
3.5,-0,0,-1.649336143
3.505,-0,0,-1.647773201
3.51,-0,0,-1.646225967
3.515,-0,0,-1.64469444
3.52,-0,0,-1.643178622
3.525,-0,0,-1.641678511
3.53,-0,0,-1.640194109
3.535,-0,0,-1.638725414
3.54,-0,0,-1.637272428
3.545,-0,0,-1.635835149
3.55,-0,0,-1.634413578
3.555,-0,0,-1.633007715
3.56,-0,0,-1.631617561
3.565,-0,0,-1.630243114
3.57,-0,0,-1.628884375
3.575,-0,0,-1.627541344
3.58,-0,0,-1.626214021
3.585,-0,0,-1.624902406
3.59,-0,0,-1.623606499
3.595,-0,0,-1.6223263
3.6,-0,0,-1.621061809
3.605,-0,0,-1.619813026
3.61,-0,0,-1.618579951
3.615,-0,0,-1.617362584
3.62,-0,0,-1.616160925
3.625,-0,0,-1.614974974
3.63,-0,0,-1.61380473
3.635,-0,0,-1.612650195
3.64,-0,0,-1.611511368
3.645,-0,0,-1.610388248
3.65,-0,0,-1.609280837
3.655,-0,0,-1.608189134
3.66,-0,0,-1.607113138
3.665,-0,0,-1.60605285
3.67,-0,0,-1.605008271
3.675,-0,0,-1.603979399
3.68,-0,0,-1.602966236
3.685,-0,0,-1.60196878
3.69,-0,0,-1.600987032
3.695,-0,0,-1.600020993
3.7,-0,0,-1.599070661
3.705,-0,0,-1.598136037
3.71,-0,0,-1.597217121
3.715,-0,0,-1.596313913
3.72,-0,0,-1.595426413
3.725,-0,0,-1.594554621
3.73,-0,0,-1.593698537
3.735,-0,0,-1.592858161
3.74,-0,0,-1.592033493
3.745,-0,0,-1.591224533
3.75,-0,0,-1.590431281
3.755,-0,0,-1.589653737
3.76,-0,0,-1.588891901
3.765,-0,0,-1.588145772
3.77,-0,0,-1.587415352
3.775,-0,0,-1.58670064
3.78,-0,0,-1.586001635
3.785,-0,0,-1.585318339
3.79,-0,0,-1.584650751
3.795,-0,0,-1.58399887
3.8,-0,0,-1.583362698
3.805,-0,0,-1.582742233
3.81,-0,0,-1.582137476
3.815,-0,0,-1.581548428
3.82,-0,0,-1.580975087
3.825,-0,0,-1.580417454
3.83,-0,0,-1.57987553
3.835,-0,0,-1.579349313
3.84,-0,0,-1.578838804
3.845,-0,0,-1.578344003
3.85,-0,0,-1.57786491
3.855,-0,0,-1.577401525
3.86,-0,0,-1.576953848
3.865,-0,0,-1.576521879
3.87,-0,0,-1.576105618
3.875,-0,0,-1.575705065
3.88,-0,0,-1.57532022
3.885,-0,0,-1.574951083
3.89,-0,0,-1.574597654
3.895,-0,0,-1.574259933
3.9,-0,0,-1.57393792
3.905,-0,0,-1.573631614
3.91,-0,0,-1.573341017
3.915,-0,0,-1.573066128
3.92,-0,0,-1.572806946
3.925,-0,0,-1.572563473
3.93,-0,0,-1.572335707
3.935,-0,0,-1.57212365
3.94,-0,0,-1.5719273
3.945,-0,0,-1.571746659
3.95,-0,0,-1.571581725
3.955,-0,0,-1.571432499
3.96,-0,0,-1.571298982
3.965,-0,0,-1.571181172
3.97,-0,0,-1.57107907
3.975,-0,0,-1.570992676
3.98,-0,0,-1.570921991
3.985,-0,0,-1.570867013
3.99,-0,0,-1.570827743
3.995,-0,0,-1.570804181
4,-0,0,-1.570796327
4.005,-0,0,-1.570717787
4.01,-0,0,-1.570482168
4.015,-0,0,-1.570089469
4.02,-0,0,-1.56953969
4.025,-0,0,-1.568832831
4.03,-0,0,-1.567968893
4.035,-0,0,-1.566947876
4.04,-0,0,-1.565769779
4.045,-0,0,-1.564434602
4.05,-0,0,-1.562942345
4.055,-0,0,-1.561293009
4.06,-0,0,-1.559486593
4.065,-0,0,-1.557523098
4.07,-0,0,-1.555402523
4.075,-0,0,-1.553124868
4.08,-0,0,-1.550690134
4.085,-0,0,-1.54809832
4.09,-0,0,-1.545349426
4.095,-0,0,-1.542443453
4.1,-0,0,-1.5393804
4.105,-0,0,-1.536160268
4.11,-0,0,-1.532783056
4.115,-0,0,-1.529248764
4.12,-0,0,-1.525557393
4.125,-0,0,-1.521708942
4.13,-0,0,-1.517703411
4.135,-0,0,-1.513540801
4.14,-0,0,-1.509221111
4.145,-0,0,-1.504744341
4.15,-0,0,-1.500110492
4.155,-0,0,-1.495319563
4.16,-0,0,-1.490371555
4.165,-0,0,-1.485266467
4.17,-0,0,-1.480004299
4.175,-0,0,-1.474585052
4.18,-0,0,-1.469008725
4.185,-0,0,-1.463275318
4.19,-0,0,-1.457384832
4.195,-0,0,-1.451337266
4.2,-0,0,-1.445132621
4.205,-0,0,-1.438770895
4.21,-0,0,-1.432252091
4.215,-0,0,-1.425576206
4.22,-0,0,-1.418743242
4.225,-0,0,-1.411753199
4.23,-0,0,-1.404606075
4.235,-0,0,-1.397301872
4.24,-0,0,-1.38984059
4.245,-0,0,-1.382222228
4.25,-0,0,-1.374446786
4.255,-0,0,-1.366514264
4.26,-0,0,-1.358424663
4.265,-0,0,-1.350177983
4.27,-0,0,-1.341774222
4.275,-0,0,-1.333213382
4.28,-0,0,-1.324495463
4.285,-0,0,-1.315620463
4.29,-0,0,-1.306588385
4.295,-0,0,-1.297399226
4.3,-0,0,-1.288052988
4.305,-0,0,-1.27854967
4.31,-0,0,-1.268889273
4.315,-0,0,-1.259071796
4.32,-0,0,-1.249097239
4.325,-0,0,-1.238965603
4.33,-0,0,-1.228676887
4.335,-0,0,-1.218231091
4.34,-0,0,-1.207628216
4.345,-0,0,-1.196868261
4.35,-0,0,-1.185951227
4.355,-0,0,-1.174877113
4.36,-0,0,-1.163645919
4.365,-0,0,-1.152257645
4.37,-0,0,-1.140712292
4.375,-0,0,-1.12900986
4.38,-0,0,-1.117150347
4.385,-0,0,-1.105133756
4.39,-0,0,-1.092960084
4.395,-0,0,-1.080629333
4.4,-0,0,-1.068141502
4.405,-0,0,-1.055496592
4.41,-0,0,-1.042694602
4.415,-0,0,-1.029735532
4.42,-0,0,-1.016619383
4.425,-0,0,-1.003346154
4.43,-0,0,-0.989915845
4.435,-0,0,-0.9763284568
4.44,-0,0,-0.9625839889
4.445,-0,0,-0.9486824414
4.45,-0,0,-0.9346238143
4.455,-0,0,-0.9204081075
4.46,-0,0,-0.9060353211
4.465,-0,0,-0.8915054551
4.47,-0,0,-0.8768185094
4.475,-0,0,-0.8619744842
4.48,-0,0,-0.8469733792
4.485,-0,0,-0.8318151947
4.49,-0,0,-0.8164999305
4.495,-0,0,-0.8010275867
4.5,-0,0,-0.7853981632
4.505,-0,0,-0.7697687398
4.51,-0,0,-0.7542963959
4.515,-0,0,-0.7389811318
4.52,-0,0,-0.7238229472
4.525,-0,0,-0.7088218423
4.53,-0,0,-0.693977817
4.535,-0,0,-0.6792908713
4.54,-0,0,-0.6647610053
4.545,-0,0,-0.6503882189
4.55,-0,0,-0.6361725122
4.555,-0,0,-0.6221138851
4.56,-0,0,-0.6082123376
4.565,-0,0,-0.5944678697
4.57,-0,0,-0.5808804815
4.575,-0,0,-0.5674501729
4.58,-0,0,-0.5541769439
4.585,-0,0,-0.5410607946
4.59,-0,0,-0.5281017249
4.595,-0,0,-0.5152997348
4.6,-0,0,-0.5026548244
4.605,-0,0,-0.4901669936
4.61,-0,0,-0.4778362424
4.615,-0,0,-0.4656625709
4.62,-0,0,-0.453645979
4.625,-0,0,-0.4417864668
4.63,-0,0,-0.4300840341
4.635,-0,0,-0.4185386811
4.64,-0,0,-0.4071504077
4.645,-0,0,-0.395919214
4.65,-0,0,-0.3848450999
4.655,-0,0,-0.3739280654
4.66,-0,0,-0.3631681106
4.665,-0,0,-0.3525652354
4.67,-0,0,-0.3421194398
4.675,-0,0,-0.3318307239
4.68,-0,0,-0.3216990876
4.685,-0,0,-0.3117245309
4.69,-0,0,-0.3019070539
4.695,-0,0,-0.2922466565
4.7,-0,0,-0.2827433387
4.705,-0,0,-0.2733971005
4.71,-0,0,-0.264207942
4.715,-0,0,-0.2551758631
4.72,-0,0,-0.2463008639
4.725,-0,0,-0.2375829443
4.73,-0,0,-0.2290221043
4.735,-0,0,-0.220618344
4.74,-0,0,-0.2123716632
4.745,-0,0,-0.2042820622
4.75,-0,0,-0.1963495407
4.755,-0,0,-0.1885740989
4.76,-0,0,-0.1809557367
4.765,-0,0,-0.1734944542
4.77,-0,0,-0.1661902512
4.775,-0,0,-0.159043128
4.78,-0,0,-0.1520530843
4.785,-0,0,-0.1452201203
4.79,-0,0,-0.1385442359
4.795,-0,0,-0.1320254311
4.8,-0,0,-0.125663706
4.805,-0,0,-0.1194590605
4.81,-0,0,-0.1134114947
4.815,-0,0,-0.1075210085
4.82,-0,0,-0.1017876019
4.825,-0,0,-0.0962112749
4.83,-0,0,-0.09079202758
4.835,-0,0,-0.08552985988
4.84,-0,0,-0.08042477182
4.845,-0,0,-0.0754767634
4.85,-0,0,-0.0706858346
4.855,-0,0,-0.06605198544
4.86,-0,0,-0.06157521591
4.865,-0,0,-0.05725552601
4.87,-0,0,-0.05309291574
4.875,-0,0,-0.04908738511
4.88,-0,0,-0.04523893411
4.885,-0,0,-0.04154756275
4.89,-0,0,-0.03801327101
4.895,-0,0,-0.03463605891
4.9,-0,0,-0.03141592644
4.905,-0,0,-0.02835287361
4.91,-0,0,-0.0254469004
4.915,-0,0,-0.02269800683
4.92,-0,0,-0.02010619289
4.925,-0,0,-0.01767145859
4.93,-0,0,-0.01539380392
4.935,-0,0,-0.01327322888
4.94,-0,0,-0.01130973347
4.945,-0,0,-0.009503317695
4.95,-0,0,-0.007853981553
4.955,-0,0,-0.006361725044
4.96,-0,0,-0.005026548167
4.965,-0,0,-0.003848450923
4.97,-0,0,-0.002827433312
4.975,-0,0,-0.001963495333
4.98,-0,0,-0.001256636988
4.985,-0,0,-0.0007068582744
4.99,-0,0,-0.0003141591939
4.995,-0,0,-7.853974605e-05
5,-0,0,6.911187514e-11
