#Exudyn implicit second order time integration sensor output file
#measure KinematicTree number = 1
#OutputVariableType = Rotation
#simulation started = 2025-08-11,14:12:28
#columns contain: time, comma separated sensor values (e.g, x,y,z position coordinates)
#number of sensor values = 3
#Exudyn version = 1.10.0; Python3.13.2; Windows AVX2 FLOAT64
#
0,-0,0,-0
0.005,-0,0,-3.141592411e-05
0.01,-0,0,-0.0001256637013
0.015,-0,0,-0.0002827433316
0.02,-0,0,-0.000502654815
0.025,-0,0,-0.0007853981515
0.03,-0,0,-0.001130973341
0.035,-0,0,-0.001539380384
0.04,-0,0,-0.002010619279
0.045,-0,0,-0.002544690028
0.05,-0,0,-0.00314159263
0.055,-0,0,-0.003801327085
0.06,-0,0,-0.004523893393
0.065,-0,0,-0.005309291554
0.07,-0,0,-0.006157521569
0.075,-0,0,-0.007068583436
0.08,-0,0,-0.008042477157
0.085,-0,0,-0.00907920273
0.09,-0,0,-0.01017876016
0.095,-0,0,-0.01134114944
0.1,-0,0,-0.01256637057
0.105,-0,0,-0.01385442356
0.11,-0,0,-0.01520530839
0.115,-0,0,-0.01661902509
0.12,-0,0,-0.01809557363
0.125,-0,0,-0.01963495403
0.13,-0,0,-0.02123716628
0.135,-0,0,-0.02290221039
0.14,-0,0,-0.02463008634
0.145,-0,0,-0.02642079415
0.15,-0,0,-0.02827433382
0.155,-0,0,-0.03019070534
0.16,-0,0,-0.03216990871
0.165,-0,0,-0.03421194393
0.17,-0,0,-0.036316811
0.175,-0,0,-0.03848450993
0.18,-0,0,-0.04071504072
0.185,-0,0,-0.04300840335
0.19,-0,0,-0.04536459784
0.195,-0,0,-0.04778362418
0.2,-0,0,-0.05026548238
0.205,-0,0,-0.05281017243
0.21,-0,0,-0.05541769433
0.215,-0,0,-0.05808804808
0.22,-0,0,-0.06082123369
0.225,-0,0,-0.06361725115
0.23,-0,0,-0.06647610046
0.235,-0,0,-0.06939778163
0.24,-0,0,-0.07238229465
0.245,-0,0,-0.07542963952
0.25,-0,0,-0.07853981625
0.255,-0,0,-0.08171282483
0.26,-0,0,-0.08494866526
0.265,-0,0,-0.08824733755
0.27,-0,0,-0.09160884168
0.275,-0,0,-0.09503317768
0.28,-0,0,-0.09852034552
0.285,-0,0,-0.1020703452
0.29,-0,0,-0.1056831768
0.295,-0,0,-0.1093588402
0.3,-0,0,-0.1130973354
0.305,-0,0,-0.1168986625
0.31,-0,0,-0.1207628215
0.315,-0,0,-0.1246898123
0.32,-0,0,-0.128679635
0.325,-0,0,-0.1327322895
0.33,-0,0,-0.1368477759
0.335,-0,0,-0.1410260941
0.34,-0,0,-0.1452672442
0.345,-0,0,-0.1495712261
0.35,-0,0,-0.1539380399
0.355,-0,0,-0.1583676856
0.36,-0,0,-0.1628601631
0.365,-0,0,-0.1674154724
0.37,-0,0,-0.1720336136
0.375,-0,0,-0.1767145867
0.38,-0,0,-0.1814583916
0.385,-0,0,-0.1862650283
0.39,-0,0,-0.1911344969
0.395,-0,0,-0.1960667974
0.4,-0,0,-0.2010619297
0.405,-0,0,-0.2061198939
0.41,-0,0,-0.2112406899
0.415,-0,0,-0.2164243178
0.42,-0,0,-0.2216707775
0.425,-0,0,-0.2269800691
0.43,-0,0,-0.2323521926
0.435,-0,0,-0.2377871479
0.44,-0,0,-0.243284935
0.445,-0,0,-0.248845554
0.45,-0,0,-0.2544690049
0.455,-0,0,-0.2601552876
0.46,-0,0,-0.2659044021
0.465,-0,0,-0.2717163485
0.47,-0,0,-0.2775911268
0.475,-0,0,-0.2835287369
0.48,-0,0,-0.2895291789
0.485,-0,0,-0.2955924527
0.49,-0,0,-0.3017185584
0.495,-0,0,-0.3079074959
0.5,-0,0,-0.3141592653
0.505,-0,0,-0.3204110347
0.51,-0,0,-0.3265999722
0.515,-0,0,-0.3327260779
0.52,-0,0,-0.3387893517
0.525,-0,0,-0.3447897937
0.53,-0,0,-0.3507274038
0.535,-0,0,-0.3566021821
0.54,-0,0,-0.3624141285
0.545,-0,0,-0.368163243
0.55,-0,0,-0.3738495257
0.555,-0,0,-0.3794729766
0.56,-0,0,-0.3850335956
0.565,-0,0,-0.3905313827
0.57,-0,0,-0.395966338
0.575,-0,0,-0.4013384615
0.58,-0,0,-0.4066477531
0.585,-0,0,-0.4118942128
0.59,-0,0,-0.4170778407
0.595,-0,0,-0.4221986367
0.6,-0,0,-0.4272566009
0.605,-0,0,-0.4322517332
0.61,-0,0,-0.4371840337
0.615,-0,0,-0.4420535023
0.62,-0,0,-0.4468601391
0.625,-0,0,-0.451603944
0.63,-0,0,-0.456284917
0.635,-0,0,-0.4609030582
0.64,-0,0,-0.4654583676
0.645,-0,0,-0.4699508451
0.65,-0,0,-0.4743804907
0.655,-0,0,-0.4787473045
0.66,-0,0,-0.4830512864
0.665,-0,0,-0.4872924365
0.67,-0,0,-0.4914707548
0.675,-0,0,-0.4955862411
0.68,-0,0,-0.4996388957
0.685,-0,0,-0.5036287183
0.69,-0,0,-0.5075557091
0.695,-0,0,-0.5114198681
0.7,-0,0,-0.5152211952
0.705,-0,0,-0.5189596905
0.71,-0,0,-0.5226353539
0.715,-0,0,-0.5262481854
0.72,-0,0,-0.5297981851
0.725,-0,0,-0.533285353
0.73,-0,0,-0.536709689
0.735,-0,0,-0.5400711931
0.74,-0,0,-0.5433698654
0.745,-0,0,-0.5466057058
0.75,-0,0,-0.5497787144
0.755,-0,0,-0.5528888912
0.76,-0,0,-0.555936236
0.765,-0,0,-0.558920749
0.77,-0,0,-0.5618424302
0.775,-0,0,-0.5647012795
0.78,-0,0,-0.567497297
0.785,-0,0,-0.5702304826
0.79,-0,0,-0.5729008364
0.795,-0,0,-0.5755083583
0.8,-0,0,-0.5780530483
0.805,-0,0,-0.5805349065
0.81,-0,0,-0.5829539329
0.815,-0,0,-0.5853101273
0.82,-0,0,-0.58760349
0.825,-0,0,-0.5898340208
0.83,-0,0,-0.5920017197
0.835,-0,0,-0.5941065868
0.84,-0,0,-0.596148622
0.845,-0,0,-0.5981278254
0.85,-0,0,-0.6000441969
0.855,-0,0,-0.6018977366
0.86,-0,0,-0.6036884444
0.865,-0,0,-0.6054163203
0.87,-0,0,-0.6070813644
0.875,-0,0,-0.6086835767
0.88,-0,0,-0.6102229571
0.885,-0,0,-0.6116995056
0.89,-0,0,-0.6131132223
0.895,-0,0,-0.6144641072
0.9,-0,0,-0.6157521602
0.905,-0,0,-0.6169773813
0.91,-0,0,-0.6181397706
0.915,-0,0,-0.619239328
0.92,-0,0,-0.6202760536
0.925,-0,0,-0.6212499473
0.93,-0,0,-0.6221610092
0.935,-0,0,-0.6230092392
0.94,-0,0,-0.6237946374
0.945,-0,0,-0.6245172037
0.95,-0,0,-0.6251769381
0.955,-0,0,-0.6257738407
0.96,-0,0,-0.6263079115
0.965,-0,0,-0.6267791504
0.97,-0,0,-0.6271875574
0.975,-0,0,-0.6275331326
0.98,-0,0,-0.627815876
0.985,-0,0,-0.6280357874
0.99,-0,0,-0.6281928671
0.995,-0,0,-0.6282871149
1,-0,0,-0.6283185308
1.005,-0,0,-0.6282556989
1.01,-0,0,-0.6280672034
1.015,-0,0,-0.6277530441
1.02,-0,0,-0.6273132211
1.025,-0,0,-0.6267477345
1.03,-0,0,-0.6260565841
1.035,-0,0,-0.62523977
1.04,-0,0,-0.6242972922
1.045,-0,0,-0.6232291507
1.05,-0,0,-0.6220353455
1.055,-0,0,-0.6207158766
1.06,-0,0,-0.6192707439
1.065,-0,0,-0.6176999476
1.07,-0,0,-0.6160034876
1.075,-0,0,-0.6141813638
1.08,-0,0,-0.6122335764
1.085,-0,0,-0.6101601253
1.09,-0,0,-0.6079610104
1.095,-0,0,-0.6056362318
1.1,-0,0,-0.6031857896
1.105,-0,0,-0.6006096836
1.11,-0,0,-0.5979079139
1.115,-0,0,-0.5950804805
1.12,-0,0,-0.5921273834
1.125,-0,0,-0.5890486226
1.13,-0,0,-0.5858441981
1.135,-0,0,-0.5825141099
1.14,-0,0,-0.579058358
1.145,-0,0,-0.5754769424
1.15,-0,0,-0.571769863
1.155,-0,0,-0.56793712
1.16,-0,0,-0.5639787133
1.165,-0,0,-0.5598946428
1.17,-0,0,-0.5556849087
1.175,-0,0,-0.5513495108
1.18,-0,0,-0.5468884492
1.185,-0,0,-0.542301724
1.19,-0,0,-0.537589335
1.195,-0,0,-0.5327512823
1.2,-0,0,-0.5277875659
1.205,-0,0,-0.5226981858
1.21,-0,0,-0.517483142
1.215,-0,0,-0.5121424345
1.22,-0,0,-0.5066760633
1.225,-0,0,-0.5010840284
1.23,-0,0,-0.4953663297
1.235,-0,0,-0.4895229674
1.24,-0,0,-0.4835539414
1.245,-0,0,-0.4774592516
1.25,-0,0,-0.4712388982
1.255,-0,0,-0.464892881
1.26,-0,0,-0.4584212001
1.265,-0,0,-0.4518238556
1.27,-0,0,-0.4451008473
1.275,-0,0,-0.4382521753
1.28,-0,0,-0.4312778396
1.285,-0,0,-0.4241778402
1.29,-0,0,-0.4169521771
1.295,-0,0,-0.4096008503
1.3,-0,0,-0.4021238598
1.305,-0,0,-0.3945212056
1.31,-0,0,-0.3867928877
1.315,-0,0,-0.3789389061
1.32,-0,0,-0.3709592607
1.325,-0,0,-0.3628539517
1.33,-0,0,-0.3546229789
1.335,-0,0,-0.3462663425
1.34,-0,0,-0.3377840423
1.345,-0,0,-0.3291760785
1.35,-0,0,-0.3204424509
1.355,-0,0,-0.3115831596
1.36,-0,0,-0.3025982046
1.365,-0,0,-0.2934875859
1.37,-0,0,-0.2842513036
1.375,-0,0,-0.2748893575
1.38,-0,0,-0.2654017476
1.385,-0,0,-0.2557884741
1.39,-0,0,-0.2460495369
1.395,-0,0,-0.236184936
1.4,-0,0,-0.2261946714
1.405,-0,0,-0.216078743
1.41,-0,0,-0.205837151
1.415,-0,0,-0.1954698952
1.42,-0,0,-0.1849769758
1.425,-0,0,-0.1743583926
1.43,-0,0,-0.1636141458
1.435,-0,0,-0.1527442352
1.44,-0,0,-0.1417486609
1.445,-0,0,-0.1306274229
1.45,-0,0,-0.1193805212
1.455,-0,0,-0.1080079559
1.46,-0,0,-0.09650972675
1.465,-0,0,-0.08488583395
1.47,-0,0,-0.07313627743
1.475,-0,0,-0.06126105722
1.48,-0,0,-0.04926017329
1.485,-0,0,-0.03713362566
1.49,-0,0,-0.02488141433
1.495,-0,0,-0.01250353928
1.5,-0,0,-5.372379602e-10
1.505,-0,0,0.01250353822
1.51,-0,0,0.02488141327
1.515,-0,0,0.03713362462
1.52,-0,0,0.04926017226
1.525,-0,0,0.06126105619
1.53,-0,0,0.07313627642
1.535,-0,0,0.08488583294
1.54,-0,0,0.09650972576
1.545,-0,0,0.1080079549
1.55,-0,0,0.1193805203
1.555,-0,0,0.130627422
1.56,-0,0,0.14174866
1.565,-0,0,0.1527442343
1.57,-0,0,0.1636141448
1.575,-0,0,0.1743583917
1.58,-0,0,0.1849769749
1.585,-0,0,0.1954698943
1.59,-0,0,0.2058371501
1.595,-0,0,0.2160787422
1.6,-0,0,0.2261946705
1.605,-0,0,0.2361849351
1.61,-0,0,0.2460495361
1.615,-0,0,0.2557884733
1.62,-0,0,0.2654017468
1.625,-0,0,0.2748893566
1.63,-0,0,0.2842513028
1.635,-0,0,0.2934875852
1.64,-0,0,0.3025982039
1.645,-0,0,0.3115831589
1.65,-0,0,0.3204424501
1.655,-0,0,0.3291760777
1.66,-0,0,0.3377840416
1.665,-0,0,0.3462663418
1.67,-0,0,0.3546229782
1.675,-0,0,0.362853951
1.68,-0,0,0.37095926
1.685,-0,0,0.3789389054
1.69,-0,0,0.386792887
1.695,-0,0,0.394521205
1.7,-0,0,0.4021238592
1.705,-0,0,0.4096008497
1.71,-0,0,0.4169521765
1.715,-0,0,0.4241778396
1.72,-0,0,0.431277839
1.725,-0,0,0.4382521747
1.73,-0,0,0.4451008467
1.735,-0,0,0.451823855
1.74,-0,0,0.4584211996
1.745,-0,0,0.4648928805
1.75,-0,0,0.4712388976
1.755,-0,0,0.4774592511
1.76,-0,0,0.4835539409
1.765,-0,0,0.4895229669
1.77,-0,0,0.4953663293
1.775,-0,0,0.5010840279
1.78,-0,0,0.5066760628
1.785,-0,0,0.5121424341
1.79,-0,0,0.5174831416
1.795,-0,0,0.5226981854
1.8,-0,0,0.5277875655
1.805,-0,0,0.5327512819
1.81,-0,0,0.5375893346
1.815,-0,0,0.5423017236
1.82,-0,0,0.5468884489
1.825,-0,0,0.5513495104
1.83,-0,0,0.5556849083
1.835,-0,0,0.5598946425
1.84,-0,0,0.5639787129
1.845,-0,0,0.5679371197
1.85,-0,0,0.5717698627
1.855,-0,0,0.5754769421
1.86,-0,0,0.5790583577
1.865,-0,0,0.5825141096
1.87,-0,0,0.5858441979
1.875,-0,0,0.5890486224
1.88,-0,0,0.5921273832
1.885,-0,0,0.5950804803
1.89,-0,0,0.5979079137
1.895,-0,0,0.6006096834
1.9,-0,0,0.6031857894
1.905,-0,0,0.6056362316
1.91,-0,0,0.6079610102
1.915,-0,0,0.6101601251
1.92,-0,0,0.6122335762
1.925,-0,0,0.6141813637
1.93,-0,0,0.6160034874
1.935,-0,0,0.6176999475
1.94,-0,0,0.6192707438
1.945,-0,0,0.6207158764
1.95,-0,0,0.6220353454
1.955,-0,0,0.6232291506
1.96,-0,0,0.6242972921
1.965,-0,0,0.6252397699
1.97,-0,0,0.626056584
1.975,-0,0,0.6267477344
1.98,-0,0,0.6273132211
1.985,-0,0,0.6277530441
1.99,-0,0,0.6280672033
1.995,-0,0,0.6282556989
2,-0,0,0.6283185308
2.005,-0,0,0.6281928671
2.01,-0,0,0.627815876
2.015,-0,0,0.6271875574
2.02,-0,0,0.6263079115
2.025,-0,0,0.6251769382
2.03,-0,0,0.6237946374
2.035,-0,0,0.6221610092
2.04,-0,0,0.6202760536
2.045,-0,0,0.6181397707
2.05,-0,0,0.6157521602
2.055,-0,0,0.6131132224
2.06,-0,0,0.6102229572
2.065,-0,0,0.6070813646
2.07,-0,0,0.6036884445
2.075,-0,0,0.600044197
2.08,-0,0,0.5961486222
2.085,-0,0,0.5920017199
2.09,-0,0,0.5876034902
2.095,-0,0,0.582953933
2.1,-0,0,0.5780530485
2.105,-0,0,0.5729008366
2.11,-0,0,0.5674972972
2.115,-0,0,0.5618424304
2.12,-0,0,0.5559362363
2.125,-0,0,0.5497787147
2.13,-0,0,0.5433698657
2.135,-0,0,0.5367096892
2.14,-0,0,0.5297981854
2.145,-0,0,0.5226353542
2.15,-0,0,0.5152211955
2.155,-0,0,0.5075557095
2.16,-0,0,0.499638896
2.165,-0,0,0.4914707551
2.17,-0,0,0.4830512868
2.175,-0,0,0.4743804911
2.18,-0,0,0.4654583679
2.185,-0,0,0.4562849174
2.19,-0,0,0.4468601395
2.195,-0,0,0.4371840341
2.2,-0,0,0.4272566013
2.205,-0,0,0.4170778411
2.21,-0,0,0.4066477535
2.215,-0,0,0.3959663385
2.22,-0,0,0.3850335961
2.225,-0,0,0.3738495262
2.23,-0,0,0.362414129
2.235,-0,0,0.3507274043
2.24,-0,0,0.3387893522
2.245,-0,0,0.3265999728
2.25,-0,0,0.3141592659
2.255,-0,0,0.3014672315
2.26,-0,0,0.2885238698
2.265,-0,0,0.2753291807
2.27,-0,0,0.2618831641
2.275,-0,0,0.2481858202
2.28,-0,0,0.2342371488
2.285,-0,0,0.22003715
2.29,-0,0,0.2055858238
2.295,-0,0,0.1908831702
2.3,-0,0,0.1759291892
2.305,-0,0,0.1607238807
2.31,-0,0,0.1452672449
2.315,-0,0,0.1295592816
2.32,-0,0,0.1135999909
2.325,-0,0,0.09738937285
2.33,-0,0,0.08092742735
2.335,-0,0,0.06421415444
2.34,-0,0,0.04724955412
2.345,-0,0,0.03003362638
2.35,-0,0,0.01256637123
2.355,-0,0,-0.005152211331
2.36,-0,0,-0.02312212131
2.365,-0,0,-0.04134335869
2.37,-0,0,-0.05981592349
2.375,-0,0,-0.0785398157
2.38,-0,0,-0.09751503533
2.385,-0,0,-0.1167415824
2.39,-0,0,-0.1362194568
2.395,-0,0,-0.1559486587
2.4,-0,0,-0.1759291879
2.405,-0,0,-0.1961610446
2.41,-0,0,-0.2166442287
2.415,-0,0,-0.2373787402
2.42,-0,0,-0.2583645792
2.425,-0,0,-0.2796017455
2.43,-0,0,-0.3010902392
2.435,-0,0,-0.3228300604
2.44,-0,0,-0.344821209
2.445,-0,0,-0.367063685
2.45,-0,0,-0.3895574884
2.455,-0,0,-0.4123026192
2.46,-0,0,-0.4352990774
2.465,-0,0,-0.458546863
2.47,-0,0,-0.4820459761
2.475,-0,0,-0.5057964165
2.48,-0,0,-0.5297981844
2.485,-0,0,-0.5540512797
2.49,-0,0,-0.5785557024
2.495,-0,0,-0.6033114525
2.5,-0,0,-0.62831853
2.505,-0,0,-0.6533256076
2.51,-0,0,-0.6780813577
2.515,-0,0,-0.7025857804
2.52,-0,0,-0.7268388757
2.525,-0,0,-0.7508406436
2.53,-0,0,-0.7745910841
2.535,-0,0,-0.7980901972
2.54,-0,0,-0.8213379828
2.545,-0,0,-0.8443344411
2.55,-0,0,-0.8670795719
2.555,-0,0,-0.8895733753
2.56,-0,0,-0.9118158513
2.565,-0,0,-0.9338069999
2.57,-0,0,-0.9555468211
2.575,-0,0,-0.9770353149
2.58,-0,0,-0.9982724812
2.585,-0,0,-1.01925832
2.59,-0,0,-1.039992832
2.595,-0,0,-1.060476016
2.6,-0,0,-1.080707873
2.605,-0,0,-1.100688402
2.61,-0,0,-1.120417604
2.615,-0,0,-1.139895478
2.62,-0,0,-1.159122025
2.625,-0,0,-1.178097245
2.63,-0,0,-1.196821137
2.635,-0,0,-1.215293702
2.64,-0,0,-1.233514939
2.645,-0,0,-1.251484849
2.65,-0,0,-1.269203432
2.655,-0,0,-1.286670687
2.66,-0,0,-1.303886615
2.665,-0,0,-1.320851215
2.67,-0,0,-1.337564488
2.675,-0,0,-1.354026434
2.68,-0,0,-1.370237052
2.685,-0,0,-1.386196342
2.69,-0,0,-1.401904306
2.695,-0,0,-1.417360942
2.7,-0,0,-1.43256625
2.705,-0,0,-1.447520231
2.71,-0,0,-1.462222885
2.715,-0,0,-1.476674211
2.72,-0,0,-1.49087421
2.725,-0,0,-1.504822881
2.73,-0,0,-1.518520225
2.735,-0,0,-1.531966242
2.74,-0,0,-1.545160931
2.745,-0,0,-1.558104293
2.75,-0,0,-1.570796327
2.755,-0,0,-1.583237034
2.76,-0,0,-1.595426413
2.765,-0,0,-1.607364465
2.77,-0,0,-1.61905119
2.775,-0,0,-1.630486587
2.78,-0,0,-1.641670657
2.785,-0,0,-1.6526034
2.79,-0,0,-1.663284815
2.795,-0,0,-1.673714902
2.8,-0,0,-1.683893662
2.805,-0,0,-1.693821095
2.81,-0,0,-1.703497201
2.815,-0,0,-1.712921979
2.82,-0,0,-1.722095429
2.825,-0,0,-1.731017552
2.83,-0,0,-1.739688348
2.835,-0,0,-1.748107816
2.84,-0,0,-1.756275957
2.845,-0,0,-1.764192771
2.85,-0,0,-1.771858257
2.855,-0,0,-1.779272416
2.86,-0,0,-1.786435247
2.865,-0,0,-1.793346751
2.87,-0,0,-1.800006927
2.875,-0,0,-1.806415776
2.88,-0,0,-1.812573298
2.885,-0,0,-1.818479492
2.89,-0,0,-1.824134359
2.895,-0,0,-1.829537898
2.9,-0,0,-1.83469011
2.905,-0,0,-1.839590995
2.91,-0,0,-1.844240552
2.915,-0,0,-1.848638781
2.92,-0,0,-1.852785684
2.925,-0,0,-1.856681259
2.93,-0,0,-1.860325506
2.935,-0,0,-1.863718426
2.94,-0,0,-1.866860019
2.945,-0,0,-1.869750284
2.95,-0,0,-1.872389222
2.955,-0,0,-1.874776832
2.96,-0,0,-1.876913115
2.965,-0,0,-1.878798071
2.97,-0,0,-1.880431699
2.975,-0,0,-1.881814
2.98,-0,0,-1.882944973
2.985,-0,0,-1.883824619
2.99,-0,0,-1.884452938
2.995,-0,0,-1.884829929
3,-0,0,-1.884955593
3.005,-0,0,-1.884971301
3.01,-0,0,-1.885018424
3.015,-0,0,-1.885096964
3.02,-0,0,-1.88520692
3.025,-0,0,-1.885348292
3.03,-0,0,-1.885521079
3.035,-0,0,-1.885725283
3.04,-0,0,-1.885960902
3.045,-0,0,-1.886227938
3.05,-0,0,-1.886526389
3.055,-0,0,-1.886856256
3.06,-0,0,-1.887217539
3.065,-0,0,-1.887610238
3.07,-0,0,-1.888034353
3.075,-0,0,-1.888489884
3.08,-0,0,-1.888976831
3.085,-0,0,-1.889495194
3.09,-0,0,-1.890044973
3.095,-0,0,-1.890626167
3.1,-0,0,-1.891238778
3.105,-0,0,-1.891882804
3.11,-0,0,-1.892558247
3.115,-0,0,-1.893265105
3.12,-0,0,-1.894003379
3.125,-0,0,-1.89477307
3.13,-0,0,-1.895574176
3.135,-0,0,-1.896406698
3.14,-0,0,-1.897270636
3.145,-0,0,-1.89816599
3.15,-0,0,-1.899092759
3.155,-0,0,-1.900050945
3.16,-0,0,-1.901040547
3.165,-0,0,-1.902061565
3.17,-0,0,-1.903113998
3.175,-0,0,-1.904197848
3.18,-0,0,-1.905313113
3.185,-0,0,-1.906459794
3.19,-0,0,-1.907637891
3.195,-0,0,-1.908847405
3.2,-0,0,-1.910088334
3.205,-0,0,-1.911360679
3.21,-0,0,-1.91266444
3.215,-0,0,-1.913999617
3.22,-0,0,-1.915366209
3.225,-0,0,-1.916764218
3.23,-0,0,-1.918193643
3.235,-0,0,-1.919654483
3.24,-0,0,-1.92114674
3.245,-0,0,-1.922670412
3.25,-0,0,-1.924225501
3.255,-0,0,-1.925812005
3.26,-0,0,-1.927429925
3.265,-0,0,-1.929079261
3.27,-0,0,-1.930760013
3.275,-0,0,-1.932472181
3.28,-0,0,-1.934215765
3.285,-0,0,-1.935990765
3.29,-0,0,-1.937797181
3.295,-0,0,-1.939635013
3.3,-0,0,-1.94150426
3.305,-0,0,-1.943404924
3.31,-0,0,-1.945337003
3.315,-0,0,-1.947300499
3.32,-0,0,-1.94929541
3.325,-0,0,-1.951321737
3.33,-0,0,-1.95337948
3.335,-0,0,-1.95546864
3.34,-0,0,-1.957589215
3.345,-0,0,-1.959741206
3.35,-0,0,-1.961924613
3.355,-0,0,-1.964139435
3.36,-0,0,-1.966385674
3.365,-0,0,-1.968663329
3.37,-0,0,-1.970972399
3.375,-0,0,-1.973312886
3.38,-0,0,-1.975684788
3.385,-0,0,-1.978088107
3.39,-0,0,-1.980522841
3.395,-0,0,-1.982988991
3.4,-0,0,-1.985486557
3.405,-0,0,-1.988015539
3.41,-0,0,-1.990575937
3.415,-0,0,-1.993167751
3.42,-0,0,-1.995790981
3.425,-0,0,-1.998445627
3.43,-0,0,-2.001131689
3.435,-0,0,-2.003849166
3.44,-0,0,-2.00659806
3.445,-0,0,-2.00937837
3.45,-0,0,-2.012190095
3.455,-0,0,-2.015033236
3.46,-0,0,-2.017907794
3.465,-0,0,-2.020813767
3.47,-0,0,-2.023751156
3.475,-0,0,-2.026719961
3.48,-0,0,-2.029720182
3.485,-0,0,-2.032751819
3.49,-0,0,-2.035814872
3.495,-0,0,-2.03890934
3.5,-0,0,-2.042035225
3.505,-0,0,-2.04516111
3.51,-0,0,-2.048255579
3.515,-0,0,-2.051318631
3.52,-0,0,-2.054350268
3.525,-0,0,-2.057350489
3.53,-0,0,-2.060319294
3.535,-0,0,-2.063256684
3.54,-0,0,-2.066162657
3.545,-0,0,-2.069037214
3.55,-0,0,-2.071880355
3.555,-0,0,-2.074692081
3.56,-0,0,-2.07747239
3.565,-0,0,-2.080221284
3.57,-0,0,-2.082938761
3.575,-0,0,-2.085624823
3.58,-0,0,-2.088279469
3.585,-0,0,-2.090902699
3.59,-0,0,-2.093494513
3.595,-0,0,-2.096054911
3.6,-0,0,-2.098583893
3.605,-0,0,-2.101081459
3.61,-0,0,-2.103547609
3.615,-0,0,-2.105982344
3.62,-0,0,-2.108385662
3.625,-0,0,-2.110757564
3.63,-0,0,-2.113098051
3.635,-0,0,-2.115407122
3.64,-0,0,-2.117684776
3.645,-0,0,-2.119931015
3.65,-0,0,-2.122145838
3.655,-0,0,-2.124329245
3.66,-0,0,-2.126481236
3.665,-0,0,-2.128601811
3.67,-0,0,-2.13069097
3.675,-0,0,-2.132748713
3.68,-0,0,-2.13477504
3.685,-0,0,-2.136769952
3.69,-0,0,-2.138733447
3.695,-0,0,-2.140665526
3.7,-0,0,-2.14256619
3.705,-0,0,-2.144435438
3.71,-0,0,-2.146273269
3.715,-0,0,-2.148079685
3.72,-0,0,-2.149854685
3.725,-0,0,-2.151598269
3.73,-0,0,-2.153310437
3.735,-0,0,-2.154991189
3.74,-0,0,-2.156640525
3.745,-0,0,-2.158258445
3.75,-0,0,-2.15984495
3.755,-0,0,-2.161400038
3.76,-0,0,-2.16292371
3.765,-0,0,-2.164415967
3.77,-0,0,-2.165876807
3.775,-0,0,-2.167306232
3.78,-0,0,-2.168704241
3.785,-0,0,-2.170070834
3.79,-0,0,-2.171406011
3.795,-0,0,-2.172709771
3.8,-0,0,-2.173982116
3.805,-0,0,-2.175223046
3.81,-0,0,-2.176432559
3.815,-0,0,-2.177610656
3.82,-0,0,-2.178757337
3.825,-0,0,-2.179872603
3.83,-0,0,-2.180956452
3.835,-0,0,-2.182008886
3.84,-0,0,-2.183029903
3.845,-0,0,-2.184019505
3.85,-0,0,-2.184977691
3.855,-0,0,-2.185904461
3.86,-0,0,-2.186799814
3.865,-0,0,-2.187663752
3.87,-0,0,-2.188496275
3.875,-0,0,-2.189297381
3.88,-0,0,-2.190067071
3.885,-0,0,-2.190805345
3.89,-0,0,-2.191512203
3.895,-0,0,-2.192187646
3.9,-0,0,-2.192831672
3.905,-0,0,-2.193444283
3.91,-0,0,-2.194025478
3.915,-0,0,-2.194575256
3.92,-0,0,-2.195093619
3.925,-0,0,-2.195580566
3.93,-0,0,-2.196036097
3.935,-0,0,-2.196460212
3.94,-0,0,-2.196852911
3.945,-0,0,-2.197214194
3.95,-0,0,-2.197544061
3.955,-0,0,-2.197842513
3.96,-0,0,-2.198109548
3.965,-0,0,-2.198345167
3.97,-0,0,-2.198549371
3.975,-0,0,-2.198722159
3.98,-0,0,-2.19886353
3.985,-0,0,-2.198973486
3.99,-0,0,-2.199052026
3.995,-0,0,-2.19909915
4,-0,0,-2.199114858
4.005,-0,0,-2.199004902
4.01,-0,0,-2.198675035
4.015,-0,0,-2.198125256
4.02,-0,0,-2.197355566
4.025,-0,0,-2.196365964
4.03,-0,0,-2.195156451
4.035,-0,0,-2.193727026
4.04,-0,0,-2.19207769
4.045,-0,0,-2.190208443
4.05,-0,0,-2.188119283
4.055,-0,0,-2.185810213
4.06,-0,0,-2.183281231
4.065,-0,0,-2.180532337
4.07,-0,0,-2.177563532
4.075,-0,0,-2.174374816
4.08,-0,0,-2.170966188
4.085,-0,0,-2.167337648
4.09,-0,0,-2.163489197
4.095,-0,0,-2.159420835
4.1,-0,0,-2.155132561
4.105,-0,0,-2.150624375
4.11,-0,0,-2.145896278
4.115,-0,0,-2.14094827
4.12,-0,0,-2.13578035
4.125,-0,0,-2.130392518
4.13,-0,0,-2.124784776
4.135,-0,0,-2.118957121
4.14,-0,0,-2.112909555
4.145,-0,0,-2.106642078
4.15,-0,0,-2.100154689
4.155,-0,0,-2.093447389
4.16,-0,0,-2.086520177
4.165,-0,0,-2.079373054
4.17,-0,0,-2.072006019
4.175,-0,0,-2.064419073
4.18,-0,0,-2.056612215
4.185,-0,0,-2.048585446
4.19,-0,0,-2.040338765
4.195,-0,0,-2.031872173
4.2,-0,0,-2.023185669
4.205,-0,0,-2.014279254
4.21,-0,0,-2.005152927
4.215,-0,0,-1.995806689
4.22,-0,0,-1.98624054
4.225,-0,0,-1.976454479
4.23,-0,0,-1.966448506
4.235,-0,0,-1.956222622
4.24,-0,0,-1.945776826
4.245,-0,0,-1.935111119
4.25,-0,0,-1.924225501
4.255,-0,0,-1.913119971
4.26,-0,0,-1.901794529
4.265,-0,0,-1.890249176
4.27,-0,0,-1.878483912
4.275,-0,0,-1.866498736
4.28,-0,0,-1.854293648
4.285,-0,0,-1.841868649
4.29,-0,0,-1.829223739
4.295,-0,0,-1.816358917
4.3,-0,0,-1.803274184
4.305,-0,0,-1.789969539
4.31,-0,0,-1.776444982
4.315,-0,0,-1.762700514
4.32,-0,0,-1.748736135
4.325,-0,0,-1.734551844
4.33,-0,0,-1.720147642
4.335,-0,0,-1.705523528
4.34,-0,0,-1.690679503
4.345,-0,0,-1.675615566
4.35,-0,0,-1.660331718
4.355,-0,0,-1.644827958
4.36,-0,0,-1.629104287
4.365,-0,0,-1.613160704
4.37,-0,0,-1.59699721
4.375,-0,0,-1.580613804
4.38,-0,0,-1.564010487
4.385,-0,0,-1.547187258
4.39,-0,0,-1.530144118
4.395,-0,0,-1.512881067
4.4,-0,0,-1.495398104
4.405,-0,0,-1.477695229
4.41,-0,0,-1.459772443
4.415,-0,0,-1.441629745
4.42,-0,0,-1.423267136
4.425,-0,0,-1.404684616
4.43,-0,0,-1.385882184
4.435,-0,0,-1.36685984
4.44,-0,0,-1.347617585
4.445,-0,0,-1.328155419
4.45,-0,0,-1.308473341
4.455,-0,0,-1.288571351
4.46,-0,0,-1.26844945
4.465,-0,0,-1.248107638
4.47,-0,0,-1.227545914
4.475,-0,0,-1.206764279
4.48,-0,0,-1.185762732
4.485,-0,0,-1.164541273
4.49,-0,0,-1.143099903
4.495,-0,0,-1.121438622
4.5,-0,0,-1.099557429
4.505,-0,0,-1.077676236
4.51,-0,0,-1.056014955
4.515,-0,0,-1.034573585
4.52,-0,0,-1.013352127
4.525,-0,0,-0.99235058
4.53,-0,0,-0.9715689445
4.535,-0,0,-0.9510072206
4.54,-0,0,-0.9306654082
4.545,-0,0,-0.9105435072
4.55,-0,0,-0.8906415177
4.555,-0,0,-0.8709594398
4.56,-0,0,-0.8514972733
4.565,-0,0,-0.8322550183
4.57,-0,0,-0.8132326747
4.575,-0,0,-0.7944302427
4.58,-0,0,-0.7758477221
4.585,-0,0,-0.7574851131
4.59,-0,0,-0.7393424155
4.595,-0,0,-0.7214196294
4.6,-0,0,-0.7037167548
4.605,-0,0,-0.6862337916
4.61,-0,0,-0.66897074
4.615,-0,0,-0.6519275999
4.62,-0,0,-0.6351043712
4.625,-0,0,-0.618501054
4.63,-0,0,-0.6021176483
4.635,-0,0,-0.5859541541
4.64,-0,0,-0.5700105714
4.645,-0,0,-0.5542869001
4.65,-0,0,-0.5387831404
4.655,-0,0,-0.5234992921
4.66,-0,0,-0.5084353553
4.665,-0,0,-0.49359133
4.67,-0,0,-0.4789672162
4.675,-0,0,-0.4645630139
4.68,-0,0,-0.4503787231
4.685,-0,0,-0.4364143437
4.69,-0,0,-0.4226698758
4.695,-0,0,-0.4091453195
4.7,-0,0,-0.3958406746
4.705,-0,0,-0.3827559412
4.71,-0,0,-0.3698911192
4.715,-0,0,-0.3572462088
4.72,-0,0,-0.3448212099
4.725,-0,0,-0.3326161224
4.73,-0,0,-0.3206309464
4.735,-0,0,-0.3088656819
4.74,-0,0,-0.2973203289
4.745,-0,0,-0.2859948874
4.75,-0,0,-0.2748893573
4.755,-0,0,-0.2640037388
4.76,-0,0,-0.2533380317
4.765,-0,0,-0.2428922362
4.77,-0,0,-0.2326663521
4.775,-0,0,-0.2226603795
4.78,-0,0,-0.2128743183
4.785,-0,0,-0.2033081687
4.79,-0,0,-0.1939619305
4.795,-0,0,-0.1848356039
4.8,-0,0,-0.1759291887
4.805,-0,0,-0.167242685
4.81,-0,0,-0.1587760928
4.815,-0,0,-0.1505294121
4.82,-0,0,-0.1425026429
4.825,-0,0,-0.1346957851
4.83,-0,0,-0.1271088388
4.835,-0,0,-0.1197418041
4.84,-0,0,-0.1125946808
4.845,-0,0,-0.105667469
4.85,-0,0,-0.09896016864
4.855,-0,0,-0.09247277981
4.86,-0,0,-0.08620530246
4.865,-0,0,-0.0801577366
4.87,-0,0,-0.07433008222
4.875,-0,0,-0.06872233933
4.88,-0,0,-0.06333450792
4.885,-0,0,-0.058166588
4.89,-0,0,-0.05321857957
4.895,-0,0,-0.04849048262
4.9,-0,0,-0.04398229716
4.905,-0,0,-0.03969402318
4.91,-0,0,-0.03562566069
4.915,-0,0,-0.03177720969
4.92,-0,0,-0.02814867017
4.925,-0,0,-0.02474004213
4.93,-0,0,-0.02155132559
4.935,-0,0,-0.01858252052
4.94,-0,0,-0.01583362695
4.945,-0,0,-0.01330464486
4.95,-0,0,-0.01099557425
4.955,-0,0,-0.008906415134
4.96,-0,0,-0.007037167501
4.965,-0,0,-0.005387831354
4.97,-0,0,-0.003958406693
4.975,-0,0,-0.002748893517
4.98,-0,0,-0.001759291827
4.985,-0,0,-0.0009896016234
4.99,-0,0,-0.0004398229051
4.995,-0,0,-0.0001099556726
5,-0,0,7.415218811e-11
5.005,-0,0,7.378235252e-11
5.01,-0,0,7.34143615e-11
5.015,-0,0,7.304820585e-11
5.02,-0,0,7.26838764e-11
5.025,-0,0,7.232136405e-11
5.03,-0,0,7.196065974e-11
5.035,-0,0,7.160175445e-11
5.04,-0,0,7.124463921e-11
5.045,-0,0,7.088930508e-11
5.05,-0,0,7.05357432e-11
5.055,-0,0,7.018394471e-11
5.06,-0,0,6.983390082e-11
5.065,-0,0,6.948560279e-11
5.07,-0,0,6.91390419e-11
5.075,-0,0,6.879420949e-11
5.08,-0,0,6.845109693e-11
5.085,-0,0,6.810969566e-11
5.09,-0,0,6.776999713e-11
5.095,-0,0,6.743199286e-11
5.1,-0,0,6.709567439e-11
5.105,-0,0,6.676103332e-11
5.11,-0,0,6.642806127e-11
5.115,-0,0,6.609674993e-11
5.12,-0,0,6.576709102e-11
5.125,-0,0,6.543907628e-11
5.13,-0,0,6.511269752e-11
5.135,-0,0,6.478794659e-11
5.14,-0,0,6.446481535e-11
5.145,-0,0,6.414329574e-11
5.15,-0,0,6.382337972e-11
5.155,-0,0,6.350505928e-11
5.16,-0,0,6.318832648e-11
5.165,-0,0,6.287317338e-11
5.17,-0,0,6.255959212e-11
5.175,-0,0,6.224757485e-11
5.18,-0,0,6.193711377e-11
5.185,-0,0,6.162820113e-11
5.19,-0,0,6.132082919e-11
5.195,-0,0,6.101499028e-11
5.2,-0,0,6.071067674e-11
5.205,-0,0,6.040788097e-11
5.21,-0,0,6.010659541e-11
5.215,-0,0,5.980681251e-11
5.22,-0,0,5.950852479e-11
5.225,-0,0,5.921172478e-11
5.23,-0,0,5.891640507e-11
5.235,-0,0,5.862255827e-11
5.24,-0,0,5.833017704e-11
5.245,-0,0,5.803925407e-11
5.25,-0,0,5.774978208e-11
5.255,-0,0,5.746175384e-11
5.26,-0,0,5.717516215e-11
5.265,-0,0,5.688999983e-11
5.27,-0,0,5.660625978e-11
5.275,-0,0,5.632393488e-11
5.28,-0,0,5.604301808e-11
5.285,-0,0,5.576350236e-11
5.29,-0,0,5.548538073e-11
5.295,-0,0,5.520864623e-11
5.3,-0,0,5.493329196e-11
5.305,-0,0,5.465931102e-11
5.31,-0,0,5.438669657e-11
5.315,-0,0,5.411544179e-11
5.32,-0,0,5.384553989e-11
5.325,-0,0,5.357698414e-11
5.33,-0,0,5.330976782e-11
5.335,-0,0,5.304388424e-11
5.34,-0,0,5.277932676e-11
5.345,-0,0,5.251608877e-11
5.35,-0,0,5.225416368e-11
5.355,-0,0,5.199354495e-11
5.36,-0,0,5.173422607e-11
5.365,-0,0,5.147620054e-11
5.37,-0,0,5.121946191e-11
5.375,-0,0,5.096400378e-11
5.38,-0,0,5.070981975e-11
5.385,-0,0,5.045690347e-11
5.39,-0,0,5.020524861e-11
5.395,-0,0,4.995484889e-11
5.4,-0,0,4.970569804e-11
5.405,-0,0,4.945778983e-11
5.41,-0,0,4.921111808e-11
5.415,-0,0,4.89656766e-11
5.42,-0,0,4.872145927e-11
5.425,-0,0,4.847845997e-11
5.43,-0,0,4.823667265e-11
5.435,-0,0,4.799609123e-11
5.44,-0,0,4.775670973e-11
5.445,-0,0,4.751852215e-11
5.45,-0,0,4.728152253e-11
5.455,-0,0,4.704570495e-11
5.46,-0,0,4.681106351e-11
5.465,-0,0,4.657759236e-11
5.47,-0,0,4.634528565e-11
5.475,-0,0,4.611413757e-11
5.48,-0,0,4.588414235e-11
5.485,-0,0,4.565529423e-11
5.49,-0,0,4.54275875e-11
5.495,-0,0,4.520101646e-11
5.5,-0,0,4.497557545e-11
5.505,-0,0,4.475125883e-11
5.51,-0,0,4.4528061e-11
5.515,-0,0,4.430597637e-11
5.52,-0,0,4.408499939e-11
5.525,-0,0,4.386512453e-11
5.53,-0,0,4.364634631e-11
5.535,-0,0,4.342865925e-11
5.54,-0,0,4.321205791e-11
5.545,-0,0,4.299653687e-11
5.55,-0,0,4.278209074e-11
5.555,-0,0,4.256871418e-11
5.56,-0,0,4.235640183e-11
5.565,-0,0,4.214514839e-11
5.57,-0,0,4.193494858e-11
5.575,-0,0,4.172579715e-11
5.58,-0,0,4.151768887e-11
5.585,-0,0,4.131061853e-11
5.59,-0,0,4.110458096e-11
5.595,-0,0,4.089957101e-11
5.6,-0,0,4.069558355e-11
5.605,-0,0,4.049261348e-11
5.61,-0,0,4.029065572e-11
5.615,-0,0,4.008970524e-11
5.62,-0,0,3.9889757e-11
5.625,-0,0,3.9690806e-11
5.63,-0,0,3.949284728e-11
5.635,-0,0,3.929587588e-11
5.64,-0,0,3.909988688e-11
5.645,-0,0,3.890487538e-11
5.65,-0,0,3.87108365e-11
5.655,-0,0,3.85177654e-11
5.66,-0,0,3.832565724e-11
5.665,-0,0,3.813450723e-11
5.67,-0,0,3.794431058e-11
5.675,-0,0,3.775506254e-11
5.68,-0,0,3.756675838e-11
5.685,-0,0,3.737939339e-11
5.69,-0,0,3.719296288e-11
5.695,-0,0,3.70074622e-11
5.7,-0,0,3.682288672e-11
5.705,-0,0,3.66392318e-11
5.71,-0,0,3.645649287e-11
5.715,-0,0,3.627466535e-11
5.72,-0,0,3.60937447e-11
5.725,-0,0,3.59137264e-11
5.73,-0,0,3.573460594e-11
5.735,-0,0,3.555637885e-11
5.74,-0,0,3.537904067e-11
5.745,-0,0,3.520258697e-11
5.75,-0,0,3.502701333e-11
5.755,-0,0,3.485231538e-11
5.76,-0,0,3.467848872e-11
5.765,-0,0,3.450552904e-11
5.77,-0,0,3.433343199e-11
5.775,-0,0,3.416219329e-11
5.78,-0,0,3.399180864e-11
5.785,-0,0,3.382227378e-11
5.79,-0,0,3.365358449e-11
5.795,-0,0,3.348573653e-11
5.8,-0,0,3.331872572e-11
5.805,-0,0,3.315254789e-11
5.81,-0,0,3.298719886e-11
5.815,-0,0,3.282267452e-11
5.82,-0,0,3.265897075e-11
5.825,-0,0,3.249608345e-11
5.83,-0,0,3.233400856e-11
5.835,-0,0,3.217274201e-11
5.84,-0,0,3.201227979e-11
5.845,-0,0,3.185261788e-11
5.85,-0,0,3.169375229e-11
5.855,-0,0,3.153567904e-11
5.86,-0,0,3.137839418e-11
5.865,-0,0,3.122189379e-11
5.87,-0,0,3.106617394e-11
5.875,-0,0,3.091123075e-11
5.88,-0,0,3.075706035e-11
5.885,-0,0,3.060365887e-11
5.89,-0,0,3.045102248e-11
5.895,-0,0,3.029914737e-11
5.9,-0,0,3.014802974e-11
5.905,-0,0,2.999766582e-11
5.91,-0,0,2.984805183e-11
5.915,-0,0,2.969918405e-11
5.92,-0,0,2.955105875e-11
5.925,-0,0,2.940367223e-11
5.93,-0,0,2.92570208e-11
5.935,-0,0,2.91111008e-11
5.94,-0,0,2.896590858e-11
5.945,-0,0,2.882144051e-11
5.95,-0,0,2.867769298e-11
5.955,-0,0,2.853466238e-11
5.96,-0,0,2.839234516e-11
5.965,-0,0,2.825073775e-11
5.97,-0,0,2.810983661e-11
5.975,-0,0,2.796963821e-11
5.98,-0,0,2.783013906e-11
5.985,-0,0,2.769133566e-11
5.99,-0,0,2.755322454e-11
5.995,-0,0,2.741580226e-11
6,-0,0,2.727906538e-11
