#Exudyn implicit second order time integration sensor output file
#measure KinematicTree number = 1
#OutputVariableType = Displacement
#simulation started = 2025-08-11,22:12:43
#columns contain: time, comma separated sensor values (e.g, x,y,z position coordinates)
#number of sensor values = 3
#Exudyn version = 1.10.0; Python3.13.2; Windows AVX2 FLOAT64
#
0,0,0,0
0.005,0,0,1.24992499e-06
0.01,0,0,4.999850839e-06
0.015,0,0,1.124977706e-05
0.02,0,0,1.999970364e-05
0.025,0,0,3.12496306e-05
0.03,0,0,4.499955792e-05
0.035,0,0,6.124948559e-05
0.04,0,0,7.999941364e-05
0.045,0,0,0.000101249342
0.05,0,0,0.0001249992708
0.055,0,0,0.0001512491999
0.06,0,0,0.0001799991294
0.065,0,0,0.0002112490592
0.07,0,0,0.0002449989894
0.075,0,0,0.0002812489199
0.08,0,0,0.0003199988507
0.085,0,0,0.0003612487819
0.09,0,0,0.0004049987135
0.095,0,0,0.0004512486454
0.1,0,0,0.0004999985776
0.105,0,0,0.0005512485102
0.11,0,0,0.0006049984431
0.115,0,0,0.0006612483763
0.12,0,0,0.0007199983099
0.125,0,0,0.0007812482438
0.13,0,0,0.000844998178
0.135,0,0,0.0009112481126
0.14,0,0,0.0009799980475
0.145,0,0,0.001051247983
0.15,0,0,0.001124997918
0.155,0,0,0.001201247854
0.16,0,0,0.00127999779
0.165,0,0,0.001361247727
0.17,0,0,0.001444997664
0.175,0,0,0.001531247601
0.18,0,0,0.001619997538
0.185,0,0,0.001711247476
0.19,0,0,0.001804997414
0.195,0,0,0.001901247352
0.2,0,0,0.001999997291
0.205,0,0,0.00210124723
0.21,0,0,0.002204997169
0.215,0,0,0.002311247109
0.22,0,0,0.002419997049
0.225,0,0,0.002531246989
0.23,0,0,0.002644996929
0.235,0,0,0.00276124687
0.24,0,0,0.002879996811
0.245,0,0,0.003001246753
0.25,0,0,0.003124996694
0.255,0,0,0.003251246636
0.26,0,0,0.003379996579
0.265,0,0,0.003511246521
0.27,0,0,0.003644996464
0.275,0,0,0.003781246407
0.28,0,0,0.00391999635
0.285,0,0,0.004061246294
0.29,0,0,0.004204996238
0.295,0,0,0.004351246182
0.3,0,0,0.004499996127
0.305,0,0,0.004651246072
0.31,0,0,0.004804996017
0.315,0,0,0.004961245962
0.32,0,0,0.005119995908
0.325,0,0,0.005281245854
0.33,0,0,0.0054449958
0.335,0,0,0.005611245746
0.34,0,0,0.005779995693
0.345,0,0,0.00595124564
0.35,0,0,0.006124995587
0.355,0,0,0.006301245535
0.36,0,0,0.006479995482
0.365,0,0,0.00666124543
0.37,0,0,0.006844995379
0.375,0,0,0.007031245327
0.38,0,0,0.007219995276
0.385,0,0,0.007411245225
0.39,0,0,0.007604995174
0.395,0,0,0.007801245124
0.4,0,0,0.007999995073
0.405,0,0,0.008201245024
0.41,0,0,0.008404994974
0.415,0,0,0.008611244924
0.42,0,0,0.008819994875
0.425,0,0,0.009031244826
0.43,0,0,0.009244994777
0.435,0,0,0.009461244729
0.44,0,0,0.009679994681
0.445,0,0,0.009901244633
0.45,0,0,0.01012499459
0.455,0,0,0.01035124454
0.46,0,0,0.01057999449
0.465,0,0,0.01081124444
0.47,0,0,0.0110449944
0.475,0,0,0.01128124435
0.48,0,0,0.0115199943
0.485,0,0,0.01176124426
0.49,0,0,0.01200499421
0.495,0,0,0.01225124417
0.5,0,0,0.01249999412
0.505,0,0,0.01275124408
0.51,0,0,0.01300499403
0.515,0,0,0.01326124399
0.52,0,0,0.01351999394
0.525,0,0,0.0137812439
0.53,0,0,0.01404499385
0.535,0,0,0.01431124381
0.54,0,0,0.01457999377
0.545,0,0,0.01485124372
0.55,0,0,0.01512499368
0.555,0,0,0.01540124364
0.56,0,0,0.01567999359
0.565,0,0,0.01596124355
0.57,0,0,0.01624499351
0.575,0,0,0.01653124347
0.58,0,0,0.01681999342
0.585,0,0,0.01711124338
0.59,0,0,0.01740499334
0.595,0,0,0.0177012433
0.6,0,0,0.01799999326
0.605,0,0,0.01830124322
0.61,0,0,0.01860499318
0.615,0,0,0.01891124314
0.62,0,0,0.0192199931
0.625,0,0,0.01953124306
0.63,0,0,0.01984499302
0.635,0,0,0.02016124298
0.64,0,0,0.02047999294
0.645,0,0,0.0208012429
0.65,0,0,0.02112499286
0.655,0,0,0.02145124282
0.66,0,0,0.02177999278
0.665,0,0,0.02211124274
0.67,0,0,0.0224449927
0.675,0,0,0.02278124267
0.68,0,0,0.02311999263
0.685,0,0,0.02346124259
0.69,0,0,0.02380499255
0.695,0,0,0.02415124251
0.7,0,0,0.02449999248
0.705,0,0,0.02485124244
0.71,0,0,0.0252049924
0.715,0,0,0.02556124237
0.72,0,0,0.02591999233
0.725,0,0,0.02628124229
0.73,0,0,0.02664499226
0.735,0,0,0.02701124222
0.74,0,0,0.02737999219
0.745,0,0,0.02775124215
0.75,0,0,0.02812499212
0.755,0,0,0.02850124208
0.76,0,0,0.02887999205
0.765,0,0,0.02926124201
0.77,0,0,0.02964499198
0.775,0,0,0.03003124194
0.78,0,0,0.03041999191
0.785,0,0,0.03081124187
0.79,0,0,0.03120499184
0.795,0,0,0.03160124181
0.8,0,0,0.03199999177
0.805,0,0,0.03240124174
0.81,0,0,0.0328049917
0.815,0,0,0.03321124167
0.82,0,0,0.03361999164
0.825,0,0,0.03403124161
0.83,0,0,0.03444499157
0.835,0,0,0.03486124154
0.84,0,0,0.03527999151
0.845,0,0,0.03570124148
0.85,0,0,0.03612499144
0.855,0,0,0.03655124141
0.86,0,0,0.03697999138
0.865,0,0,0.03741124135
0.87,0,0,0.03784499132
0.875,0,0,0.03828124129
0.88,0,0,0.03871999126
0.885,0,0,0.03916124122
0.89,0,0,0.03960499119
0.895,0,0,0.04005124116
0.9,0,0,0.04049999113
0.905,0,0,0.0409512411
0.91,0,0,0.04140499107
0.915,0,0,0.04186124104
0.92,0,0,0.04231999101
0.925,0,0,0.04278124098
0.93,0,0,0.04324499095
0.935,0,0,0.04371124092
0.94,0,0,0.04417999089
0.945,0,0,0.04465124087
0.95,0,0,0.04512499084
0.955,0,0,0.04560124081
0.96,0,0,0.04607999078
0.965,0,0,0.04656124075
0.97,0,0,0.04704499072
0.975,0,0,0.04753124069
0.98,0,0,0.04801999067
0.985,0,0,0.04851124064
0.99,0,0,0.04900499061
0.995,0,0,0.04950124058
1,0,0,0.04999999055
1.005,0,0,0.05049874053
1.01,0,0,0.0509949905
1.015,0,0,0.05148874048
1.02,0,0,0.05197999045
1.025,0,0,0.05246874043
1.03,0,0,0.0529549904
1.035,0,0,0.05343874038
1.04,0,0,0.05391999035
1.045,0,0,0.05439874033
1.05,0,0,0.0548749903
1.055,0,0,0.05534874028
1.06,0,0,0.05581999025
1.065,0,0,0.05628874023
1.07,0,0,0.0567549902
1.075,0,0,0.05721874018
1.08,0,0,0.05767999016
1.085,0,0,0.05813874013
1.09,0,0,0.05859499011
1.095,0,0,0.05904874008
1.1,0,0,0.05949999006
1.105,0,0,0.05994874004
1.11,0,0,0.06039499001
