#Exudyn implicit second order time integration sensor output file
#measure KinematicTree number = 1
#OutputVariableType = VelocityLocal
#simulation started = 2025-08-12,13:59:31
#columns contain: time, comma separated sensor values (e.g, x,y,z position coordinates)
#number of sensor values = 3
#Exudyn version = 1.10.0; Python3.13.2; Windows AVX2 FLOAT64
#
0,0,0,0
0.005,0,0,0.002000000118
0.01,0,0,0.004000000118
0.015,0,0,0.006000000118
0.02,0,0,0.008000000117
0.025,0,0,0.01000000012
0.03,0,0,0.01200000012
0.035,0,0,0.01400000012
0.04,0,0,0.01600000012
0.045,0,0,0.01800000012
0.05,0,0,0.02000000012
0.055,0,0,0.02200000012
0.06,0,0,0.02400000012
0.065,0,0,0.02600000012
0.07,0,0,0.02800000012
0.075,0,0,0.03000000012
0.08,0,0,0.03200000012
0.085,0,0,0.03400000012
0.09,0,0,0.03600000012
0.095,0,0,0.03800000012
0.1,0,0,0.04000000012
0.105,0,0,0.04200000012
0.11,0,0,0.04400000012
0.115,0,0,0.04600000012
0.12,0,0,0.04800000012
0.125,0,0,0.05000000012
0.13,0,0,0.05200000012
0.135,0,0,0.05400000012
0.14,0,0,0.05600000012
0.145,0,0,0.05800000012
0.15,0,0,0.06000000012
0.155,0,0,0.06200000012
0.16,0,0,0.06400000012
0.165,0,0,0.06600000012
0.17,0,0,0.06800000012
0.175,0,0,0.07000000012
0.18,0,0,0.07200000012
0.185,0,0,0.07400000012
0.19,0,0,0.07600000012
0.195,0,0,0.07800000012
0.2,0,0,0.08000000012
0.205,0,0,0.08200000012
0.21,0,0,0.08400000012
0.215,0,0,0.08600000012
0.22,0,0,0.08800000012
0.225,0,0,0.09000000012
0.23,0,0,0.09200000012
0.235,0,0,0.09400000012
0.24,0,0,0.09600000012
0.245,0,0,0.09800000012
0.25,0,0,0.1000000001
0.255,0,0,0.1020000001
0.26,0,0,0.1040000001
0.265,0,0,0.1060000001
0.27,0,0,0.1080000001
0.275,0,0,0.1100000001
0.28,0,0,0.1120000001
0.285,0,0,0.1140000001
0.29,0,0,0.1160000001
0.295,0,0,0.1180000001
0.3,0,0,0.1200000001
0.305,0,0,0.1220000001
0.31,0,0,0.1240000001
0.315,0,0,0.1260000001
0.32,0,0,0.1280000001
0.325,0,0,0.1300000001
0.33,0,0,0.1320000001
0.335,0,0,0.1340000001
0.34,0,0,0.1360000001
0.345,0,0,0.1380000001
0.35,0,0,0.1400000001
0.355,0,0,0.1420000001
0.36,0,0,0.1440000001
0.365,0,0,0.1460000001
0.37,0,0,0.1480000001
0.375,0,0,0.1500000001
0.38,0,0,0.1520000001
0.385,0,0,0.1540000001
0.39,0,0,0.1560000001
0.395,0,0,0.1580000001
0.4,0,0,0.1600000001
0.405,0,0,0.1620000001
0.41,0,0,0.1640000001
0.415,0,0,0.1660000001
0.42,0,0,0.1680000001
0.425,0,0,0.1700000001
0.43,0,0,0.1720000001
0.435,0,0,0.1740000001
0.44,0,0,0.1760000001
0.445,0,0,0.1780000001
0.45,0,0,0.1800000001
0.455,0,0,0.1820000001
0.46,0,0,0.1840000001
0.465,0,0,0.1860000002
0.47,0,0,0.1880000002
0.475,0,0,0.1900000002
0.48,0,0,0.1920000002
0.485,0,0,0.1940000002
0.49,0,0,0.1960000002
0.495,0,0,0.1980000002
0.5,0,0,0.2000000002
0.505,0,0,0.1979999998
0.51,0,0,0.1959999998
0.515,0,0,0.1939999998
0.52,0,0,0.1919999998
0.525,0,0,0.1899999998
0.53,0,0,0.1879999998
0.535,0,0,0.1859999998
0.54,0,0,0.1839999998
0.545,0,0,0.1819999998
0.55,0,0,0.1799999998
0.555,0,0,0.1779999998
0.56,0,0,0.1759999998
0.565,0,0,0.1739999998
0.57,0,0,0.1719999998
0.575,0,0,0.1699999998
0.58,0,0,0.1679999998
0.585,0,0,0.1659999998
0.59,0,0,0.1639999998
0.595,0,0,0.1619999998
0.6,0,0,0.1599999998
0.605,0,0,0.1579999998
0.61,0,0,0.1559999998
0.615,0,0,0.1539999998
0.62,0,0,0.1519999998
0.625,0,0,0.1499999998
0.63,0,0,0.1479999998
0.635,0,0,0.1459999998
0.64,0,0,0.1439999998
0.645,0,0,0.1419999998
0.65,0,0,0.1399999998
0.655,0,0,0.1379999998
0.66,0,0,0.1359999998
0.665,0,0,0.1339999998
0.67,0,0,0.1319999998
0.675,0,0,0.1299999998
0.68,0,0,0.1279999998
0.685,0,0,0.1259999998
0.69,0,0,0.1239999998
0.695,0,0,0.1219999998
0.7,0,0,0.1199999998
0.705,0,0,0.1179999998
0.71,0,0,0.1159999998
0.715,0,0,0.1139999998
0.72,0,0,0.1119999998
0.725,0,0,0.1099999998
0.73,0,0,0.1079999998
0.735,0,0,0.1059999998
0.74,0,0,0.1039999998
0.745,0,0,0.1019999998
0.75,0,0,0.09999999979
0.755,0,0,0.09799999979
0.76,0,0,0.09599999979
0.765,0,0,0.09399999979
0.77,0,0,0.09199999979
0.775,0,0,0.08999999979
0.78,0,0,0.08799999979
0.785,0,0,0.08599999979
0.79,0,0,0.08399999979
0.795,0,0,0.08199999979
0.8,0,0,0.07999999979
0.805,0,0,0.0779999998
0.81,0,0,0.0759999998
0.815,0,0,0.0739999998
0.82,0,0,0.0719999998
0.825,0,0,0.0699999998
0.83,0,0,0.0679999998
0.835,0,0,0.0659999998
0.84,0,0,0.0639999998
0.845,0,0,0.0619999998
0.85,0,0,0.0599999998
0.855,0,0,0.0579999998
0.86,0,0,0.0559999998
0.865,0,0,0.0539999998
0.87,0,0,0.0519999998
0.875,0,0,0.04999999981
0.88,0,0,0.04799999981
0.885,0,0,0.04599999981
0.89,0,0,0.04399999981
0.895,0,0,0.04199999981
0.9,0,0,0.03999999981
0.905,0,0,0.03799999981
0.91,0,0,0.03599999981
0.915,0,0,0.03399999981
0.92,0,0,0.03199999981
0.925,0,0,0.02999999981
0.93,0,0,0.02799999981
0.935,0,0,0.02599999982
0.94,0,0,0.02399999982
0.945,0,0,0.02199999982
0.95,0,0,0.01999999982
0.955,0,0,0.01799999982
0.96,0,0,0.01599999982
0.965,0,0,0.01399999982
0.97,0,0,0.01199999982
0.975,0,0,0.009999999823
0.98,0,0,0.007999999824
0.985,0,0,0.005999999825
0.99,0,0,0.003999999826
0.995,0,0,0.001999999827
1,0,0,-1.722695966e-10
1.005,0,0,0.002000000867
1.01,0,0,0.004000000863
1.015,0,0,0.006000000859
1.02,0,0,0.008000000855
1.025,0,0,0.01000000085
1.03,0,0,0.01200000085
1.035,0,0,0.01400000084
1.04,0,0,0.01600000084
1.045,0,0,0.01800000084
1.05,0,0,0.02000000083
1.055,0,0,0.02200000083
1.06,0,0,0.02400000083
1.065,0,0,0.02600000082
1.07,0,0,0.02800000082
1.075,0,0,0.03000000082
1.08,0,0,0.03200000082
1.085,0,0,0.03400000081
1.09,0,0,0.03600000081
1.095,0,0,0.03800000081
1.1,0,0,0.04000000081
1.105,0,0,0.0420000008
1.11,0,0,0.0440000008
1.115,0,0,0.0460000008
1.12,0,0,0.0480000008
1.125,0,0,0.0500000008
1.13,0,0,0.05200000079
1.135,0,0,0.05400000079
1.14,0,0,0.05600000079
1.145,0,0,0.05800000079
1.15,0,0,0.06000000079
1.155,0,0,0.06200000079
1.16,0,0,0.06400000079
1.165,0,0,0.06600000078
1.17,0,0,0.06800000078
1.175,0,0,0.07000000078
1.18,0,0,0.07200000078
1.185,0,0,0.07400000078
1.19,0,0,0.07600000078
1.195,0,0,0.07800000078
1.2,0,0,0.08000000078
1.205,0,0,0.08200000078
1.21,0,0,0.08400000078
1.215,0,0,0.08600000078
1.22,0,0,0.08800000078
1.225,0,0,0.09000000078
1.23,0,0,0.09200000078
1.235,0,0,0.09400000078
1.24,0,0,0.09600000078
1.245,0,0,0.09800000078
1.25,0,0,0.1000000008
1.255,0,0,0.1020000008
1.26,0,0,0.1040000008
1.265,0,0,0.1060000008
1.27,0,0,0.1080000008
1.275,0,0,0.1100000008
1.28,0,0,0.1120000008
1.285,0,0,0.1140000008
1.29,0,0,0.1160000008
1.295,0,0,0.1180000008
1.3,0,0,0.1200000008
1.305,0,0,0.1220000008
1.31,0,0,0.1240000008
1.315,0,0,0.1260000008
1.32,0,0,0.1280000008
1.325,0,0,0.1300000008
1.33,0,0,0.1320000008
1.335,0,0,0.1340000008
1.34,0,0,0.1360000008
1.345,0,0,0.1380000008
1.35,0,0,0.1400000008
1.355,0,0,0.1420000008
1.36,0,0,0.1440000008
1.365,0,0,0.1460000008
1.37,0,0,0.1480000008
1.375,0,0,0.1500000008
1.38,0,0,0.1520000008
1.385,0,0,0.1540000008
1.39,0,0,0.1560000008
1.395,0,0,0.1580000008
1.4,0,0,0.1600000008
1.405,0,0,0.1620000008
1.41,0,0,0.1640000008
1.415,0,0,0.1660000008
1.42,0,0,0.1680000008
1.425,0,0,0.1700000008
1.43,0,0,0.1720000008
1.435,0,0,0.1740000008
1.44,0,0,0.1760000008
1.445,0,0,0.1780000008
1.45,0,0,0.1800000008
1.455,0,0,0.1820000008
1.46,0,0,0.1840000008
1.465,0,0,0.1860000009
1.47,0,0,0.1880000009
1.475,0,0,0.1900000009
1.48,0,0,0.1920000009
1.485,0,0,0.1940000009
1.49,0,0,0.1960000009
1.495,0,0,0.1980000009
1.5,0,0,0.2000000009
1.505,0,0,0.1979999985
1.51,0,0,0.1959999985
1.515,0,0,0.1939999985
1.52,0,0,0.1919999985
1.525,0,0,0.1899999985
1.53,0,0,0.1879999985
1.535,0,0,0.1859999986
1.54,0,0,0.1839999986
1.545,0,0,0.1819999986
1.55,0,0,0.1799999986
1.555,0,0,0.1779999986
1.56,0,0,0.1759999986
1.565,0,0,0.1739999986
1.57,0,0,0.1719999986
1.575,0,0,0.1699999986
1.58,0,0,0.1679999986
1.585,0,0,0.1659999986
1.59,0,0,0.1639999986
1.595,0,0,0.1619999986
1.6,0,0,0.1599999986
1.605,0,0,0.1579999986
1.61,0,0,0.1559999986
1.615,0,0,0.1539999986
1.62,0,0,0.1519999986
1.625,0,0,0.1499999986
1.63,0,0,0.1479999986
1.635,0,0,0.1459999986
1.64,0,0,0.1439999986
1.645,0,0,0.1419999987
1.65,0,0,0.1399999987
1.655,0,0,0.1379999987
1.66,0,0,0.1359999987
1.665,0,0,0.1339999987
1.67,0,0,0.1319999987
1.675,0,0,0.1299999987
1.68,0,0,0.1279999987
1.685,0,0,0.1259999987
1.69,0,0,0.1239999987
1.695,0,0,0.1219999987
1.7,0,0,0.1199999987
1.705,0,0,0.1179999987
1.71,0,0,0.1159999987
1.715,0,0,0.1139999987
1.72,0,0,0.1119999987
1.725,0,0,0.1099999987
1.73,0,0,0.1079999988
1.735,0,0,0.1059999988
1.74,0,0,0.1039999988
1.745,0,0,0.1019999988
1.75,0,0,0.09999999878
1.755,0,0,0.09799999879
1.76,0,0,0.09599999879
1.765,0,0,0.0939999988
1.77,0,0,0.09199999881
1.775,0,0,0.08999999881
1.78,0,0,0.08799999882
1.785,0,0,0.08599999883
1.79,0,0,0.08399999883
1.795,0,0,0.08199999884
1.8,0,0,0.07999999884
1.805,0,0,0.07799999885
1.81,0,0,0.07599999886
1.815,0,0,0.07399999886
1.82,0,0,0.07199999887
1.825,0,0,0.06999999888
1.83,0,0,0.06799999888
1.835,0,0,0.06599999889
1.84,0,0,0.06399999889
1.845,0,0,0.0619999989
1.85,0,0,0.05999999891
1.855,0,0,0.05799999891
1.86,0,0,0.05599999892
1.865,0,0,0.05399999892
1.87,0,0,0.05199999893
1.875,0,0,0.04999999894
1.88,0,0,0.04799999894
1.885,0,0,0.04599999895
1.89,0,0,0.04399999895
1.895,0,0,0.04199999896
1.9,0,0,0.03999999896
1.905,0,0,0.03799999897
1.91,0,0,0.03599999898
1.915,0,0,0.03399999898
1.92,0,0,0.03199999899
1.925,0,0,0.02999999899
1.93,0,0,0.027999999
1.935,0,0,0.025999999
1.94,0,0,0.02399999901
1.945,0,0,0.02199999901
1.95,0,0,0.01999999902
1.955,0,0,0.01799999902
1.96,0,0,0.01599999903
1.965,0,0,0.01399999903
1.97,0,0,0.01199999904
1.975,0,0,0.009999999043
1.98,0,0,0.007999999048
1.985,0,0,0.005999999053
1.99,0,0,0.003999999057
1.995,0,0,0.001999999062
2,0,0,-9.330547271e-10
2.005,0,0,-0.002000001607
2.01,0,0,-0.004000001599
2.015,0,0,-0.006000001591
2.02,0,0,-0.008000001583
2.025,0,0,-0.01000000158
2.03,0,0,-0.01200000157
2.035,0,0,-0.01400000156
2.04,0,0,-0.01600000155
2.045,0,0,-0.01800000155
2.05,0,0,-0.02000000154
2.055,0,0,-0.02200000153
2.06,0,0,-0.02400000153
2.065,0,0,-0.02600000152
2.07,0,0,-0.02800000152
2.075,0,0,-0.03000000151
2.08,0,0,-0.0320000015
2.085,0,0,-0.0340000015
2.09,0,0,-0.03600000149
2.095,0,0,-0.03800000149
2.1,0,0,-0.04000000148
2.105,0,0,-0.04200000148
2.11,0,0,-0.04400000147
2.115,0,0,-0.04600000147
2.12,0,0,-0.04800000146
2.125,0,0,-0.05000000146
2.13,0,0,-0.05200000145
2.135,0,0,-0.05400000145
2.14,0,0,-0.05600000145
2.145,0,0,-0.05800000144
2.15,0,0,-0.06000000144
2.155,0,0,-0.06200000144
2.16,0,0,-0.06400000143
2.165,0,0,-0.06600000143
2.17,0,0,-0.06800000143
2.175,0,0,-0.07000000142
2.18,0,0,-0.07200000142
2.185,0,0,-0.07400000142
2.19,0,0,-0.07600000141
2.195,0,0,-0.07800000141
2.2,0,0,-0.08000000141
2.205,0,0,-0.08200000141
2.21,0,0,-0.0840000014
2.215,0,0,-0.0860000014
2.22,0,0,-0.0880000014
2.225,0,0,-0.0900000014
2.23,0,0,-0.0920000014
2.235,0,0,-0.0940000014
2.24,0,0,-0.09600000139
2.245,0,0,-0.09800000139
2.25,0,0,-0.1000000014
2.255,0,0,-0.1020000014
2.26,0,0,-0.1040000014
2.265,0,0,-0.1060000014
2.27,0,0,-0.1080000014
2.275,0,0,-0.1100000014
2.28,0,0,-0.1120000014
2.285,0,0,-0.1140000014
2.29,0,0,-0.1160000014
2.295,0,0,-0.1180000014
2.3,0,0,-0.1200000014
2.305,0,0,-0.1220000014
2.31,0,0,-0.1240000014
2.315,0,0,-0.1260000014
2.32,0,0,-0.1280000014
2.325,0,0,-0.1300000014
2.33,0,0,-0.1320000014
2.335,0,0,-0.1340000014
2.34,0,0,-0.1360000014
2.345,0,0,-0.1380000014
2.35,0,0,-0.1400000014
2.355,0,0,-0.1420000014
2.36,0,0,-0.1440000014
2.365,0,0,-0.1460000014
2.37,0,0,-0.1480000014
2.375,0,0,-0.1500000014
2.38,0,0,-0.1520000014
2.385,0,0,-0.1540000014
2.39,0,0,-0.1560000014
2.395,0,0,-0.1580000014
2.4,0,0,-0.1600000014
2.405,0,0,-0.1620000014
2.41,0,0,-0.1640000014
2.415,0,0,-0.1660000014
2.42,0,0,-0.1680000014
2.425,0,0,-0.1700000014
2.43,0,0,-0.1720000014
2.435,0,0,-0.1740000014
2.44,0,0,-0.1760000014
2.445,0,0,-0.1780000014
2.45,0,0,-0.1800000014
2.455,0,0,-0.1820000014
2.46,0,0,-0.1840000014
2.465,0,0,-0.1860000014
2.47,0,0,-0.1880000014
2.475,0,0,-0.1900000014
2.48,0,0,-0.1920000014
2.485,0,0,-0.1940000013
2.49,0,0,-0.1960000013
2.495,0,0,-0.1980000013
2.5,0,0,-0.1999999966
2.505,0,0,-0.1979999966
2.51,0,0,-0.1959999966
2.515,0,0,-0.1939999967
2.52,0,0,-0.1919999967
2.525,0,0,-0.1899999967
2.53,0,0,-0.1879999967
2.535,0,0,-0.1859999967
2.54,0,0,-0.1839999967
2.545,0,0,-0.1819999968
2.55,0,0,-0.1799999968
2.555,0,0,-0.1779999968
2.56,0,0,-0.1759999968
2.565,0,0,-0.1739999968
2.57,0,0,-0.1719999969
2.575,0,0,-0.1699999969
2.58,0,0,-0.1679999969
2.585,0,0,-0.1659999969
2.59,0,0,-0.1639999969
2.595,0,0,-0.1619999969
2.6,0,0,-0.159999997
2.605,0,0,-0.157999997
2.61,0,0,-0.155999997
2.615,0,0,-0.153999997
2.62,0,0,-0.151999997
2.625,0,0,-0.1499999971
2.63,0,0,-0.1479999971
2.635,0,0,-0.1459999971
2.64,0,0,-0.1439999971
2.645,0,0,-0.1419999971
2.65,0,0,-0.1399999972
2.655,0,0,-0.1379999972
2.66,0,0,-0.1359999972
2.665,0,0,-0.1339999972
2.67,0,0,-0.1319999972
2.675,0,0,-0.1299999973
2.68,0,0,-0.1279999973
2.685,0,0,-0.1259999973
2.69,0,0,-0.1239999973
2.695,0,0,-0.1219999973
2.7,0,0,-0.1199999974
2.705,0,0,-0.1179999974
2.71,0,0,-0.1159999974
2.715,0,0,-0.1139999974
2.72,0,0,-0.1119999974
2.725,0,0,-0.1099999975
2.73,0,0,-0.1079999975
2.735,0,0,-0.1059999975
2.74,0,0,-0.1039999975
2.745,0,0,-0.1019999975
2.75,0,0,-0.09999999756
2.755,0,0,-0.09799999757
2.76,0,0,-0.09599999759
2.765,0,0,-0.09399999761
2.77,0,0,-0.09199999763
2.775,0,0,-0.08999999764
2.78,0,0,-0.08799999766
2.785,0,0,-0.08599999768
2.79,0,0,-0.0839999977
2.795,0,0,-0.08199999771
2.8,0,0,-0.07999999773
2.805,0,0,-0.07799999775
2.81,0,0,-0.07599999776
2.815,0,0,-0.07399999778
2.82,0,0,-0.0719999978
2.825,0,0,-0.06999999781
2.83,0,0,-0.06799999783
2.835,0,0,-0.06599999784
2.84,0,0,-0.06399999786
2.845,0,0,-0.06199999787
2.85,0,0,-0.05999999789
2.855,0,0,-0.0579999979
2.86,0,0,-0.05599999792
2.865,0,0,-0.05399999793
2.87,0,0,-0.05199999795
2.875,0,0,-0.04999999796
2.88,0,0,-0.04799999797
2.885,0,0,-0.04599999799
2.89,0,0,-0.043999998
2.895,0,0,-0.04199999801
2.9,0,0,-0.03999999803
2.905,0,0,-0.03799999804
2.91,0,0,-0.03599999805
2.915,0,0,-0.03399999806
2.92,0,0,-0.03199999808
2.925,0,0,-0.02999999809
2.93,0,0,-0.0279999981
2.935,0,0,-0.02599999811
2.94,0,0,-0.02399999812
2.945,0,0,-0.02199999813
2.95,0,0,-0.01999999814
2.955,0,0,-0.01799999816
2.96,0,0,-0.01599999817
2.965,0,0,-0.01399999818
2.97,0,0,-0.01199999819
2.975,0,0,-0.009999998196
2.98,0,0,-0.007999998206
2.985,0,0,-0.005999998215
2.99,0,0,-0.003999998224
2.995,0,0,-0.001999998233
3,0,0,5.815214614e-10
3.005,0,0,0.004000000579
3.01,0,0,0.008000000576
3.015,0,0,0.01200000057
3.02,0,0,0.01600000057
3.025,0,0,0.02000000057
3.03,0,0,0.02400000056
3.035,0,0,0.02800000056
3.04,0,0,0.03200000056
3.045,0,0,0.03600000056
3.05,0,0,0.04000000055
3.055,0,0,0.04400000055
3.06,0,0,0.04800000055
3.065,0,0,0.05200000055
3.07,0,0,0.05600000054
3.075,0,0,0.06000000054
3.08,0,0,0.06400000054
3.085,0,0,0.06800000053
3.09,0,0,0.07200000053
3.095,0,0,0.07600000053
3.1,0,0,0.08000000053
3.105,0,0,0.08400000052
3.11,0,0,0.08800000052
3.115,0,0,0.09200000052
3.12,0,0,0.09600000052
3.125,0,0,0.1000000005
3.13,0,0,0.1040000005
3.135,0,0,0.1080000005
3.14,0,0,0.1120000005
3.145,0,0,0.1160000005
3.15,0,0,0.1200000005
3.155,0,0,0.1240000005
3.16,0,0,0.1280000005
3.165,0,0,0.1320000005
3.17,0,0,0.1360000005
3.175,0,0,0.1400000005
3.18,0,0,0.1440000005
3.185,0,0,0.1480000005
3.19,0,0,0.1520000005
3.195,0,0,0.1560000005
3.2,0,0,0.1600000005
3.205,0,0,0.1640000005
3.21,0,0,0.1680000005
3.215,0,0,0.1720000005
3.22,0,0,0.1760000005
3.225,0,0,0.1800000005
3.23,0,0,0.1840000005
3.235,0,0,0.1880000005
3.24,0,0,0.1920000005
3.245,0,0,0.1960000005
3.25,0,0,0.2000000005
3.255,0,0,0.2040000005
3.26,0,0,0.2080000004
3.265,0,0,0.2120000004
3.27,0,0,0.2160000004
3.275,0,0,0.2200000004
3.28,0,0,0.2240000004
3.285,0,0,0.2280000004
3.29,0,0,0.2320000004
3.295,0,0,0.2360000004
3.3,0,0,0.2400000004
3.305,0,0,0.2440000004
3.31,0,0,0.2480000004
3.315,0,0,0.2520000004
3.32,0,0,0.2560000004
3.325,0,0,0.2600000004
3.33,0,0,0.2640000004
3.335,0,0,0.2680000004
3.34,0,0,0.2720000004
3.345,0,0,0.2760000004
3.35,0,0,0.2800000004
3.355,0,0,0.2840000004
3.36,0,0,0.2880000004
3.365,0,0,0.2920000004
3.37,0,0,0.2960000004
3.375,0,0,0.3000000004
3.38,0,0,0.3040000004
3.385,0,0,0.3080000004
3.39,0,0,0.3120000004
3.395,0,0,0.3160000004
3.4,0,0,0.3200000004
3.405,0,0,0.3240000004
3.41,0,0,0.3280000004
3.415,0,0,0.3320000004
3.42,0,0,0.3360000004
3.425,0,0,0.3400000004
3.43,0,0,0.3440000004
3.435,0,0,0.3480000004
3.44,0,0,0.3520000004
3.445,0,0,0.3560000004
3.45,0,0,0.3600000004
3.455,0,0,0.3640000004
3.46,0,0,0.3680000004
3.465,0,0,0.3720000004
3.47,0,0,0.3760000004
3.475,0,0,0.3800000004
3.48,0,0,0.3840000004
3.485,0,0,0.3880000004
3.49,0,0,0.3920000004
3.495,0,0,0.3960000004
3.5,0,0,0.3999999988
3.505,0,0,0.3959999988
3.51,0,0,0.3919999988
3.515,0,0,0.3879999988
3.52,0,0,0.3839999988
3.525,0,0,0.3799999988
3.53,0,0,0.3759999988
3.535,0,0,0.3719999988
3.54,0,0,0.3679999988
3.545,0,0,0.3639999988
3.55,0,0,0.3599999988
3.555,0,0,0.3559999988
3.56,0,0,0.3519999988
3.565,0,0,0.3479999989
3.57,0,0,0.3439999989
3.575,0,0,0.3399999989
3.58,0,0,0.3359999989
3.585,0,0,0.3319999989
3.59,0,0,0.3279999989
3.595,0,0,0.3239999989
3.6,0,0,0.3199999989
3.605,0,0,0.3159999989
3.61,0,0,0.3119999989
3.615,0,0,0.3079999989
3.62,0,0,0.3039999989
3.625,0,0,0.2999999989
3.63,0,0,0.2959999989
3.635,0,0,0.2919999989
3.64,0,0,0.2879999989
3.645,0,0,0.2839999989
3.65,0,0,0.2799999989
3.655,0,0,0.275999999
3.66,0,0,0.271999999
3.665,0,0,0.267999999
3.67,0,0,0.263999999
3.675,0,0,0.259999999
3.68,0,0,0.255999999
3.685,0,0,0.251999999
3.69,0,0,0.247999999
3.695,0,0,0.243999999
3.7,0,0,0.239999999
3.705,0,0,0.235999999
3.71,0,0,0.231999999
3.715,0,0,0.227999999
3.72,0,0,0.223999999
3.725,0,0,0.219999999
3.73,0,0,0.215999999
3.735,0,0,0.211999999
3.74,0,0,0.207999999
3.745,0,0,0.203999999
3.75,0,0,0.199999999
3.755,0,0,0.1959999991
3.76,0,0,0.1919999991
3.765,0,0,0.1879999991
3.77,0,0,0.1839999991
3.775,0,0,0.1799999991
3.78,0,0,0.1759999991
3.785,0,0,0.1719999991
3.79,0,0,0.1679999991
3.795,0,0,0.1639999991
3.8,0,0,0.1599999991
3.805,0,0,0.1559999991
3.81,0,0,0.1519999991
3.815,0,0,0.1479999991
3.82,0,0,0.1439999991
3.825,0,0,0.1399999991
3.83,0,0,0.1359999991
3.835,0,0,0.1319999991
3.84,0,0,0.1279999991
3.845,0,0,0.1239999991
3.85,0,0,0.1199999991
3.855,0,0,0.1159999991
3.86,0,0,0.1119999991
3.865,0,0,0.1079999992
3.87,0,0,0.1039999992
3.875,0,0,0.09999999916
3.88,0,0,0.09599999916
3.885,0,0,0.09199999917
3.89,0,0,0.08799999917
3.895,0,0,0.08399999918
3.9,0,0,0.07999999918
3.905,0,0,0.07599999918
3.91,0,0,0.07199999919
3.915,0,0,0.06799999919
3.92,0,0,0.0639999992
3.925,0,0,0.0599999992
3.93,0,0,0.0559999992
3.935,0,0,0.05199999921
3.94,0,0,0.04799999921
3.945,0,0,0.04399999921
3.95,0,0,0.03999999922
3.955,0,0,0.03599999922
3.96,0,0,0.03199999923
3.965,0,0,0.02799999923
3.97,0,0,0.02399999923
3.975,0,0,0.01999999924
3.98,0,0,0.01599999924
3.985,0,0,0.01199999925
3.99,0,0,0.007999999249
3.995,0,0,0.003999999253
4,0,0,2.59842431e-10
4.005,0,0,-0.005999999741
4.01,0,0,-0.01199999974
4.015,0,0,-0.01799999974
4.02,0,0,-0.02399999975
4.025,0,0,-0.02999999975
4.03,0,0,-0.03599999975
4.035,0,0,-0.04199999975
4.04,0,0,-0.04799999975
4.045,0,0,-0.05399999975
4.05,0,0,-0.05999999975
4.055,0,0,-0.06599999975
4.06,0,0,-0.07199999975
4.065,0,0,-0.07799999976
4.07,0,0,-0.08399999976
4.075,0,0,-0.08999999976
4.08,0,0,-0.09599999976
4.085,0,0,-0.1019999998
4.09,0,0,-0.1079999998
4.095,0,0,-0.1139999998
4.1,0,0,-0.1199999998
4.105,0,0,-0.1259999998
4.11,0,0,-0.1319999998
4.115,0,0,-0.1379999998
4.12,0,0,-0.1439999998
4.125,0,0,-0.1499999998
4.13,0,0,-0.1559999998
4.135,0,0,-0.1619999998
4.14,0,0,-0.1679999998
4.145,0,0,-0.1739999998
4.15,0,0,-0.1799999998
4.155,0,0,-0.1859999998
4.16,0,0,-0.1919999998
4.165,0,0,-0.1979999998
4.17,0,0,-0.2039999998
4.175,0,0,-0.2099999998
4.18,0,0,-0.2159999998
4.185,0,0,-0.2219999998
4.19,0,0,-0.2279999998
4.195,0,0,-0.2339999998
4.2,0,0,-0.2399999998
4.205,0,0,-0.2459999998
4.21,0,0,-0.2519999998
4.215,0,0,-0.2579999998
4.22,0,0,-0.2639999998
4.225,0,0,-0.2699999998
4.23,0,0,-0.2759999998
4.235,0,0,-0.2819999998
4.24,0,0,-0.2879999998
4.245,0,0,-0.2939999998
4.25,0,0,-0.2999999998
4.255,0,0,-0.3059999998
4.26,0,0,-0.3119999998
4.265,0,0,-0.3179999998
4.27,0,0,-0.3239999998
4.275,0,0,-0.3299999998
4.28,0,0,-0.3359999998
4.285,0,0,-0.3419999998
4.29,0,0,-0.3479999998
4.295,0,0,-0.3539999998
4.3,0,0,-0.3599999998
4.305,0,0,-0.3659999998
4.31,0,0,-0.3719999998
4.315,0,0,-0.3779999998
4.32,0,0,-0.3839999998
4.325,0,0,-0.3899999998
4.33,0,0,-0.3959999998
4.335,0,0,-0.4019999998
4.34,0,0,-0.4079999998
4.345,0,0,-0.4139999998
4.35,0,0,-0.4199999998
4.355,0,0,-0.4259999998
4.36,0,0,-0.4319999998
4.365,0,0,-0.4379999998
4.37,0,0,-0.4439999998
4.375,0,0,-0.4499999998
4.38,0,0,-0.4559999998
4.385,0,0,-0.4619999998
4.39,0,0,-0.4679999998
4.395,0,0,-0.4739999999
4.4,0,0,-0.4799999999
4.405,0,0,-0.4859999999
4.41,0,0,-0.4919999999
4.415,0,0,-0.4979999999
4.42,0,0,-0.5039999999
4.425,0,0,-0.5099999999
4.43,0,0,-0.5159999999
4.435,0,0,-0.5219999999
4.44,0,0,-0.5279999999
4.445,0,0,-0.5339999999
4.45,0,0,-0.5399999999
4.455,0,0,-0.5459999999
4.46,0,0,-0.5519999999
4.465,0,0,-0.5579999999
4.47,0,0,-0.5639999999
4.475,0,0,-0.5699999999
4.48,0,0,-0.5759999999
4.485,0,0,-0.5819999999
4.49,0,0,-0.5879999999
4.495,0,0,-0.5939999999
4.5,0,0,-0.6000000002
4.505,0,0,-0.5940000002
4.51,0,0,-0.5880000002
4.515,0,0,-0.5820000001
4.52,0,0,-0.5760000001
4.525,0,0,-0.5700000001
4.53,0,0,-0.5640000001
4.535,0,0,-0.5580000001
4.54,0,0,-0.5520000001
4.545,0,0,-0.5460000001
4.55,0,0,-0.5400000001
4.555,0,0,-0.5340000001
4.56,0,0,-0.5280000001
4.565,0,0,-0.5220000001
4.57,0,0,-0.5160000001
4.575,0,0,-0.5100000001
4.58,0,0,-0.5040000001
4.585,0,0,-0.498
4.59,0,0,-0.492
4.595,0,0,-0.486
4.6,0,0,-0.48
4.605,0,0,-0.474
4.61,0,0,-0.468
4.615,0,0,-0.462
4.62,0,0,-0.456
4.625,0,0,-0.45
4.63,0,0,-0.444
4.635,0,0,-0.438
4.64,0,0,-0.432
4.645,0,0,-0.426
4.65,0,0,-0.42
4.655,0,0,-0.414
4.66,0,0,-0.4079999999
4.665,0,0,-0.4019999999
4.67,0,0,-0.3959999999
4.675,0,0,-0.3899999999
4.68,0,0,-0.3839999999
4.685,0,0,-0.3779999999
4.69,0,0,-0.3719999999
4.695,0,0,-0.3659999999
4.7,0,0,-0.3599999999
4.705,0,0,-0.3539999999
4.71,0,0,-0.3479999999
4.715,0,0,-0.3419999999
4.72,0,0,-0.3359999999
4.725,0,0,-0.3299999999
4.73,0,0,-0.3239999999
4.735,0,0,-0.3179999999
4.74,0,0,-0.3119999999
4.745,0,0,-0.3059999999
4.75,0,0,-0.2999999999
4.755,0,0,-0.2939999998
4.76,0,0,-0.2879999998
4.765,0,0,-0.2819999998
4.77,0,0,-0.2759999998
4.775,0,0,-0.2699999998
4.78,0,0,-0.2639999998
4.785,0,0,-0.2579999998
4.79,0,0,-0.2519999998
4.795,0,0,-0.2459999998
4.8,0,0,-0.2399999998
4.805,0,0,-0.2339999998
4.81,0,0,-0.2279999998
4.815,0,0,-0.2219999998
4.82,0,0,-0.2159999998
4.825,0,0,-0.2099999998
4.83,0,0,-0.2039999998
4.835,0,0,-0.1979999998
4.84,0,0,-0.1919999998
4.845,0,0,-0.1859999998
4.85,0,0,-0.1799999998
4.855,0,0,-0.1739999998
4.86,0,0,-0.1679999998
4.865,0,0,-0.1619999998
4.87,0,0,-0.1559999998
4.875,0,0,-0.1499999998
4.88,0,0,-0.1439999998
4.885,0,0,-0.1379999998
4.89,0,0,-0.1319999998
4.895,0,0,-0.1259999998
4.9,0,0,-0.1199999998
4.905,0,0,-0.1139999998
4.91,0,0,-0.1079999998
4.915,0,0,-0.1019999998
4.92,0,0,-0.09599999977
4.925,0,0,-0.08999999977
4.93,0,0,-0.08399999977
4.935,0,0,-0.07799999977
4.94,0,0,-0.07199999977
4.945,0,0,-0.06599999977
4.95,0,0,-0.05999999977
4.955,0,0,-0.05399999977
4.96,0,0,-0.04799999977
4.965,0,0,-0.04199999977
4.97,0,0,-0.03599999977
4.975,0,0,-0.02999999977
4.98,0,0,-0.02399999977
4.985,0,0,-0.01799999977
4.99,0,0,-0.01199999977
4.995,0,0,-0.005999999772
5,0,0,2.246807838e-10
