#Exudyn implicit second order time integration sensor output file
#measure KinematicTree number = 1
#OutputVariableType = AccelerationLocal
#simulation started = 2025-08-05,16:56:13
#columns contain: time, comma separated sensor values (e.g, x,y,z position coordinates)
#number of sensor values = 3
#Exudyn version = 1.10.0; Python3.13.2; Windows AVX2 FLOAT64
#
0,0,0,0
0.005,0,0,2.635982115e-11
0.01,0,0,8.829281223e-11
0.015,0,0,-2.837459123e-10
0.02,0,0,-6.557827127e-10
0.025,0,0,-1.026625712e-09
0.03,0,0,-1.396292119e-09
0.035,0,0,-1.76833518e-09
0.04,0,0,-1.964892184e-09
0.045,0,0,-5.986462201e-10
0.05,0,0,7.651767467e-10
0.055,0,0,2.13019945e-09
0.06,0,0,3.496415494e-09
0.065,0,0,4.86024941e-09
0.07,0,0,6.222896489e-09
0.075,0,0,7.587915073e-09
0.08,0,0,7.909485244e-09
0.085,0,0,5.805151406e-09
0.09,0,0,3.700791984e-09
0.095,0,0,1.594086641e-09
0.1,0,0,-5.102710463e-10
0.105,0,0,-6.880354303e-10
0.11,0,0,-9.454197406e-10
0.115,0,0,-6.66414805e-10
0.12,0,0,-1.079135461e-09
0.125,0,0,-4.269462135e-10
0.13,0,0,-9.794629036e-10
0.135,0,0,-5.367864492e-10
0.14,0,0,-6.984563466e-10
0.145,0,0,-4.416643695e-10
0.15,0,0,-2.732801974e-10
0.155,0,0,-6.343351042e-10
0.16,0,0,-6.030532763e-10
0.165,0,0,-6.383591591e-10
0.17,0,0,8.76584978e-11
0.175,0,0,-8.455893436e-11
0.18,0,0,-3.064595752e-10
0.185,0,0,-5.719553064e-10
0.19,0,0,-1.483228682e-10
0.195,0,0,2.008263851e-10
0.2,0,0,-2.166676344e-10
0.205,0,0,-6.652145264e-10
0.21,0,0,-4.800108428e-10
0.215,0,0,-3.513243244e-10
0.22,0,0,-2.768099181e-10
0.225,0,0,-2.530471771e-10
0.23,0,0,-2.745828118e-10
0.235,0,0,-3.420204308e-10
0.24,0,0,-4.500975408e-10
0.245,0,0,-3.033652151e-11
0.25,0,0,-2.246220819e-10
0.255,0,0,-4.530878305e-10
0.26,0,0,-7.123549483e-10
0.265,0,0,-4.774472419e-10
0.27,0,0,-2.902454068e-10
0.275,0,0,-1.484703014e-10
0.28,0,0,-5.454815315e-10
0.285,0,0,-4.772737913e-10
0.29,0,0,-4.480855131e-10
0.295,0,0,-4.555369536e-10
0.3,0,0,-3.389919823e-11
0.305,0,0,-1.17412225e-10
0.31,0,0,-2.316745859e-10
0.315,0,0,1.828523864e-09
0.32,0,0,3.17629798e-10
0.325,0,0,5.307798531e-10
0.33,0,0,7.070820475e-10
0.335,0,0,1.703979346e-11
0.34,0,0,1.767379035e-09
0.345,0,0,2.143017671e-10
0.35,0,0,1.058611045e-09
0.355,0,0,1.06558376e-09
0.36,0,0,2.710756393e-10
0.365,0,0,1.753926201e-09
0.37,0,0,1.635223501e-10
0.375,0,0,8.114924116e-10
0.38,0,0,6.832499261e-10
0.385,0,0,5.309671797e-10
0.39,0,0,1.780318454e-09
0.395,0,0,1.566120756e-10
0.4,0,0,6.31471434e-10
0.405,0,0,3.822991443e-10
0.41,0,0,1.144496876e-10
0.415,0,0,1.165685609e-09
0.42,0,0,1.823174643e-10
0.425,0,0,1.158872468e-09
0.43,0,0,7.955280115e-10
0.435,0,0,4.165868723e-10
0.44,0,0,1.285380444e-09
0.445,0,0,2.37696793e-10
0.45,0,0,1.042979671e-09
0.455,0,0,5.85805342e-10
0.46,0,0,7.197647609e-10
0.465,0,0,1.425722848e-09
0.47,0,0,3.200650454e-10
0.475,0,0,9.711294668e-10
0.48,0,0,4.289226834e-10
0.485,0,0,4.494314905e-10
0.49,0,0,1.014353372e-09
0.495,0,0,4.238718002e-10
0.5,0,0,1.491523094e-09
0.505,0,0,8.667399171e-10
0.51,0,0,7.783910862e-10
0.515,0,0,1.210186112e-09
0.52,0,0,5.448571089e-10
0.525,0,0,1.459802436e-09
0.53,0,0,7.652088351e-10
0.535,0,0,1.102174914e-09
0.54,0,0,1.413345408e-09
0.545,0,0,6.803845215e-10
0.55,0,0,1.45708273e-09
0.555,0,0,6.98770292e-10
0.56,0,0,9.274198987e-10
0.565,0,0,1.133368281e-09
0.57,0,0,8.303985338e-10
0.575,0,0,1.479853333e-09
0.58,0,0,6.636361251e-10
0.585,0,0,7.925724127e-10
0.59,0,0,9.013329179e-10
0.595,0,0,5.242372937e-10
0.6,0,0,1.52472849e-09
0.605,0,0,6.541449046e-10
0.61,0,0,1.147244335e-09
0.615,0,0,1.163701334e-09
0.62,0,0,7.150607788e-10
0.625,0,0,1.590112453e-09
0.63,0,0,4.19714535e-09
0.635,0,0,1.497836698e-09
0.64,0,0,1.427901388e-09
0.645,0,0,3.928199677e-09
0.65,0,0,2.099474618e-09
0.655,0,0,1.130953848e-09
0.66,0,0,2.686958959e-09
0.665,0,0,3.366691311e-09
0.67,0,0,1.534164205e-09
0.675,0,0,2.181176817e-09
0.68,0,0,4.437201072e-09
0.685,0,0,1.778799025e-09
0.69,0,0,1.55991816e-09
0.695,0,0,3.726219846e-09
0.7,0,0,2.672611124e-09
0.705,0,0,1.619585189e-09
0.71,0,0,2.91316638e-09
0.715,0,0,3.397052115e-09
0.72,0,0,1.545209544e-09
0.725,0,0,2.002841781e-09
0.73,0,0,4.722659241e-09
0.735,0,0,2.100556949e-09
0.74,0,0,1.751768473e-09
0.745,0,0,3.630502831e-09
0.75,0,0,2.507985627e-09
0.755,0,0,1.385607178e-09
0.76,0,0,2.456893996e-09
0.765,0,0,3.500761738e-09
0.77,0,0,1.630686032e-09
0.775,0,0,1.921888886e-09
0.78,0,0,4.332825399e-09
0.785,0,0,1.74657883e-09
0.79,0,0,1.288585814e-09
0.795,0,0,2.92002115e-09
0.8,0,0,2.434192776e-09
0.805,0,0,1.251620008e-09
0.81,0,0,2.128087037e-09
0.815,0,0,3.662390007e-09
0.82,0,0,1.777577932e-09
0.825,0,0,1.923165483e-09
0.83,0,0,4.061243277e-09
0.835,0,0,2.170325746e-09
0.84,0,0,1.612841427e-09
0.845,0,0,3.021482852e-09
0.85,0,0,3.09280577e-09
0.855,0,0,1.852231099e-09
0.86,0,0,2.551473176e-09
0.865,0,0,3.872750975e-09
0.87,0,0,1.974340368e-09
0.875,0,0,1.988549446e-09
0.88,0,0,3.885572443e-09
0.885,0,0,2.611417728e-09
0.89,0,0,1.964072088e-09
0.895,0,0,3.17295385e-09
0.9,0,0,3.123444096e-09
0.905,0,0,1.834636263e-09
0.91,0,0,2.379576628e-09
0.915,0,0,4.121576363e-09
0.92,0,0,2.210011258e-09
0.925,0,0,2.109770648e-09
0.93,0,0,3.791048768e-09
0.935,0,0,2.472546187e-09
0.94,0,0,1.747550153e-09
0.945,0,0,2.782148685e-09
0.95,0,0,3.210918736e-09
0.955,0,0,1.879261651e-09
0.96,0,0,2.286107533e-09
0.965,0,0,3.828736134e-09
0.97,0,0,1.909566952e-09
0.975,0,0,1.709030228e-09
0.98,0,0,3.198208267e-09
0.985,0,0,2.406551677e-09
0.99,0,0,1.612452898e-09
0.995,0,0,2.490751566e-09
1,0,0,3.34956826e-09
1.005,0,0,2.751232839e-09
1.01,0,0,1.709640775e-09
1.015,0,0,2.336449856e-09
1.02,0,0,3.524906066e-09
1.025,0,0,1.868604841e-09
1.03,0,0,1.901574345e-09
1.035,0,0,3.648402945e-09
1.04,0,0,2.512842244e-09
1.045,0,0,1.935265402e-09
1.05,0,0,3.092084215e-09
1.055,0,0,3.076043494e-09
1.06,0,0,1.868604842e-09
1.065,0,0,2.416875461e-09
1.07,0,0,4.152214683e-09
1.075,0,0,2.296819846e-09
1.08,0,0,2.21939147e-09
1.085,0,0,3.94751515e-09
1.09,0,0,2.635395546e-09
1.095,0,0,1.91034401e-09
1.1,0,0,3.014267308e-09
1.105,0,0,3.498930094e-09
1.11,0,0,2.108161026e-09
1.115,0,0,2.569512047e-09
1.12,0,0,4.284370214e-09
1.125,0,0,2.203295247e-09
1.13,0,0,1.999150752e-09
1.135,0,0,3.704573209e-09
1.14,0,0,2.837264369e-09
1.145,0,0,1.947864858e-09
1.15,0,0,2.994563312e-09
1.155,0,0,3.384202885e-09
1.16,0,0,1.784460454e-09
1.165,0,0,2.14534885e-09
1.17,0,0,4.503500847e-09
1.175,0,0,2.171213811e-09
1.18,0,0,1.826754665e-09
1.185,0,0,3.507311235e-09
1.19,0,0,2.455728408e-09
1.195,0,0,1.377614572e-09
1.2,0,0,2.352712591e-09
1.205,0,0,3.328032621e-09
1.21,0,0,1.493174343e-09
1.215,0,0,1.741833219e-09
1.22,0,0,4.113084219e-09
1.225,0,0,2.207180541e-09
1.23,0,0,1.703424304e-09
1.235,0,0,3.355007674e-09
1.24,0,0,2.825275459e-09
1.245,0,0,1.538354773e-09
1.25,0,0,2.439743197e-09
1.255,0,0,4.084444038e-09
1.26,0,0,1.988382933e-09
1.265,0,0,2.112712372e-09
1.27,0,0,4.504832956e-09
1.275,0,0,2.324960482e-09
1.28,0,0,1.641703618e-09
1.285,0,0,3.261094545e-09
1.29,0,0,3.326145478e-09
1.295,0,0,1.803331887e-09
1.3,0,0,2.621019957e-09
1.305,0,0,4.233306337e-09
1.31,0,0,1.834747271e-09
1.315,0,0,1.813655671e-09
1.32,0,0,4.225424747e-09
1.325,0,0,2.547421368e-09
1.33,0,0,1.656911773e-09
1.335,0,0,3.239336893e-09
1.34,0,0,3.148643004e-09
1.345,0,0,1.347198263e-09
1.35,0,0,2.063091606e-09
1.355,0,0,4.492955046e-09
1.36,0,0,1.743609353e-09
1.365,0,0,1.555228054e-09
1.37,0,0,3.98886579e-09
1.375,0,0,2.007642895e-09
1.38,0,0,8.711386263e-10
1.385,0,0,1.503664639e-09
1.39,0,0,1.219816094e-09
1.395,0,0,9.134328366e-10
1.4,0,0,1.508104978e-09
1.405,0,0,6.980764895e-10
1.41,0,0,1.26588459e-09
1.415,0,0,8.779101405e-10
1.42,0,0,9.428500695e-10
1.425,0,0,1.472471273e-09
1.43,0,0,1.020111935e-09
1.435,0,0,1.523757164e-09
1.44,0,0,1.026439415e-09
1.445,0,0,1.001240502e-09
1.45,0,0,1.460149338e-09
1.455,0,0,8.905651009e-10
1.46,0,0,1.831583531e-09
1.465,0,0,1.216707858e-09
1.47,0,0,1.092711445e-09
1.475,0,0,1.473470349e-09
1.48,0,0,7.761154132e-10
1.485,0,0,1.65952047e-09
1.49,0,0,9.089924999e-10
1.495,0,0,1.220482144e-09
1.5,0,0,1.517873719e-09
1.505,0,0,6.789830401e-10
1.51,0,0,1.49933531e-09
1.515,0,0,6.005000828e-10
1.52,0,0,8.158564296e-10
1.525,0,0,1.01411748e-09
1.53,0,0,6.03719327e-10
1.535,0,0,1.950473555e-09
1.54,0,0,8.915641769e-10
1.545,0,0,1.006568906e-09
1.55,0,0,1.100260019e-09
1.555,0,0,5.495472149e-10
1.56,0,0,1.852342106e-09
1.565,0,0,6.108238664e-10
1.57,0,0,1.250787444e-09
1.575,0,0,1.228918785e-09
1.58,0,0,5.211290577e-10
1.585,0,0,1.776412342e-09
1.59,0,0,3.313046487e-10
1.595,0,0,8.772440893e-10
1.6,0,0,7.182800235e-10
1.605,0,0,5.296767065e-10
1.61,0,0,1.730454857e-09
1.615,0,0,7.746723038e-10
1.62,0,0,1.225033489e-09
1.625,0,0,9.193162838e-10
1.63,0,0,5.776323467e-10
1.635,0,0,1.716911829e-09
1.64,0,0,5.482151139e-10
1.645,0,0,1.659409461e-09
1.65,0,0,1.187179617e-09
1.655,0,0,6.70657408e-10
1.66,0,0,1.739668556e-09
1.665,0,0,3.275303622e-10
1.67,0,0,1.359575701e-09
1.675,0,0,6.858655629e-10
1.68,0,0,8.244040784e-10
1.685,0,0,1.813600168e-09
1.69,0,0,1.190287852e-10
1.695,0,0,1.522203048e-10
1.7,0,0,1.508326995e-10
1.705,0,0,1.123127754e-10
1.71,0,0,3.632750754e-11
1.715,0,0,-7.778915481e-11
1.72,0,0,-2.344775487e-10
1.725,0,0,6.990755657e-11
1.73,0,0,3.470955971e-10
1.735,0,0,7.046259864e-11
1.74,0,0,-2.570122592e-10
1.745,0,0,-9.505096514e-11
1.75,0,0,3.083259045e-11
1.755,0,0,6.847277258e-10
1.76,0,0,1.684830391e-10
1.765,0,0,1.73395162e-10
1.77,0,0,1.345977171e-10
1.775,0,0,4.479190008e-11
1.78,0,0,5.359486823e-10
1.785,0,0,3.551714601e-10
1.79,0,0,1.155597719e-10
1.795,0,0,-1.860501227e-10
1.8,0,0,1.368178856e-10
1.805,0,0,4.211659702e-10
1.81,0,0,6.657175328e-10
1.815,0,0,1.191120415e-10
1.82,0,0,2.51212069e-10
1.825,0,0,3.31360153e-10
1.83,0,0,3.550604522e-10
1.835,0,0,3.170400656e-10
1.84,0,0,2.113600438e-10
1.845,0,0,3.083259044e-11
1.85,0,0,-2.330899435e-10
1.855,0,0,-1.096208211e-10
1.86,0,0,-5.442465627e-10
1.865,0,0,-6.549497155e-11
1.87,0,0,-6.95356783e-10
1.875,0,0,-3.522574893e-10
1.88,0,0,-6.437656166e-10
1.885,0,0,-4.523315856e-10
1.89,0,0,-3.388254693e-10
1.895,0,0,-3.142926072e-10
1.9,0,0,-3.892787995e-10
1.905,0,0,1.71799416e-09
1.91,0,0,3.822547413e-09
1.915,0,0,5.926573376e-09
1.92,0,0,8.030571588e-09
1.925,0,0,8.05638104e-09
1.93,0,0,6.692392753e-09
1.935,0,0,5.32740539e-09
1.94,0,0,3.96423579e-09
1.945,0,0,2.600594405e-09
1.95,0,0,1.236203712e-09
1.955,0,0,-1.301504419e-10
1.96,0,0,-1.496414402e-09
1.965,0,0,-1.472481679e-09
1.97,0,0,-1.100201045e-09
1.975,0,0,-7.305915514e-10
1.98,0,0,-3.591781707e-10
1.985,0,0,9.482547926e-12
1.99,0,0,3.800286753e-10
1.995,0,0,3.587263317e-10
2,0,0,9.355056837e-10
2.005,0,0,1.025676232e-09
2.01,0,0,2.810663977e-10
2.015,0,0,-4.578750688e-10
2.02,0,0,-1.203067697e-09
2.025,0,0,1.519469464e-09
2.03,0,0,4.242173138e-09
2.035,0,0,6.974187643e-09
2.04,0,0,9.014356015e-09
2.045,0,0,4.803362365e-09
2.05,0,0,5.922022031e-10
2.055,0,0,-1.488484237e-09
2.06,0,0,-8.20907313e-11
2.065,0,0,-1.377697828e-09
2.07,0,0,2.068086985e-10
2.075,0,0,-5.645472289e-10
2.08,0,0,-6.323317487e-10
2.085,0,0,-1.128678177e-10
2.09,0,0,1.067068499e-10
2.095,0,0,8.46716772e-11
2.1,0,0,-1.498891278e-10
2.105,0,0,-5.561799683e-10
2.11,0,0,-1.120158278e-09
2.115,0,0,-6.0863145e-10
2.12,0,0,-1.476828352e-09
2.125,0,0,-2.162166627e-10
2.13,0,0,-1.359436942e-09
2.135,0,0,-5.092234038e-10
2.14,0,0,-8.655604531e-10
2.145,0,0,-3.827293021e-10
2.15,0,0,-7.268276723e-11
2.155,0,0,8.161894552e-11
2.16,0,0,9.524522983e-11
2.165,0,0,-2.27567274e-11
2.17,0,0,1.385385163e-09
2.175,0,0,1.000518948e-09
2.18,0,0,5.165222082e-10
2.185,0,0,-5.506017949e-11
2.19,0,0,7.576325098e-10
2.195,0,0,1.4201308e-09
2.2,0,0,5.524889385e-10
2.205,0,0,-3.753194898e-10
2.21,0,0,-3.241446051e-11
2.215,0,0,1.925996197e-10
2.22,0,0,3.153749392e-10
2.225,0,0,3.383536839e-10
2.23,0,0,2.696394678e-10
2.235,0,0,1.135616202e-10
2.24,0,0,-1.253285134e-10
2.245,0,0,6.956898079e-10
2.25,0,0,1.399705249e-09
2.255,0,0,9.057177513e-10
2.26,0,0,3.465683072e-10
2.265,0,0,7.780580605e-10
2.27,0,0,1.117299811e-09
2.275,0,0,1.367512806e-09
2.28,0,0,5.399449862e-10
2.285,0,0,6.428497974e-10
2.29,0,0,6.686037521e-10
2.295,0,0,6.245334067e-10
2.3,0,0,1.439224249e-09
2.305,0,0,1.243849418e-09
2.31,0,0,9.853107929e-10
2.315,0,0,5.082298791e-09
2.32,0,0,2.034673447e-09
2.325,0,0,2.438411096e-09
2.33,0,0,2.766774018e-09
2.335,0,0,1.361962384e-09
2.34,0,0,4.843075632e-09
2.345,0,0,1.716190272e-09
2.35,0,0,3.38342583e-09
2.355,0,0,3.380095574e-09
2.36,0,0,1.772582553e-09
2.365,0,0,4.720300312e-09
2.37,0,0,1.522369559e-09
2.375,0,0,2.8007426e-09
2.38,0,0,2.526551784e-09
2.385,0,0,2.204294324e-09
2.39,0,0,4.687774843e-09
2.395,0,0,2.834378151e-09
2.4,0,0,3.75241784e-09
2.405,0,0,3.222907642e-09
2.41,0,0,2.656209628e-09
2.415,0,0,4.72973602e-09
2.42,0,0,2.734692584e-09
2.425,0,0,4.660244752e-09
2.43,0,0,3.906275515e-09
2.435,0,0,3.120779892e-09
2.44,0,0,4.833750916e-09
2.445,0,0,2.714489051e-09
2.45,0,0,4.298135264e-09
2.455,0,0,3.358892965e-09
2.46,0,0,3.602112429e-09
2.465,0,0,4.989495738e-09
2.47,0,0,2.755673177e-09
2.475,0,0,4.035489327e-09
2.48,0,0,2.92751422e-09
2.485,0,0,2.947273722e-09
2.49,0,0,4.056580924e-09
2.495,0,0,2.855469752e-09
2.5,0,0,4.971290362e-09
2.505,0,0,3.70279707e-09
2.51,0,0,3.508754343e-09
2.515,0,0,4.354638549e-09
2.52,0,0,3.004776086e-09
2.525,0,0,4.817099658e-09
2.53,0,0,3.411288943e-09
2.535,0,0,4.067792778e-09
2.54,0,0,4.674786851e-09
2.545,0,0,3.19282436e-09
2.55,0,0,4.730291069e-09
2.555,0,0,3.198374781e-09
2.56,0,0,3.639522269e-09
2.565,0,0,4.036266382e-09
2.57,0,0,3.414175163e-09
2.575,0,0,5.665426053e-09
2.58,0,0,4.009846378e-09
2.585,0,0,4.247848446e-09
2.59,0,0,4.44344529e-09
2.595,0,0,3.667940426e-09
2.6,0,0,5.64944084e-09
2.605,0,0,3.888625176e-09
2.61,0,0,4.855508573e-09
2.615,0,0,4.867941513e-09
2.62,0,0,3.95123393e-09
2.625,0,0,5.683853446e-09
2.63,0,0,1.088082395e-08
2.635,0,0,5.46383475e-09
2.64,0,0,5.305758747e-09
2.645,0,0,1.028670683e-08
2.65,0,0,6.612993981e-09
2.655,0,0,4.65658147e-09
2.66,0,0,7.749498242e-09
2.665,0,0,9.092478197e-09
2.67,0,0,5.412548855e-09
2.675,0,0,6.694252143e-09
2.68,0,0,1.119275763e-08
2.685,0,0,5.861466933e-09
2.69,0,0,5.408108516e-09
2.695,0,0,9.72678033e-09
2.7,0,0,7.606741415e-09
2.705,0,0,5.485148365e-09
2.71,0,0,8.059655786e-09
2.715,0,0,9.01321818e-09
2.72,0,0,5.295990008e-09
2.725,0,0,6.200264646e-09
2.73,0,0,1.162702259e-08
2.735,0,0,6.371439644e-09
2.74,0,0,5.661651762e-09
2.745,0,0,9.406410013e-09
2.75,0,0,7.149830732e-09
2.755,0,0,4.893029419e-09
2.76,0,0,7.023725152e-09
2.765,0,0,9.100914837e-09
2.77,0,0,5.350828171e-09
2.775,0,0,5.922965597e-09
2.78,0,0,1.073362678e-08
2.785,0,0,6.965334726e-09
2.79,0,0,6.029755705e-09
2.795,0,0,9.271867801e-09
2.8,0,0,8.28011853e-09
2.805,0,0,5.89543551e-09
2.81,0,0,7.629387126e-09
2.815,0,0,1.067901063e-08
2.82,0,0,6.890737062e-09
2.825,0,0,7.161153585e-09
2.83,0,0,1.14205469e-08
2.835,0,0,7.621172509e-09
2.84,0,0,6.487554455e-09
2.845,0,0,9.286298897e-09
2.85,0,0,9.413070531e-09
2.855,0,0,6.916268999e-09
2.86,0,0,8.299433988e-09
2.865,0,0,1.09263374e-08
2.87,0,0,7.11453005e-09
2.875,0,0,7.129405176e-09
2.88,0,0,1.0908132e-08
2.885,0,0,8.345835517e-09
2.89,0,0,7.034825998e-09
2.895,0,0,9.440822627e-09
2.9,0,0,9.32426379e-09
2.905,0,0,6.732661062e-09
2.91,0,0,7.806112542e-09
2.915,0,0,1.127579193e-08
2.92,0,0,7.43978474e-09
2.925,0,0,7.227758642e-09
2.93,0,0,1.057555076e-08
2.935,0,0,7.927111733e-09
2.94,0,0,6.463132602e-09
2.945,0,0,8.521228824e-09
2.95,0,0,9.365780941e-09
2.955,0,0,6.68981181e-09
2.96,0,0,7.491958696e-09
2.965,0,0,1.171716143e-08
2.97,0,0,7.86095071e-09
2.975,0,0,7.440450787e-09
2.98,0,0,1.040326568e-08
2.985,0,0,8.804078302e-09
2.99,0,0,7.19978452e-09
2.995,0,0,8.939508575e-09
3,0,0,1.063815953e-08
3.005,0,0,8.752126351e-09
3.01,0,0,6.684483404e-09
3.015,0,0,7.956417957e-09
3.02,0,0,1.03482055e-08
3.025,0,0,7.054807514e-09
3.03,0,0,7.13784182e-09
3.035,0,0,1.064792827e-08
3.04,0,0,7.240635618e-09
3.045,0,0,6.096804796e-09
3.05,0,0,8.424207468e-09
3.055,0,0,8.403559892e-09
3.06,0,0,5.99978343e-09
3.065,0,0,7.110755765e-09
3.07,0,0,1.059442219e-08
3.075,0,0,6.89562143e-09
3.08,0,0,6.751310479e-09
3.085,0,0,1.022098986e-08
3.09,0,0,7.609183594e-09
3.095,0,0,6.172290526e-09
3.1,0,0,8.394013176e-09
3.105,0,0,9.378435891e-09
3.11,0,0,6.610995826e-09
3.115,0,0,7.547906948e-09
3.12,0,0,1.099405253e-08
3.125,0,0,6.847221756e-09
3.13,0,0,6.45491798e-09
3.135,0,0,9.882414159e-09
3.14,0,0,8.164669759e-09
3.145,0,0,6.40052385e-09
3.15,0,0,8.507241771e-09
3.155,0,0,9.300507976e-09
3.16,0,0,6.11545421e-09
3.165,0,0,6.854104283e-09
3.17,0,0,1.158728156e-08
3.175,0,0,6.936916564e-09
3.18,0,0,6.265093571e-09
3.185,0,0,9.641747891e-09
3.19,0,0,7.555233498e-09
3.195,0,0,5.41854331e-09
3.2,0,0,7.387610781e-09
3.205,0,0,9.354236053e-09
3.21,0,0,5.702280847e-09
3.215,0,0,6.216249864e-09
3.22,0,0,1.097873338e-08
3.225,0,0,5.754010772e-09
3.23,0,0,4.756489056e-09
3.235,0,0,8.069202521e-09
3.24,0,0,7.01750868e-09
3.245,0,0,4.45698832e-09
3.25,0,0,6.271532062e-09
3.255,0,0,9.571368534e-09
3.26,0,0,5.390569185e-09
3.265,0,0,5.65499126e-09
3.27,0,0,1.045166537e-08
3.275,0,0,6.103687315e-09
3.28,0,0,4.748496449e-09
3.285,0,0,8.000377297e-09
3.29,0,0,8.141580004e-09
3.295,0,0,5.109051817e-09
3.3,0,0,6.756860902e-09
3.305,0,0,9.99697484e-09
3.31,0,0,5.209847467e-09
3.315,0,0,5.179209144e-09
3.32,0,0,1.001340411e-08
3.325,0,0,6.672938525e-09
3.33,0,0,4.90568438e-09
3.335,0,0,8.084965718e-09
3.34,0,0,7.919341134e-09
3.345,0,0,4.331104764e-09
3.35,0,0,5.777322547e-09
3.355,0,0,1.065103649e-08
3.36,0,0,5.168552332e-09
3.365,0,0,4.80488873e-09
3.37,0,0,9.688371433e-09
3.375,0,0,5.744464046e-09
3.38,0,0,3.491326019e-09
3.385,0,0,4.772585275e-09
3.39,0,0,4.221983483e-09
3.395,0,0,3.627422349e-09
3.4,0,0,4.838746301e-09
3.405,0,0,3.236228655e-09
3.41,0,0,4.391160322e-09
3.415,0,0,3.636969075e-09
3.42,0,0,3.7874965e-09
3.425,0,0,4.871826812e-09
3.43,0,0,3.017320038e-09
3.435,0,0,4.036599408e-09
3.44,0,0,3.051954668e-09
3.445,0,0,3.017320038e-09
3.45,0,0,3.952010991e-09
3.455,0,0,2.826607562e-09
3.46,0,0,4.721521398e-09
3.465,0,0,3.5068672e-09
3.47,0,0,3.272195384e-09
3.475,0,0,4.056136895e-09
3.48,0,0,2.674081984e-09
3.485,0,0,4.46176168e-09
3.49,0,0,2.976024904e-09
3.495,0,0,3.618319658e-09
3.5,0,0,4.231974242e-09
3.505,0,0,2.573064316e-09
3.51,0,0,4.230198103e-09
3.515,0,0,2.450955047e-09
3.52,0,0,2.904091442e-09
3.525,0,0,3.314600606e-09
3.53,0,0,2.51422985e-09
3.535,0,0,5.229051922e-09
3.54,0,0,3.135877038e-09
3.545,0,0,3.386978097e-09
3.55,0,0,3.597450077e-09
3.555,0,0,2.521334389e-09
3.56,0,0,5.15090199e-09
3.565,0,0,2.692509383e-09
3.57,0,0,3.995082256e-09
3.575,0,0,3.978653013e-09
3.58,0,0,2.58682936e-09
3.585,0,0,5.12192879e-09
3.59,0,0,2.256579292e-09
3.595,0,0,3.377098347e-09
3.6,0,0,3.088698458e-09
3.605,0,0,2.740576031e-09
3.61,0,0,5.173214692e-09
3.615,0,0,1.854506772e-09
3.62,0,0,2.768994187e-09
3.625,0,0,2.166440451e-09
3.63,0,0,1.495949554e-09
3.635,0,0,3.787385496e-09
3.64,0,0,1.461536942e-09
3.645,0,0,3.699022782e-09
3.65,0,0,2.772546459e-09
3.655,0,0,1.759927592e-09
3.66,0,0,3.911714933e-09
3.665,0,0,1.104089809e-09
3.67,0,0,3.18349965e-09
3.675,0,0,1.851620553e-09
3.68,0,0,2.149567168e-09
3.685,0,0,4.148384899e-09
3.69,0,0,7.767814639e-10
3.695,0,0,8.641450956e-10
3.7,0,0,8.80574343e-10
3.705,0,0,8.270682806e-10
3.71,0,0,7.046259865e-10
3.715,0,0,5.028126674e-10
3.72,0,0,2.162999189e-10
3.725,0,0,8.511571099e-10
3.73,0,0,1.433840339e-09
3.735,0,0,9.111016595e-10
3.74,0,0,2.865682528e-10
3.745,0,0,6.425722764e-10
3.75,0,0,9.290850253e-10
3.755,0,0,1.143442296e-09
3.76,0,0,1.240519165e-10
3.765,0,0,1.511379725e-10
3.77,0,0,8.697510211e-11
3.775,0,0,-7.032383817e-11
3.78,0,0,9.276419146e-10
3.785,0,0,5.902873072e-10
3.79,0,0,1.343757002e-10
3.795,0,0,-4.437006804e-10
3.8,0,0,2.255691226e-10
3.805,0,0,8.217953814e-10
3.81,0,0,1.33887263e-09
3.815,0,0,2.753008974e-10
3.82,0,0,5.694732276e-10
3.825,0,0,7.638489825e-10
3.83,0,0,8.498805134e-10
3.835,0,0,8.04589074e-10
3.84,0,0,6.348571904e-10
3.845,0,0,3.130715146e-10
3.85,0,0,-1.633766517e-10
3.855,0,0,1.303516447e-10
3.86,0,0,-6.85671298e-10
3.865,0,0,3.319984511e-10
3.87,0,0,-8.6117562e-10
3.875,0,0,-1.016559665e-10
3.88,0,0,-6.030255242e-10
3.885,0,0,-1.370121503e-10
3.89,0,0,1.867439252e-10
3.895,0,0,3.379929063e-10
3.9,0,0,2.911751026e-10
3.905,0,0,1.454210385e-11
3.91,0,0,-5.227941843e-10
3.915,0,0,-1.356300955e-09
3.92,0,0,-8.410553424e-10
3.925,0,0,-1.449034619e-09
3.93,0,0,-4.793482614e-10
3.935,0,0,-1.794770362e-09
3.94,0,0,-2.4681336e-10
3.945,0,0,-1.28690681e-09
3.95,0,0,-2.005922266e-10
3.955,0,0,4.020308925e-09
3.96,0,0,8.233550495e-09
3.965,0,0,6.891236596e-09
3.97,0,0,4.159319223e-09
3.975,0,0,1.435776049e-09
3.98,0,0,-1.29147897e-09
3.985,0,0,-8.934547891e-10
3.99,0,0,-1.509298318e-10
3.995,0,0,5.928786604e-10
4,0,0,5.821220437e-10
4.005,0,0,1.240601554e-09
4.01,0,0,1.17573881e-09
4.015,0,0,1.546567662e-09
4.02,0,0,1.916962888e-09
4.025,0,0,2.292303191e-09
4.03,0,0,2.660271842e-09
4.035,0,0,3.032587166e-09
4.04,0,0,3.22899923e-09
4.045,0,0,1.867675146e-09
4.05,0,0,5.014666901e-10
4.055,0,0,-8.666427847e-10
4.06,0,0,-2.230152348e-09
4.065,0,0,-3.59401575e-09
4.07,0,0,-4.958073417e-09
4.075,0,0,-6.320299446e-09
4.08,0,0,-6.646740543e-09
4.085,0,0,-4.540882941e-09
4.09,0,0,-2.434831074e-09
4.095,0,0,-3.290012239e-10
4.1,0,0,1.774552953e-09
4.105,0,0,1.88478432e-09
4.11,0,0,2.072777089e-09
4.115,0,0,1.729400275e-09
4.12,0,0,2.084252585e-09
4.125,0,0,1.381708008e-09
4.13,0,0,1.882911053e-09
4.135,0,0,1.391976286e-09
4.14,0,0,1.507397299e-09
4.145,0,0,1.694307736e-09
4.15,0,0,1.470709014e-09
4.155,0,0,1.778174603e-09
4.16,0,0,1.701315143e-09
4.165,0,0,1.690214299e-09
4.17,0,0,9.205373769e-10
4.175,0,0,1.848789839e-09
4.18,0,0,2.011750208e-09
4.185,0,0,2.22283273e-09
4.19,0,0,1.747605656e-09
4.195,0,0,1.348530365e-09
4.2,0,0,1.721463173e-09
4.205,0,0,2.125034307e-09
4.21,0,0,1.898799133e-09
4.215,0,0,1.734173637e-09
4.22,0,0,1.624497311e-09
4.225,0,0,1.564108729e-09
4.23,0,0,1.550066163e-09
4.235,0,0,1.582286358e-09
4.24,0,0,1.657217045e-09
4.245,0,0,1.207355397e-09
4.25,0,0,1.37125934e-09
4.255,0,0,1.571629549e-09
4.26,0,0,1.800917454e-09
4.265,0,0,1.53910408e-09
4.27,0,0,1.326411934e-09
4.275,0,0,1.157901144e-09
4.28,0,0,1.533498155e-09
4.285,0,0,1.441805194e-09
4.29,0,0,1.391462873e-09
4.295,0,0,1.377142785e-09
4.3,0,0,9.367723589e-10
4.305,0,0,1.455514735e-09
4.31,0,0,1.542378829e-09
4.315,0,0,7.777805404e-10
4.32,0,0,2.24575597e-09
4.325,0,0,1.988549448e-09
4.33,0,0,1.773970157e-09
4.335,0,0,2.424035504e-09
4.34,0,0,6.339136196e-10
4.345,0,0,2.149955698e-09
4.35,0,0,1.269436861e-09
4.355,0,0,1.226920632e-09
4.36,0,0,1.98688432e-09
4.365,0,0,4.730624096e-10
4.37,0,0,2.033174833e-09
4.375,0,0,1.355357383e-09
4.38,0,0,1.45559799e-09
4.385,0,0,1.578040286e-09
4.39,0,0,2.965590114e-10
4.395,0,0,1.890862031e-09
4.4,0,0,1.387771843e-09
4.405,0,0,1.611342813e-09
4.41,0,0,1.852342108e-09
4.415,0,0,7.771144884e-10
4.42,0,0,1.733230066e-09
4.425,0,0,1.384552599e-09
4.43,0,0,1.720686113e-09
4.435,0,0,2.068697531e-09
4.44,0,0,1.171749444e-09
4.445,0,0,2.190806799e-09
4.45,0,0,1.360685787e-09
4.455,0,0,1.791176464e-09
4.46,0,0,1.630880297e-09
4.465,0,0,8.980026648e-10
4.47,0,0,1.979169234e-09
4.475,0,0,1.304682036e-09
4.48,0,0,1.827531723e-09
4.485,0,0,1.782240286e-09
4.49,0,0,1.195560752e-09
4.495,0,0,1.760593643e-09
4.5,0,0,1.225311011e-09
4.505,0,0,1.823979454e-09
4.51,0,0,1.884035014e-09
4.515,0,0,1.429011472e-09
4.52,0,0,2.067531942e-09
4.525,0,0,1.129510739e-09
4.53,0,0,1.800667684e-09
4.535,0,0,1.439668282e-09
4.54,0,0,1.102202665e-09
4.545,0,0,1.811213485e-09
4.55,0,0,1.011952816e-09
4.555,0,0,1.750269859e-09
4.56,0,0,1.496948631e-09
4.565,0,0,1.265829086e-09
4.57,0,0,1.547790489e-09
4.575,0,0,8.75634468e-10
4.58,0,0,1.668012615e-09
4.585,0,0,1.518040232e-09
4.59,0,0,1.388493397e-09
4.595,0,0,1.746051539e-09
4.6,0,0,7.247740164e-10
4.605,0,0,1.57454352e-09
4.61,0,0,1.517596198e-09
4.615,0,0,1.480297366e-09
4.62,0,0,1.909122918e-09
4.625,0,0,1.015616094e-09
4.63,0,0,-2.92285187e-10
4.635,0,0,2.376801419e-09
4.64,0,0,2.419428653e-09
4.645,0,0,-1.084552325e-10
4.65,0,0,1.690103293e-09
4.655,0,0,2.631454748e-09
4.66,0,0,1.051582823e-09
4.665,0,0,3.431270463e-10
4.67,0,0,2.14879011e-09
4.675,0,0,1.478077197e-09
4.68,0,0,-8.060321849e-10
4.685,0,0,1.82642164e-09
4.69,0,0,2.02668084e-09
4.695,0,0,-1.650695299e-10
4.7,0,0,8.617584147e-10
4.705,0,0,1.891694594e-09
4.71,0,0,5.762447411e-10
4.715,0,0,6.827018229e-11
4.72,0,0,1.895024848e-09
4.725,0,0,1.419242731e-09
4.73,0,0,-1.324441537e-09
4.735,0,0,1.27337766e-09
4.74,0,0,1.598410332e-09
4.745,0,0,-3.042740966e-10
4.75,0,0,7.967074768e-10
4.755,0,0,1.899909218e-09
4.76,0,0,8.066982343e-10
4.765,0,0,-2.569845073e-10
4.77,0,0,1.593969995e-09
4.775,0,0,1.27826203e-09
4.78,0,0,-1.15415461e-09
4.785,0,0,1.413692311e-09
4.79,0,0,1.855727864e-09
4.795,0,0,2.092508836e-10
4.8,0,0,6.745982076e-10
4.805,0,0,1.8390766e-09
4.81,0,0,9.452367504e-10
4.815,0,0,7.426463732e-11
4.82,0,0,1.937430066e-09
4.825,0,0,1.776467847e-09
4.83,0,0,-3.844221803e-10
4.835,0,0,1.484959721e-09
4.84,0,0,2.028234959e-09
4.845,0,0,6.046628983e-10
4.85,0,0,5.10971787e-10
4.855,0,0,1.730954393e-09
4.86,0,0,1.010731722e-09
4.865,0,0,-3.295840182e-10
4.87,0,0,1.547568473e-09
4.875,0,0,1.510713675e-09
4.88,0,0,-4.032936128e-10
4.885,0,0,8.517676562e-10
4.89,0,0,1.479853332e-09
4.895,0,0,2.514340857e-10
4.9,0,0,2.831824959e-10
4.905,0,0,1.553562928e-09
4.91,0,0,9.883080199e-10
4.915,0,0,-7.682893197e-10
4.92,0,0,1.12662452e-09
4.925,0,0,1.208548738e-09
4.93,0,0,-4.892141349e-10
4.935,0,0,8.149128586e-10
4.94,0,0,1.524589728e-09
4.945,0,0,4.760041322e-10
4.95,0,0,3.063832571e-11
4.955,0,0,1.346532212e-09
4.96,0,0,9.260322928e-10
4.965,0,0,-6.3563425e-10
4.97,0,0,1.268604297e-09
4.975,0,0,1.456208537e-09
4.98,0,0,-4.706757277e-11
4.985,0,0,7.313235135e-10
4.99,0,0,1.511490734e-09
4.995,0,0,6.189829854e-10
5,0,0,8.858472432e-10
5.005,0,0,8.148018495e-10
5.01,0,0,1.874710305e-09
5.015,0,0,1.265052028e-09
5.02,0,0,9.613329721e-11
5.025,0,0,1.771694485e-09
5.03,0,0,1.757041374e-09
5.035,0,0,3.0194292e-11
5.04,0,0,1.185792011e-09
5.045,0,0,1.783461379e-09
5.05,0,0,6.458470252e-10
5.055,0,0,6.829238389e-10
5.06,0,0,1.910455018e-09
5.065,0,0,1.381388859e-09
5.07,0,0,-3.343573801e-10
5.075,0,0,1.543683177e-09
5.08,0,0,1.642480678e-09
5.085,0,0,-6.37188368e-11
5.09,0,0,1.270824465e-09
5.095,0,0,2.017467142e-09
5.1,0,0,9.36023052e-10
5.105,0,0,4.735619468e-10
5.11,0,0,1.888031316e-09
5.115,0,0,1.448215931e-09
5.12,0,0,-2.435524874e-10
5.125,0,0,1.860501226e-09
5.13,0,0,2.089400602e-09
5.135,0,0,4.100651274e-10
5.14,0,0,1.302128841e-09
5.145,0,0,2.216394242e-09
5.15,0,0,1.19578277e-09
5.155,0,0,8.327852144e-10
5.16,0,0,2.459280678e-09
5.165,0,0,2.12203708e-09
5.17,0,0,-2.091398752e-10
5.175,0,0,2.150011202e-09
5.18,0,0,2.520557331e-09
5.185,0,0,8.669758109e-10
5.19,0,0,1.261055723e-09
5.195,0,0,2.363591415e-09
5.2,0,0,1.411805168e-09
5.205,0,0,4.629051378e-10
5.21,0,0,2.323184347e-09
5.215,0,0,2.100279428e-09
5.22,0,0,-2.439965215e-10
5.225,0,0,1.687994131e-09
5.23,0,0,2.217504326e-09
5.235,0,0,5.945611323e-10
5.24,0,0,1.151157381e-09
5.245,0,0,2.46549715e-09
5.25,0,0,1.59297092e-09
5.255,0,0,-2.153563471e-11
5.26,0,0,2.104275731e-09
5.265,0,0,2.008364451e-09
5.27,0,0,-3.536728469e-10
5.275,0,0,1.857170973e-09
5.28,0,0,2.570955156e-09
5.285,0,0,9.817585239e-10
5.29,0,0,9.482339778e-10
5.295,0,0,2.502351948e-09
5.3,0,0,1.716634307e-09
5.305,0,0,1.365403644e-10
5.31,0,0,2.56917902e-09
5.315,0,0,2.62645937e-09
5.32,0,0,2.495469428e-10
5.325,0,0,1.962406961e-09
5.33,0,0,2.889327323e-09
5.335,0,0,1.345200112e-09
5.34,0,0,1.472415767e-09
5.345,0,0,3.311603376e-09
5.35,0,0,2.63356391e-09
5.355,0,0,2.431084536e-10
5.36,0,0,3.031418107e-09
5.365,0,0,3.259429417e-09
5.37,0,0,8.669758111e-10
5.375,0,0,2.002369997e-09
5.38,0,0,2.72658897e-09
5.385,0,0,2.125922373e-09
5.39,0,0,2.440520255e-09
5.395,0,0,2.319632078e-09
5.4,0,0,1.754710197e-09
5.405,0,0,2.595266001e-09
5.41,0,0,2.055709544e-09
5.415,0,0,2.472657195e-09
5.42,0,0,2.438466598e-09
5.425,0,0,1.939483723e-09
5.43,0,0,2.425478613e-09
5.435,0,0,1.95435885e-09
5.44,0,0,2.484868122e-09
5.445,0,0,2.544479645e-09
5.45,0,0,2.120538467e-09
5.455,0,0,2.725423381e-09
5.46,0,0,1.821148739e-09
5.465,0,0,2.473434254e-09
5.47,0,0,2.635950589e-09
5.475,0,0,2.294821696e-09
5.48,0,0,3.032250672e-09
5.485,0,0,2.189585706e-09
5.49,0,0,2.981963855e-09
5.495,0,0,2.71132531e-09
5.5,0,0,2.459447193e-09
5.505,0,0,2.782148687e-09
5.51,0,0,2.002203482e-09
5.515,0,0,2.940890737e-09
5.52,0,0,2.768938683e-09
5.525,0,0,2.614303948e-09
5.53,0,0,3.067995385e-09
5.535,0,0,1.765755534e-09
5.54,0,0,2.869290302e-09
5.545,0,0,2.800021042e-09
5.55,0,0,2.754174565e-09
5.555,0,0,3.354286116e-09
5.56,0,0,2.100445939e-09
5.565,0,0,3.390918898e-09
5.57,0,0,2.803573312e-09
5.575,0,0,2.878948036e-09
5.58,0,0,2.980742761e-09
5.585,0,0,1.774969233e-09
5.59,0,0,3.268254587e-09
5.595,0,0,2.772046919e-09
5.6,0,0,2.984406041e-09
5.605,0,0,3.228291552e-09
5.61,0,0,2.082573585e-09
5.615,0,0,3.093194298e-09
5.62,0,0,2.700224467e-09
5.625,0,0,3.064665134e-09
5.63,0,0,3.469179837e-09
5.635,0,0,2.390510961e-09
5.64,0,0,3.623814576e-09
5.645,0,0,2.577560155e-09
5.65,0,0,3.115840018e-09
5.655,0,0,2.897819466e-09
5.66,0,0,1.88964094e-09
5.665,0,0,3.363388808e-09
5.67,0,0,2.393286167e-09
5.675,0,0,3.132158257e-09
5.68,0,0,3.062888996e-09
5.685,0,0,2.144183262e-09
5.69,0,0,2.569095765e-09
5.695,0,0,2.589021778e-09
5.7,0,0,2.184174047e-09
5.705,0,0,2.26815192e-09
5.71,0,0,2.393202912e-09
5.715,0,0,2.560659124e-09
5.72,0,0,2.275533982e-09
5.725,0,0,2.018493971e-09
5.73,0,0,1.7923143e-09
5.735,0,0,2.118013023e-09
5.74,0,0,2.498216884e-09
5.745,0,0,2.389095602e-09
5.75,0,0,2.320714412e-09
5.755,0,0,1.725875756e-09
5.76,0,0,2.305783776e-09
5.765,0,0,2.365561815e-09
5.77,0,0,2.47312898e-09
5.775,0,0,2.016273802e-09
5.78,0,0,1.585838626e-09
5.785,0,0,1.830612207e-09
5.79,0,0,2.135996389e-09
5.795,0,0,2.509650753e-09
5.8,0,0,2.262240723e-09
5.805,0,0,2.056708618e-09
5.81,0,0,1.893304216e-09
5.815,0,0,2.526718297e-09
5.82,0,0,2.484868121e-09
5.825,0,0,2.500575815e-09
5.83,0,0,1.767753688e-09
5.835,0,0,1.890529005e-09
5.84,0,0,2.086458878e-09
5.845,0,0,2.364507235e-09
5.85,0,0,2.268096418e-09
5.855,0,0,2.240205549e-09
5.86,0,0,2.286329551e-09
5.865,0,0,1.899603944e-09
5.87,0,0,2.095450561e-09
5.875,0,0,1.837494731e-09
5.88,0,0,2.221112099e-09
5.885,0,0,2.131223027e-09
5.89,0,0,2.125700356e-09
5.895,0,0,2.224164831e-09
5.9,0,0,2.436385192e-09
5.905,0,0,3.264480301e-10
5.91,0,0,-1.783350371e-09
5.915,0,0,-3.885614076e-09
5.92,0,0,-5.991915711e-09
5.925,0,0,-6.016892602e-09
5.93,0,0,-4.654236416e-09
5.935,0,0,-3.292197715e-09
5.94,0,0,-1.931803326e-09
5.945,0,0,-5.669963518e-10
5.95,0,0,7.956737101e-10
5.955,0,0,2.157871986e-09
5.96,0,0,3.526814024e-09
5.965,0,0,3.50454296e-09
5.97,0,0,3.132074999e-09
5.975,0,0,2.763686598e-09
5.98,0,0,2.391725113e-09
5.985,0,0,2.019350816e-09
5.99,0,0,1.644834403e-09
5.995,0,0,1.659793655e-09
6,0,0,-2.188925216e-10
6.005,0,0,-2.092821049e-10
6.01,0,0,-2.401355094e-10
6.015,0,0,-2.71085179e-10
6.02,0,0,-3.033253217e-10
6.025,0,0,-1.184772121e-10
6.03,0,0,6.619224327e-11
6.035,0,0,2.484160442e-10
6.04,0,0,4.350940583e-10
6.045,0,0,6.202526446e-10
6.05,0,0,8.037010073e-10
6.055,0,0,9.896956257e-10
6.06,0,0,1.177556573e-09
6.065,0,0,1.364147862e-09
6.07,0,0,1.549531934e-09
6.075,0,0,1.733837143e-09
6.08,0,0,1.658445076e-09
6.085,0,0,9.770198506e-10
6.09,0,0,2.957472619e-10
6.095,0,0,-3.867464195e-10
6.1,0,0,-1.066562023e-09
6.105,0,0,-1.748278645e-09
6.11,0,0,-2.430598876e-09
6.115,0,0,-3.111510687e-09
6.12,0,0,-3.794045997e-09
6.125,0,0,-4.475263081e-09
6.13,0,0,-5.158464441e-09
6.135,0,0,-5.841360528e-09
6.14,0,0,-6.522841258e-09
6.145,0,0,-7.205099046e-09
6.15,0,0,-7.886427139e-09
6.155,0,0,-8.568171513e-09
6.16,0,0,-8.037578994e-09
6.165,0,0,-6.983970267e-09
6.17,0,0,-5.930417043e-09
6.175,0,0,-4.877973904e-09
6.18,0,0,-3.824503937e-09
6.185,0,0,-2.771255986e-09
6.19,0,0,-1.717452994e-09
6.195,0,0,-6.646768295e-10
6.2,0,0,3.880438308e-10
6.205,0,0,6.299311918e-10
6.21,0,0,5.539181717e-10
6.215,0,0,5.062123003e-10
6.22,0,0,4.822899842e-10
6.225,0,0,4.848431787e-10
6.23,0,0,5.11013415e-10
6.235,0,0,5.580532356e-10
6.24,0,0,6.244779026e-10
6.245,0,0,4.261058445e-10
6.25,0,0,2.564849694e-10
6.255,0,0,3.870031267e-10
6.26,0,0,5.330624636e-10
6.265,0,0,4.307404465e-10
6.27,0,0,3.515359342e-10
6.275,0,0,2.942000822e-10
6.28,0,0,5.07613782e-10
6.285,0,0,4.865221809e-10
6.29,0,0,4.861891555e-10
6.295,0,0,5.025906504e-10
6.3,0,0,3.043018491e-10
6.305,0,0,3.565035615e-10
6.31,0,0,4.258699519e-10
6.315,0,0,-3.749309606e-10
6.32,0,0,3.876969291e-10
6.325,0,0,2.852361518e-10
6.33,0,0,2.043110087e-10
6.335,0,0,5.549311237e-10
6.34,0,0,-3.152084271e-10
6.345,0,0,4.674009793e-10
6.35,0,0,5.084185932e-11
6.355,0,0,5.178543089e-11
6.36,0,0,4.533584135e-10
6.365,0,0,-2.82904975e-10
6.37,0,0,5.171882585e-10
6.375,0,0,1.984830665e-10
6.38,0,0,2.687514002e-10
6.385,0,0,3.495655348e-10
6.39,0,0,-2.71193586e-10
6.395,0,0,1.906014681e-10
6.4,0,0,-3.721557497e-11
6.405,0,0,9.327483024e-11
6.41,0,0,2.340890192e-10
6.415,0,0,-2.844313403e-10
6.42,0,0,2.147180488e-10
6.425,0,0,-2.665034798e-10
6.43,0,0,-7.839970112e-11
6.435,0,0,1.183072305e-10
6.44,0,0,-3.102963037e-10
6.445,0,0,2.199354448e-10
6.45,0,0,-1.766421586e-10
6.455,0,0,5.797415067e-11
6.46,0,0,-1.193340584e-12
6.465,0,0,-3.477616476e-10
6.47,0,0,2.11387796e-10
6.475,0,0,-1.080944553e-10
6.48,0,0,1.681500138e-10
6.485,0,0,1.635986685e-10
6.49,0,0,-1.138668933e-10
6.495,0,0,1.87187959e-10
6.5,0,0,-3.415451761e-10
6.505,0,0,-2.406107642e-11
6.51,0,0,2.666977445e-11
6.515,0,0,-1.835246809e-10
6.52,0,0,1.534969016e-10
6.525,0,0,-2.983628982e-10
6.53,0,0,5.38668389e-11
6.535,0,0,-1.092045395e-10
6.54,0,0,-2.602870077e-10
6.545,0,0,1.11424708e-10
6.55,0,0,-2.721649096e-10
6.555,0,0,1.123127754e-10
6.56,0,0,2.358929062e-12
6.565,0,0,-9.599453669e-11
6.57,0,0,6.058284872e-11
6.575,0,0,-5.014528145e-10
6.58,0,0,-8.517121515e-11
6.585,0,0,-1.418965211e-10
6.59,0,0,-1.89019598e-10
6.595,0,0,6.799266118e-12
6.6,0,0,-4.86744198e-10
6.605,0,0,-4.384832842e-11
6.61,0,0,-2.825164453e-10
6.615,0,0,-2.842370757e-10
6.62,0,0,-5.300652361e-11
6.625,0,0,-4.847737984e-10
6.63,0,0,-1.562110578e-09
6.635,0,0,-2.0669769e-10
6.64,0,0,-1.669566733e-10
6.645,0,0,-1.411028107e-09
6.65,0,0,-4.930994304e-10
6.655,0,0,-5.106387614e-12
6.66,0,0,-7.778360433e-10
6.665,0,0,-1.114191577e-09
6.67,0,0,-1.919335693e-10
6.675,0,0,-5.114158202e-10
6.68,0,0,-1.63459908e-09
6.685,0,0,-3.004998104e-10
6.69,0,0,-1.874932322e-10
6.695,0,0,-1.264941018e-09
6.7,0,0,-7.339877158e-10
6.705,0,0,-2.017023108e-10
6.71,0,0,-8.42831477e-10
6.715,0,0,-1.080722536e-09
6.72,0,0,-1.49694863e-10
6.725,0,0,-3.747089432e-10
6.73,0,0,-1.729788806e-09
6.735,0,0,-4.136729012e-10
6.74,0,0,-2.35615385e-10
6.745,0,0,-1.170528351e-09
6.75,0,0,-6.041633611e-10
6.755,0,0,-3.901946188e-11
6.76,0,0,-5.709718409e-10
6.765,0,0,-1.086605983e-09
6.77,0,0,-1.483627619e-10
6.775,0,0,-2.902315307e-10
6.78,0,0,-1.490010605e-09
6.785,0,0,-5.469940213e-10
6.79,0,0,-3.106570813e-10
6.795,0,0,-1.118354391e-09
6.8,0,0,-8.692514835e-10
6.805,0,0,-2.703610225e-10
6.81,0,0,-7.016287588e-10
6.815,0,0,-1.463923624e-09
6.82,0,0,-5.152456113e-10
6.825,0,0,-5.814066331e-10
6.83,0,0,-1.644756349e-09
6.835,0,0,-6.944132117e-10
6.84,0,0,-4.084000007e-10
6.845,0,0,-1.106643002e-09
6.85,0,0,-1.136948304e-09
6.855,0,0,-5.110827952e-10
6.86,0,0,-8.545428661e-10
6.865,0,0,-1.510602668e-09
6.87,0,0,-5.557081827e-10
6.875,0,0,-5.578173426e-10
6.88,0,0,-1.499612831e-09
6.885,0,0,-8.585391702e-10
6.89,0,0,-5.277340591e-10
6.895,0,0,-1.126624519e-09
6.9,0,0,-1.096208211e-09
6.905,0,0,-4.466979079e-10
6.91,0,0,-7.132291394e-10
6.915,0,0,-1.57887285e-09
6.92,0,0,-6.186499605e-10
6.925,0,0,-5.628127218e-10
6.93,0,0,-1.396597012e-09
6.935,0,0,-7.328776314e-10
6.94,0,0,-3.645516723e-10
6.945,0,0,-8.758564839e-10
6.95,0,0,-1.086217453e-09
6.955,0,0,-4.14949498e-10
6.96,0,0,-6.126555051e-10
6.965,0,0,-1.666569507e-09
6.97,0,0,-6.996861118e-10
6.975,0,0,-5.927849969e-10
6.98,0,0,-1.331324057e-09
6.985,0,0,-9.300285968e-10
6.99,0,0,-5.259579243e-10
6.995,0,0,-9.566706184e-10
7,0,0,8.670868191e-10
7.005,0,0,8.368925263e-10
7.01,0,0,1.373840285e-09
7.015,0,0,1.075671652e-09
7.02,0,0,4.967627079e-10
7.025,0,0,1.339871707e-09
7.03,0,0,1.338761623e-09
7.035,0,0,4.80999512e-10
7.04,0,0,1.064348792e-09
7.045,0,0,1.370177007e-09
7.05,0,0,8.089184037e-10
7.055,0,0,8.333402566e-10
7.06,0,0,1.454432403e-09
7.065,0,0,1.196892854e-09
7.07,0,0,3.459022565e-10
7.075,0,0,1.291027999e-09
7.08,0,0,1.347753305e-09
7.085,0,0,5.006480034e-10
7.09,0,0,1.1738031e-09
7.095,0,0,1.555228054e-09
7.1,0,0,1.021943574e-09
7.105,0,0,7.959304169e-10
7.11,0,0,1.510269641e-09
7.115,0,0,1.300796741e-09
7.12,0,0,4.615730367e-10
7.125,0,0,1.521314979e-09
7.13,0,0,1.645089376e-09
7.135,0,0,8.138582788e-10
7.14,0,0,1.266550641e-09
7.145,0,0,1.732675024e-09
7.15,0,0,1.232360046e-09
7.155,0,0,7.304909495e-10
7.16,0,0,1.548956078e-09
7.165,0,0,1.390325037e-09
7.17,0,0,2.295099214e-10
7.175,0,0,1.41541294e-09
7.18,0,0,1.610343738e-09
7.185,0,0,7.913235682e-10
7.19,0,0,9.941359622e-10
7.195,0,0,1.55372944e-09
7.2,0,0,1.086161949e-09
7.205,0,0,6.18150422e-10
7.21,0,0,1.554617507e-09
7.215,0,0,1.452156731e-09
7.22,0,0,2.861242193e-10
7.225,0,0,1.258891059e-09
7.23,0,0,1.533636915e-09
7.235,0,0,7.276047314e-10
7.24,0,0,1.01400647e-09
7.245,0,0,1.681056105e-09
7.25,0,0,1.253784673e-09
7.255,0,0,4.544129932e-10
7.26,0,0,1.524201198e-09
7.265,0,0,1.48745741e-09
7.27,0,0,3.143203597e-10
7.275,0,0,1.426291766e-09
7.28,0,0,1.794062684e-09
7.285,0,0,1.009455126e-09
7.29,0,0,1.000019409e-09
7.295,0,0,1.787180161e-09
7.3,0,0,1.405866217e-09
7.305,0,0,6.256989949e-10
7.31,0,0,1.851010006e-09
7.315,0,0,1.888419846e-09
7.32,0,0,7.115085097e-10
7.325,0,0,1.576930201e-09
7.33,0,0,2.049826098e-09
7.335,0,0,1.287975268e-09
7.34,0,0,9.409629258e-10
7.345,0,0,1.869437405e-09
7.35,0,0,1.540297421e-09
7.355,0,0,3.527292746e-10
7.36,0,0,1.755764776e-09
7.365,0,0,1.87898413e-09
7.37,0,0,6.921930435e-10
7.375,0,0,1.267327701e-09
7.38,0,0,1.638761895e-09
7.385,0,0,1.34703175e-09
7.39,0,0,1.515875567e-09
7.395,0,0,1.463424085e-09
7.4,0,0,1.190787391e-09
7.405,0,0,1.621555589e-09
7.41,0,0,1.363849526e-09
7.415,0,0,1.5848118e-09
7.42,0,0,1.577263226e-09
7.425,0,0,1.340093724e-09
7.43,0,0,1.59324844e-09
7.435,0,0,1.369510956e-09
7.44,0,0,1.646449229e-09
7.445,0,0,1.687466842e-09
7.45,0,0,1.489039281e-09
7.455,0,0,1.804469723e-09
7.46,0,0,1.366485976e-09
7.465,0,0,1.707559368e-09
7.47,0,0,1.539326097e-09
7.475,0,0,1.378696905e-09
7.48,0,0,1.758068201e-09
7.485,0,0,1.34822509e-09
7.49,0,0,1.756458579e-09
7.495,0,0,1.6329062e-09
7.5,0,0,1.519178068e-09
7.505,0,0,1.691518649e-09
7.51,0,0,1.313201932e-09
7.515,0,0,1.796310604e-09
7.52,0,0,1.721823949e-09
7.525,0,0,1.656550996e-09
7.53,0,0,1.896273692e-09
7.535,0,0,1.258918811e-09
7.54,0,0,1.824617753e-09
7.545,0,0,1.499640584e-09
7.55,0,0,1.489039281e-09
7.555,0,0,1.799085815e-09
7.56,0,0,1.184265644e-09
7.565,0,0,1.842323597e-09
7.57,0,0,1.559918159e-09
7.575,0,0,1.609483423e-09
7.58,0,0,1.67098209e-09
7.585,0,0,1.08052827e-09
7.59,0,0,1.84143553e-09
7.595,0,0,1.606930228e-09
7.6,0,0,1.727318868e-09
7.605,0,0,1.863304189e-09
7.61,0,0,1.305375839e-09
7.615,0,0,1.826338384e-09
7.62,0,0,1.645505656e-09
7.625,0,0,1.843655699e-09
7.63,0,0,2.061565239e-09
7.635,0,0,1.538993073e-09
7.64,0,0,2.171685598e-09
7.645,0,0,1.668262383e-09
7.65,0,0,1.955801962e-09
7.655,0,0,1.865996143e-09
7.66,0,0,1.380001254e-09
7.665,0,0,2.137078721e-09
7.67,0,0,1.672397447e-09
7.675,0,0,2.063646648e-09
7.68,0,0,2.049826097e-09
7.685,0,0,1.611953361e-09
7.69,0,0,1.849247748e-09
7.695,0,0,1.883438343e-09
7.7,0,0,1.706588044e-09
7.705,0,0,1.775801797e-09
7.71,0,0,1.865135828e-09
7.715,0,0,1.976838058e-09
7.72,0,0,1.862554883e-09
7.725,0,0,1.764284674e-09
7.73,0,0,1.682388206e-09
7.735,0,0,1.878512343e-09
7.74,0,0,1.836634415e-09
7.745,0,0,1.81482126e-09
7.75,0,0,1.813156134e-09
7.755,0,0,1.548095762e-09
7.76,0,0,1.871518812e-09
7.765,0,0,1.93523765e-09
7.77,0,0,2.026042543e-09
7.775,0,0,1.836107126e-09
7.78,0,0,1.662878474e-09
7.785,0,0,1.826893425e-09
7.79,0,0,2.023239579e-09
7.795,0,0,1.918919411e-09
7.8,0,0,1.83563534e-09
7.805,0,0,7.834558458e-10
7.81,0,0,-2.686820202e-10
7.815,0,0,-1.321041903e-09
7.82,0,0,-2.371930924e-09
7.825,0,0,-3.423819021e-09
7.83,0,0,-4.475568358e-09
7.835,0,0,-5.527928241e-09
7.84,0,0,-6.581897746e-09
7.845,0,0,-7.287397918e-09
7.85,0,0,-6.603599888e-09
7.855,0,0,-5.923145986e-09
7.86,0,0,-5.240582925e-09
7.865,0,0,-4.559282584e-09
7.87,0,0,-3.876886035e-09
7.875,0,0,-3.193004748e-09
7.88,0,0,-2.511995804e-09
7.885,0,0,-1.828732002e-09
7.89,0,0,-1.146085684e-09
7.895,0,0,-4.644523179e-10
7.9,0,0,2.19484473e-10
7.905,0,0,9.014647404e-10
7.91,0,0,1.58400005e-09
7.915,0,0,2.266882261e-09
7.92,0,0,2.94934819e-09
7.925,0,0,3.108745885e-09
7.93,0,0,2.924111119e-09
7.935,0,0,2.73949023e-09
7.94,0,0,2.551719477e-09
7.945,0,0,2.365849743e-09
7.95,0,0,2.179213357e-09
7.955,0,0,1.993940293e-09
7.96,0,0,1.809354094e-09
7.965,0,0,1.62591267e-09
7.97,0,0,1.441264028e-09
7.975,0,0,1.255716913e-09
7.98,0,0,1.070750857e-09
7.985,0,0,1.08082834e-09
7.99,0,0,1.111911567e-09
7.995,0,0,1.143729791e-09
8,0,0,-5.312593403e-09
8.005,0,0,-5.352390093e-09
8.01,0,0,-5.050147971e-09
8.015,0,0,-4.494252462e-09
8.02,0,0,-3.933722351e-09
8.025,0,0,-3.37656412e-09
8.03,0,0,-4.64308007e-09
8.035,0,0,-6.695362228e-09
8.04,0,0,-8.734711905e-09
8.045,0,0,-1.077808564e-08
8.05,0,0,-1.281912125e-08
8.055,0,0,-1.226874843e-08
8.06,0,0,-9.106923167e-09
8.065,0,0,-5.947512341e-09
8.07,0,0,-4.247945577e-09
8.075,0,0,-4.483394452e-09
8.08,0,0,-4.489777433e-09
8.085,0,0,-4.311303638e-09
8.09,0,0,-3.974975855e-09
8.095,0,0,-4.244670829e-09
8.1,0,0,-4.325734734e-09
8.105,0,0,-4.919310669e-09
8.11,0,0,-4.050836237e-09
8.115,0,0,-4.333408188e-09
8.12,0,0,-4.454684896e-09
8.125,0,0,-4.442362962e-09
8.13,0,0,-4.309818903e-09
8.135,0,0,-4.068209057e-09
8.14,0,0,-3.73374067e-09
8.145,0,0,-4.271909522e-09
8.15,0,0,-4.66654448e-09
8.155,0,0,-4.043065648e-09
8.16,0,0,-4.227533902e-09
8.165,0,0,-4.304185221e-09
8.17,0,0,-4.279874377e-09
8.175,0,0,-4.966628009e-09
8.18,0,0,-4.757155103e-09
8.185,0,0,-4.476581307e-09
8.19,0,0,-4.122797453e-09
8.195,0,0,-4.421077096e-09
8.2,0,0,-4.622335374e-09
8.205,0,0,-4.058190547e-09
8.21,0,0,-6.096693793e-09
8.215,0,0,-5.380689431e-09
8.22,0,0,-4.624722049e-09
8.225,0,0,-3.832676928e-09
8.23,0,0,-4.214767933e-09
8.235,0,0,-4.518264971e-09
8.24,0,0,-4.73850569e-09
8.245,0,0,-4.887923033e-09
8.25,0,0,-4.970957337e-09
8.255,0,0,-4.985943476e-09
8.26,0,0,-4.941429098e-09
8.265,0,0,-4.836637135e-09
8.27,0,0,-4.679893238e-09
8.275,0,0,-4.469976305e-09
8.28,0,0,-4.211770706e-09
8.285,0,0,-3.904166357e-09
8.29,0,0,-4.515822787e-09
8.295,0,0,-5.05321458e-09
8.3,0,0,-5.522780225e-09
8.305,0,0,-5.922077536e-09
8.31,0,0,-5.362262034e-09
8.315,0,0,-4.770531618e-09
8.32,0,0,-4.146664263e-09
8.325,0,0,-4.348810608e-09
8.33,0,0,-4.500004085e-09
8.335,0,0,-4.599467636e-09
8.34,0,0,-4.648977395e-09
8.345,0,0,-4.651197564e-09
8.35,0,0,-5.399838393e-09
8.355,0,0,-5.303594081e-09
8.36,0,0,-5.167053717e-09
8.365,0,0,-4.989773261e-09
8.37,0,0,-4.776526075e-09
8.375,0,0,-4.525869049e-09
8.38,0,0,-4.238912267e-09
8.385,0,0,-4.639763695e-09
8.39,0,0,-4.992326458e-09
8.395,0,0,-5.29837669e-09
8.4,0,0,-5.557137333e-09
8.405,0,0,-5.085129499e-09
8.41,0,0,-4.583260404e-09
8.415,0,0,-4.727571358e-09
8.42,0,0,-7.474641391e-09
8.425,0,0,-4.235193484e-09
8.43,0,0,-6.851884105e-09
8.435,0,0,-4.899467909e-09
8.44,0,0,-6.117008324e-09
8.445,0,0,-5.394121458e-09
8.45,0,0,-5.274010336e-09
8.455,0,0,-5.730699009e-09
8.46,0,0,-4.331770814e-09
8.465,0,0,-7.110977785e-09
8.47,0,0,-4.479856056e-09
8.475,0,0,-7.133179457e-09
8.48,0,0,-4.487626647e-09
8.485,0,0,-5.874343905e-09
8.49,0,0,-5.500023497e-09
8.495,0,0,-5.662761845e-09
8.5,0,0,-6.346795775e-09
8.505,0,0,-5.334620938e-09
8.51,0,0,-7.035936088e-09
8.515,0,0,-4.89857984e-09
8.52,0,0,-7.579211328e-09
8.525,0,0,-5.417655243e-09
8.53,0,0,-6.934252359e-09
8.535,0,0,-5.799746248e-09
8.54,0,0,-6.196934393e-09
8.545,0,0,-6.050403276e-09
8.55,0,0,-5.373029853e-09
8.555,0,0,-7.180913092e-09
8.56,0,0,-5.457840292e-09
8.565,0,0,-8.160895482e-09
8.57,0,0,-5.428312052e-09
8.575,0,0,-7.063910201e-09
8.58,0,0,-5.289773536e-09
8.585,0,0,-5.896878616e-09
8.59,0,0,-5.995565113e-09
8.595,0,0,-5.59970906e-09
8.6,0,0,-6.571365822e-09
8.605,0,0,-5.206739231e-09
8.61,0,0,-7.937879553e-09
8.615,0,0,-5.630014362e-09
8.62,0,0,-7.366408163e-09
8.625,0,0,-5.938062746e-09
8.63,0,0,-6.712124499e-09
8.635,0,0,-6.138543965e-09
8.64,0,0,-5.982133089e-09
8.645,0,0,-7.095769628e-09
8.65,0,0,-6.031198814e-09
8.655,0,0,-7.927555768e-09
8.66,0,0,-5.984353259e-09
8.665,0,0,-7.806667582e-09
8.67,0,0,-5.845481718e-09
8.675,0,0,-6.770181906e-09
8.68,0,0,-6.434270413e-09
8.685,0,0,-6.485889328e-09
8.69,0,0,-6.915602951e-09
8.695,0,0,-6.11756337e-09
8.7,0,0,-7.293475636e-09
8.705,0,0,-5.672419581e-09
8.71,0,0,-7.571329728e-09
8.715,0,0,-5.926961903e-09
8.72,0,0,-6.983096068e-09
8.725,0,0,-6.087480089e-09
8.73,0,0,-6.324261059e-09
8.735,0,0,-6.913493791e-09
8.74,0,0,-6.348349888e-09
8.745,0,0,-7.633494446e-09
8.75,0,0,-6.290070465e-09
8.755,0,0,-8.25403155e-09
8.76,0,0,-6.150754891e-09
8.765,0,0,-7.322670844e-09
8.77,0,0,-6.654955164e-09
8.775,0,0,-7.051144234e-09
8.78,0,0,-7.066019368e-09
8.785,0,0,-6.704908953e-09
8.79,0,0,-7.38483557e-09
8.795,0,0,-6.289959456e-09
8.8,0,0,-8.314087109e-09
8.805,0,0,-6.497767231e-09
8.81,0,0,-7.770367828e-09
8.815,0,0,-6.622207678e-09
8.82,0,0,-7.162707703e-09
8.825,0,0,-6.667943151e-09
8.83,0,0,-6.494103952e-09
8.835,0,0,-9.297621755e-09
8.84,0,0,-1.237977073e-08
8.845,0,0,-7.8476297e-09
8.85,0,0,-6.290514499e-09
8.855,0,0,-7.656584191e-09
8.86,0,0,-1.189477489e-08
8.865,0,0,-9.964782412e-09
8.87,0,0,-7.083225674e-09
8.875,0,0,-7.073900963e-09
8.88,0,0,-9.886410449e-09
8.885,0,0,-1.296334203e-08
8.89,0,0,-8.810960825e-09
8.895,0,0,-7.478637687e-09
8.9,0,0,-8.922302268e-09
8.905,0,0,-1.309422094e-08
8.91,0,0,-1.018546716e-08
8.915,0,0,-7.593420401e-09
8.92,0,0,-7.728295636e-09
8.925,0,0,-1.054679958e-08
8.93,0,0,-1.24215099e-08
8.935,0,0,-8.619471289e-09
8.94,0,0,-7.498619203e-09
8.945,0,0,-9.018324557e-09
8.95,0,0,-1.313573809e-08
8.955,0,0,-1.050528244e-08
8.96,0,0,-8.175548589e-09
8.965,0,0,-8.442190826e-09
8.97,0,0,-1.126857637e-08
8.975,0,0,-1.205496008e-08
8.98,0,0,-8.566964303e-09
8.985,0,0,-7.637490745e-09
8.99,0,0,-9.225799306e-09
8.995,0,0,-1.329448014e-08
9,0,0,-5.727479764e-09
9.005,0,0,-1.003627182e-08
9.01,0,0,-5.685185547e-09
9.015,0,0,-3.80869911e-09
9.02,0,0,-4.443889327e-09
9.025,0,0,-7.631052262e-09
9.03,0,0,-7.687999574e-09
9.035,0,0,-4.568107754e-09
9.04,0,0,-3.999855621e-09
9.045,0,0,-6.023206212e-09
9.05,0,0,-9.51086894e-09
9.055,0,0,-5.094398702e-09
9.06,0,0,-3.269531183e-09
9.065,0,0,-4.078449588e-09
9.07,0,0,-7.564336199e-09
9.075,0,0,-6.571920855e-09
9.08,0,0,-3.440817184e-09
9.085,0,0,-2.985238603e-09
9.09,0,0,-5.252863237e-09
9.095,0,0,-9.060785276e-09
9.1,0,0,-4.570327921e-09
9.105,0,0,-2.802185708e-09
9.11,0,0,-3.80209411e-09
9.115,0,0,-7.617065202e-09
9.12,0,0,-6.727887694e-09
9.125,0,0,-3.593231753e-09
9.13,0,0,-3.273083453e-09
9.135,0,0,-5.816119993e-09
9.14,0,0,-8.692070788e-09
9.145,0,0,-4.12357451e-09
9.15,0,0,-2.41965067e-09
9.155,0,0,-3.630530587e-09
9.16,0,0,-7.808776755e-09
9.165,0,0,-5.707942273e-09
9.17,0,0,-2.559188262e-09
9.175,0,0,-2.379909654e-09
9.18,0,0,-3.194322973e-09
9.185,0,0,-2.297374889e-09
9.19,0,0,-3.766737923e-09
9.195,0,0,-2.133803972e-09
9.2,0,0,-3.582241922e-09
9.205,0,0,-1.888419846e-09
9.21,0,0,-2.609308568e-09
9.215,0,0,-2.259909544e-09
9.22,0,0,-2.241648659e-09
9.225,0,0,-2.561741455e-09
9.23,0,0,-1.783128354e-09
9.235,0,0,-3.512417618e-09
9.24,0,0,-1.958965701e-09
9.245,0,0,-3.670882151e-09
9.25,0,0,-2.054765973e-09
9.255,0,0,-3.003055457e-09
9.26,0,0,-2.068197992e-09
9.265,0,0,-2.23348954e-09
9.27,0,0,-2.758836916e-09
9.275,0,0,-2.120704979e-09
9.28,0,0,-3.378485952e-09
9.285,0,0,-1.916282961e-09
9.29,0,0,-3.927533633e-09
9.295,0,0,-1.616282688e-09
9.3,0,0,-2.81800441e-09
9.305,0,0,-2.018799242e-09
9.31,0,0,-2.390732976e-09
9.315,0,0,-2.33955809e-09
9.32,0,0,-1.856560428e-09
9.325,0,0,-2.575339987e-09
9.33,0,0,-1.212767059e-09
9.335,0,0,-3.559540695e-09
9.34,0,0,-1.294191739e-09
9.345,0,0,-2.781316125e-09
9.35,0,0,-1.282202829e-09
9.355,0,0,-1.883951758e-09
9.36,0,0,-2.03814246e-09
9.365,0,0,-1.732897041e-09
9.37,0,0,-2.718207832e-09
9.375,0,0,-1.476689593e-09
9.38,0,0,-3.319124195e-09
9.385,0,0,-1.108557898e-09
9.39,0,0,-2.926764916e-09
9.395,0,0,-1.541962547e-09
9.4,0,0,-2.418096554e-09
9.405,0,0,-1.885256105e-09
9.41,0,0,-1.786014573e-09
9.415,0,0,-2.13233311e-09
9.42,0,0,-1.022609624e-09
9.425,0,0,-3.242528381e-09
9.43,0,0,-1.094515332e-09
9.435,0,0,-3.297699574e-09
9.44,0,0,-1.056272929e-09
9.445,0,0,-2.243896581e-09
9.45,0,0,-9.03691847e-10
9.455,0,0,-1.035375594e-09
9.46,0,0,-1.65385904e-09
9.465,0,0,-6.985760276e-10
9.47,0,0,-2.313887391e-09
9.475,0,0,-2.320076112e-10
9.48,0,0,-2.879447575e-09
9.485,0,0,-7.01351238e-10
9.49,0,0,-2.256967823e-09
9.495,0,0,-1.065542133e-09
9.5,0,0,-1.484404679e-09
9.505,0,0,-1.318863361e-09
9.51,0,0,-5.52128161e-10
9.515,0,0,-2.595765537e-09
9.52,0,0,-6.062447688e-10
9.525,0,0,-3.793962738e-09
9.53,0,0,-5.276230507e-10
9.535,0,0,-2.523443551e-09
9.54,0,0,-3.113231318e-10
9.545,0,0,-1.059880704e-09
9.55,0,0,-1.176092649e-09
9.555,0,0,-6.344547854e-10
9.56,0,0,-1.936861146e-09
9.565,0,0,-4.497228876e-11
9.57,0,0,-2.588272468e-09
9.575,0,0,7.188766934e-10
9.58,0,0,-1.799266205e-09
9.585,0,0,3.353703321e-10
9.59,0,0,-1.438807966e-10
9.595,0,0,-5.968368043e-10
9.6,0,0,-3.267255512e-10
9.605,0,0,-1.094820606e-11
9.61,0,0,3.523129934e-10
9.615,0,0,7.671931111e-10
9.62,0,0,5.03478718e-10
9.625,0,0,2.77007652e-10
9.63,0,0,8.418601536e-11
9.635,0,0,-6.832568643e-11
9.64,0,0,-1.847318975e-10
9.645,0,0,-2.598290979e-10
9.65,0,0,5.004537386e-10
9.655,0,0,5.244176826e-10
9.66,0,0,5.946443883e-10
9.665,0,0,7.15102407e-10
9.67,0,0,8.873042283e-10
9.675,0,0,1.111457993e-09
9.68,0,0,5.278520054e-10
9.685,0,0,-2.50462762e-11
9.69,0,0,-5.457104858e-10
9.695,0,0,-1.241768011e-10
9.7,0,0,3.636219769e-10
9.705,0,0,9.185322866e-10
9.71,0,0,1.549115653e-09
9.715,0,0,1.284131601e-09
9.72,0,0,1.066631403e-09
9.725,0,0,8.964971134e-10
9.73,0,0,7.807083865e-10
9.735,0,0,7.184951014e-10
9.74,0,0,7.14977523e-10
9.745,0,0,7.73825865e-10
9.75,0,0,8.971007224e-10
9.755,0,0,1.087757695e-09
9.76,0,0,1.351485964e-09
9.765,0,0,1.693495987e-09
9.77,0,0,2.11707639e-09
9.775,0,0,1.398237855e-09
9.78,0,0,7.183112437e-10
9.785,0,0,8.262842831e-11
9.79,0,0,8.110900064e-10
9.795,0,0,1.649276474e-09
9.8,0,0,1.911287583e-09
9.805,0,0,2.271863765e-09
9.81,0,0,2.005311719e-09
9.815,0,0,1.808285638e-09
9.82,0,0,1.683609298e-09
9.825,0,0,1.643209171e-09
9.83,0,0,1.694082251e-09
9.835,0,0,1.846493351e-09
9.84,0,0,2.103184726e-09
9.845,0,0,1.587680673e-09
9.85,0,0,2.059254877e-09
9.855,0,0,2.671126385e-09
9.86,0,0,2.453287958e-09
9.865,0,0,2.334947771e-09
9.87,0,0,2.325987309e-09
9.875,0,0,2.440183762e-09
9.88,0,0,2.695900343e-09
9.885,0,0,1.911604996e-09
9.89,0,0,1.197108799e-09
9.895,0,0,1.877349359e-09
9.9,0,0,2.090975535e-09
9.905,0,0,2.492371597e-09
9.91,0,0,2.344563876e-09
9.915,0,0,2.360987921e-09
9.92,0,0,2.574602389e-09
9.925,0,0,3.031813144e-09
9.93,0,0,2.788344344e-09
9.935,0,0,2.075315108e-09
9.94,0,0,-1.084018099e-09
9.945,0,0,-4.242424211e-09
9.95,0,0,-5.320856326e-09
9.955,0,0,-3.26810932e-09
9.96,0,0,-1.218236716e-09
9.965,0,0,8.307466273e-10
9.97,0,0,2.876827599e-09
9.975,0,0,4.407590167e-09
9.98,0,0,3.848757108e-09
9.985,0,0,3.289904943e-09
9.99,0,0,2.736177526e-09
9.995,0,0,2.377202875e-09
10,0,0,2.431076749e-09
