#Exudyn implicit second order time integration solver solution file
#simulation started=2025-07-23,17:18:17
#columns contain: time, ODE2 displacements, ODE2 velocities, ODE2 accelerations, AE coordinates
#number of system coordinates [nODE2, nODE1, nAlgebraic, nData] = [28,0,25,0]
#number of written coordinates [nODE2, nVel2, nAcc2, nODE1, nVel1, nAlgebraic, nData] = [28,28,28,0,0,25,0]
#total columns exported  (excl. time) = 109
#number of time steps (planned) = 30000
#Exudyn version = 1.10.0; Python3.13.2; Windows AVX2 FLOAT64
#
0,0,0,0,0,0,0,0,0,0,0,0,0,0,0,0,0,0,0,0,0,0,0,0,0,0,0,0,0,0,0,0,0,0,0,0,0,0,0,0,0,0,0,0,0,0,0,0,0,0,0,0,0,0,0,0,0,-3.200949217e-20,3.628160272e-17,0,0,0,0,0,2.389198414e-20,1.906690118e-15,0,0,0,0,19.19998284,-2.639275252e-20,-7.871992963,0,0,0,0,0.9139342919,-2.639275252e-20,-8.246706023,0,0,0,0,-0.456967146,0,0,0,0,0,0,0,0,0,0,0,0,0,0,0,0,0,0,0,0,0,0,0,0,0
0.005,1.183816943e-45,-1.597937633e-41,8.368116873e-11,0,0,0,0,-5.309239622e-45,3.056285312e-41,8.368116873e-11,-2.881273379e-08,0,0,0.0002400050515,2.362644137e-08,-9.84020683e-05,8.368116873e-11,-6.539165988e-11,0,0,1.143376315e-05,2.368006253e-08,-0.0001030899112,8.368116873e-11,-1.634791497e-11,0,0,-5.716881575e-06,-1.294387178e-58,-3.466567999e-54,6.690480013e-08,0,0,0,0,-4.699621138e-57,7.38990731e-53,6.690480013e-08,-2.304147511e-05,0,0,0.09600412283,1.889400905e-05,-0.03936168696,6.690480013e-08,-5.233616751e-08,0,0,0.004577335285,1.89369247e-05,-0.04123839442,6.690480013e-08,-1.308404188e-08,0,0,-0.002288667643,-3.200949217e-20,3.628160272e-17,4.013485311e-05,0,0,0,0,2.389198414e-20,1.906690118e-15,4.013485311e-05,-0.01382549036,0,0,19.20250548,0.01133690133,-7.873023845,4.013485311e-05,-3.145424102e-05,0,0,0.9185326549,0.01136269381,-8.249622233,4.013485311e-05,-7.863560253e-06,0,0,-0.4592663275,0,5.654985801e-07,-6.308084876e-08,7.655093362e-08,-0.09231879805,-180.1230729,0,28.00421604,0.009534075435,-0.09231879805,-83.61229291,-0.0006051533151,15.77343452,-0.01650109379,-0.09231879805,-15.57013291,-0.000326777974,-0.05849618325,0.0005052573002,-0.006056315802,-0.8316813497,-2.139187671e-05,-2.671590805e-06,6.093976709e-11,-0.02678066097
0.01,1.183816943e-45,-1.597937633e-41,1.338096003e-09,0,0,0,0,-5.309239622e-45,3.056285312e-41,1.338096003e-09,-4.609260243e-07,0,0,0.0009600831443,3.779592528e-07,-0.0003936339077,1.338096003e-09,-1.051220435e-09,0,0,4.585007345e-05,3.788212535e-07,-0.0004124324378,1.338096003e-09,-2.628051085e-10,0,0,-2.292503673e-05,-1.294387178e-58,-3.466567999e-54,5.351581313e-07,0,0,0,0,-4.699621138e-57,7.38990731e-53,5.351581313e-07,-0.0001843680865,0,0,0.1920333698,0.0001511817612,-0.07873357277,5.351581313e-07,-4.218529362e-07,0,0,0.009200703598,0.0001515276806,-0.08250586123,5.351581313e-07,-1.05463234e-07,0,0,-0.004600351799,-3.200949217e-20,3.628160272e-17,0.0001605394124,0,0,0,0,2.389198414e-20,1.906690118e-15,0.0001605394124,-0.05532008148,0,0,19.21001207,0.04536241803,-7.876050514,0.0001605394124,-0.0001274014313,0,0,0.932357379,0.04546688721,-8.258317033,0.0001605394124,-3.185035777e-05,0,0,-0.4661786895,0,9.04857046e-06,-9.553066355e-08,3.115940444e-07,-0.3693964897,-180.0954087,0,28.00698355,0.03514031811,-0.3693964897,-83.58462866,-0.002420613261,15.77057182,-0.06902121347,-0.3693964897,-15.54246866,-0.001307111896,-0.05810721707,0.001868949312,-0.02423385088,-0.8270470213,-8.556750682e-05,-2.711800599e-06,2.46216651e-10,-0.0271837335
0.015,1.183816943e-45,-1.597937633e-41,6.773358485e-09,0,0,0,0,-5.309239622e-45,3.056285312e-41,6.773358485e-09,-2.333817142e-06,0,0,0.002160421559,1.913727822e-06,-0.0008857707719,6.773358485e-09,-5.366176604e-09,0,0,0.0001035947345,1.918128087e-06,-0.0009282446128,6.773358485e-09,-1.341544148e-09,0,0,-5.179736724e-05,-1.294387178e-58,-3.466567999e-54,1.806108525e-06,0,0,0,0,-4.699621138e-57,7.38990731e-53,1.806108525e-06,-0.0006224453725,0,0,0.2881122516,0.0005104040142,-0.1181251961,1.806108525e-06,-1.441669336e-06,0,0,0.01391643442,0.000511586183,-0.1238309342,1.806108525e-06,-3.604173326e-07,0,0,-0.006958217209,-3.200949217e-20,3.628160272e-17,0.000361213678,0,0,0,0,2.389198414e-20,1.906690118e-15,0.000361213678,-0.1245376545,0,0,19.22231844,0.1021203207,-7.880874813,0.000361213678,-0.0002926512652,0,0,0.9554974316,0.1023602947,-8.272628729,0.000361213678,-7.316281562e-05,0,0,-0.4777487158,0,4.581336038e-05,3.769060733e-07,7.214959683e-07,-0.8315915571,-180.0510724,0,28.01143421,0.07785409833,-0.8315915571,-83.54029244,-0.005446379836,15.76572928,-0.1565867587,-0.8315915571,-15.49813244,-0.002941001766,-0.05746528192,0.004143830627,-0.05455803708,-0.8194188875,-0.0001925268904,-2.779104429e-06,5.632890323e-10,-0.02785840311
0.02,1.183816943e-45,-1.597937633e-41,2.140632525e-08,0,0,0,0,-5.309239622e-45,3.056285312e-41,2.140632525e-08,-7.378109564e-06,0,0,0.003841327315,6.05002752e-06,-0.001574932578,2.140632525e-08,-1.715858406e-08,0,0,0.0001852465571,6.064097559e-06,-0.001650883665,2.140632525e-08,-4.289645987e-09,0,0,-9.262327854e-05,-1.294387178e-58,-3.466567999e-54,4.281104511e-06,0,0,0,0,-4.699621138e-57,7.38990731e-53,4.281104511e-06,-0.001476094881,0,0,0.3842640498,0.001210388872,-0.1575447732,4.281104511e-06,-3.477346683e-06,0,0,0.01877145075,0.001213240296,-0.1652410677,4.281104511e-06,-8.693366595e-07,0,0,-0.009385725376,-3.200949217e-20,3.628160272e-17,0.0006421576497,0,0,0,0,2.389198414e-20,1.906690118e-15,0.0006421576497,-0.2215664119,0,0,19.23911707,0.1816813307,-7.887165752,0.0006421576497,-0.0005354090436,0,0,0.9881012948,0.1821203661,-8.292287182,0.0006421576497,-0.0001338522569,0,0,-0.4940506474,0,0.0001448146281,2.157623362e-06,1.334191974e-06,-1.4794834,-179.9927267,0,28.01732466,0.1377287384,-1.4794834,-83.48194673,-0.009682453042,15.75879975,-0.2792447052,-1.4794834,-15.43978673,-0.005228447584,-0.05657990438,0.007332910594,-0.09707015512,-0.8089409322,-0.0003422700273,-2.873934176e-06,1.024875285e-09,-0.02880899911
0.025,1.183816943e-45,-1.597937633e-41,5.22605956e-08,0,0,0,0,-5.309239622e-45,3.056285312e-41,5.22605956e-08,-1.801977302e-05,0,0,0.006003219476,1.477608073e-05,-0.002461275631,5.22605956e-08,-4.252213459e-08,0,0,0.000291621072,1.481094888e-05,-0.002580840266,5.22605956e-08,-1.063053348e-08,0,0,-0.000145810536,-1.294387178e-58,-3.466567999e-54,8.361494622e-06,0,0,0,0,-4.699621138e-57,7.38990731e-53,8.361494622e-06,-0.002884660161,0,0,0.4805101982,0.002365378707,-0.1969985311,8.361494622e-06,-6.944538344e-06,0,0,0.02381356738,0.002371073228,-0.2067620925,8.361494622e-06,-1.736134531e-06,0,0,-0.01190678369,-3.200949217e-20,3.628160272e-17,0.001003371328,0,0,0,0,2.389198414e-20,1.906690118e-15,0.001003371328,-0.3465264686,0,0,19.25997618,0.2841397606,-7.894458445,0.001003371328,-0.0008675646665,0,0,1.030377251,0.2848511636,-8.316912861,0.001003371328,-0.0002168911507,0,0,-0.5151886254,0,0.0003536188165,6.398759044e-06,2.190190495e-06,-2.313845109,-179.9241111,0,28.02431311,0.2148353954,-2.313845109,-83.41333114,-0.01512883288,15.7496331,-0.4370587292,-2.313845109,-15.37117114,-0.00816944935,-0.05546444813,0.01144023691,-0.1518256702,-0.7958154453,-0.0005347969176,-2.996895662e-06,1.649393459e-09,-0.03004159446
0.03,1.183816943e-45,-1.597937633e-41,1.083665115e-07,0,0,0,0,-5.309239622e-45,3.056285312e-41,1.083665115e-07,-3.738311929e-05,0,0,0.008646618361,3.06535848e-05,-0.003544980997,1.083665115e-07,-8.979399996e-08,0,0,0.0004237757379,3.072721588e-05,-0.003718729034,1.083665115e-07,-2.244849923e-08,0,0,-0.0002118878689,-1.294387178e-58,-3.466567999e-54,1.444862739e-05,0,0,0,0,-4.699621138e-57,7.38990731e-53,1.444862739e-05,-0.004988158256,0,0,0.5768696588,0.004090136859,-0.2364900348,1.444862739e-05,-1.23283962e-05,0,0,0.02909179074,0.004100246143,-0.2484176658,1.444862739e-05,-3.082098841e-06,0,0,-0.01454589537,-3.200949217e-20,3.628160272e-17,0.001444854712,0,0,0,0,2.389198414e-20,1.906690118e-15,0.001444854712,-0.4995664597,0,0,19.28433857,0.4096087805,-7.902152701,0.001444854712,-0.001305107845,0,0,1.082593746,0.4106789687,-8.346015576,0.001444854712,-0.0003262769108,0,0,-0.5412968732,0,0.000733432124,1.462894897e-05,3.344016086e-06,-3.335605101,-179.8500538,0,28.03195827,0.309259541,-3.335605101,-83.3392738,-0.02178551934,15.73803612,-0.6301071078,-3.335605101,-15.2971138,-0.01176400706,-0.05413613766,0.01647072981,-0.2188918903,-0.780303698,-0.0007701075614,-3.148769712e-06,2.461593118e-09,-0.03156401641
0.035,1.183816943e-45,-1.597937633e-41,2.007611575e-07,0,0,0,0,-5.309239622e-45,3.056285312e-41,2.007611575e-07,-6.929450892e-05,0,0,0.0117721316,5.68195285e-05,-0.004826239496,2.007611575e-07,-1.699557246e-07,0,0,0.000583016653,5.695889218e-05,-0.005065276283,2.007611575e-07,-4.248892844e-08,0,0,-0.0002915083265,-1.294387178e-58,-3.466567999e-54,2.294385134e-05,0,0,0,0,-4.699621138e-57,7.38990731e-53,2.294385134e-05,-0.007927411743,0,0,0.6733582911,0.006500027175,-0.2760195065,2.294385134e-05,-2.020539047e-05,0,0,0.03465662076,0.006516595592,-0.2902287137,2.294385134e-05,-5.051346974e-06,0,0,-0.01732831038,-3.200949217e-20,3.628160272e-17,0.001966607802,0,0,0,0,2.389198414e-20,1.906690118e-15,0.001966607802,-0.6808591473,0,0,19.31152023,0.558214282,-7.909511332,0.001966607802,-0.001868680313,0,0,1.145079797,0.5597465993,-8.378992948,0.001966607802,-0.0004671699422,0,0,-0.5725398986,0,0.001359134151,2.878953747e-05,4.86612785e-06,-4.545797409,-179.776485,0,28.03971812,0.4210963997,-4.545797409,-83.26570504,-0.02965251244,15.72377235,-0.8584800052,-4.545797409,-15.22354504,-0.01601212073,-0.05261608482,0.02242996837,-0.2983449374,-0.7627267588,-0.001048201959,-3.330513334e-06,3.493395885e-09,-0.03338585836
0.04,1.183816943e-45,-1.597937633e-41,3.424883609e-07,0,0,0,0,-5.309239622e-45,3.056285312e-41,3.424883609e-07,-0.000118286659,0,0,0.01538043705,9.698932354e-05,-0.006305233266,3.424883609e-07,-2.971507335e-07,0,0,0.0007709067815,9.72329871e-05,-0.006621304953,3.424883609e-07,-7.428767509e-08,0,0,-0.0003854533908,-1.294387178e-58,-3.466567999e-54,3.424851501e-05,0,0,0,0,-4.699621138e-57,7.38990731e-53,3.424851501e-05,-0.01184415626,0,0,0.769988214,0.009711059292,-0.3155831362,3.424851501e-05,-3.126826178e-05,0,0,0.04056035469,0.009736699259,-0.3322128668,3.424851501e-05,-7.817063704e-06,0,0,-0.02028017735,-3.200949217e-20,3.628160272e-17,0.002568630599,0,0,0,0,2.389198414e-20,1.906690118e-15,0.002568630599,-0.8905960032,0,0,19.34070866,0.7300873073,-7.915658285,0.002568630599,-0.00258427911,0,0,1.218225386,0.7322064148,-8.415128689,0.002568630599,-0.0006460694502,0,0,-0.6091126932,0,0.002319315269,5.127964044e-05,6.845361511e-06,-5.945500341,-179.7104525,0,28.04694853,0.5504453216,-5.945500341,-83.19967252,-0.03872981217,15.70656194,-1.122276137,-5.945500341,-15.15751252,-0.02091379034,-0.05092931511,0.02932392877,-0.3902660191,-0.743466409,-0.001369080109,-3.543260887e-06,4.784966398e-09,-0.0355184916
0.045,1.183816943e-45,-1.597937633e-41,5.485986916e-07,0,0,0,0,-5.309239622e-45,3.056285312e-41,5.485986916e-07,-0.0001896034165,0,0,0.01947226244,0.0001554600618,-0.007982113863,5.485986916e-07,-4.893360737e-07,0,0,0.0009892757042,0.0001558613172,-0.008387716703,5.485986916e-07,-1.22333996e-07,0,0,-0.0004946378521,-1.294387178e-58,-3.466567999e-54,4.876396693e-05,0,0,0,0,-4.699621138e-57,7.38990731e-53,4.876396693e-05,-0.01688111832,0,0,0.8667671592,0.01383989241,-0.3551723825,4.876396693e-05,-4.6354903e-05,0,0,0.04685739286,0.01387790341,-0.3743838854,4.876396693e-05,-1.15887215e-05,0,0,-0.02342869643,-3.200949217e-20,3.628160272e-17,0.003250923102,0,0,0,0,2.389198414e-20,1.906690118e-15,0.003250923102,-1.128980743,0,0,19.37096113,0.9253550059,-7.91957671,0.003250923102,-0.003484128451,0,0,1.302481799,0.9282119881,-8.453590792,0.003250923102,-0.0008710313902,0,0,-0.6512408994,0,0.003716315442,8.501054673e-05,9.391954788e-06,-7.53576323,-179.6601369,0,28.0529018,0.6974030641,-7.53576323,-83.14935692,-0.04901741853,15.68608155,-1.421598801,-7.53576323,-15.10719692,-0.02646901589,-0.0491047901,0.0371586744,-0.4947369897,-0.7229661077,-0.001732742013,-3.788325059e-06,6.386040778e-09,-0.03797507509
0.05,1.183816943e-45,-1.597937633e-41,8.361494622e-07,0,0,0,0,-5.309239622e-45,3.056285312e-41,8.361494622e-07,-0.0002892048353,0,0,0.02404836186,0.0002371136719,-0.009856976829,8.361494622e-07,-7.690902307e-07,0,0,0.0012402309,0.0002377443256,-0.01036547111,8.361494622e-07,-1.922725022e-07,0,0,-0.0006201154502,-1.294387178e-58,-3.466567999e-54,6.689155563e-05,0,0,0,0,-4.699621138e-57,7.38990731e-53,6.689155563e-05,-0.02318205815,0,0,0.9636978154,0.01900379006,-0.3947732637,6.689155563e-05,-6.648206511e-05,0,0,0.05360454571,0.01905830531,-0.4167510768,6.689155563e-05,-1.662050669e-05,0,0,-0.02680227285,-3.200949217e-20,3.628160272e-17,0.004013485311,0,0,0,0,2.389198414e-20,1.906690118e-15,0.004013485311,-1.396221787,0,0,19.40120287,1.144130082,-7.920107104,0.004013485311,-0.004607741283,0,0,1.39836182,1.147908424,-8.493429744,0.004013485311,-0.001151933827,0,0,-0.6991809099,0,0.005666261784,0.0001334700332,1.264122754e-05,-9.317520987,-179.634867,0,28.05672536,0.8620559559,-9.317520987,-83.124087,-0.06051533151,15.6619642,-1.756551262,-9.317520987,-15.081927,-0.0326777974,-0.04717542153,0.04593999811,-0.6118351899,-0.7017319467,-0.002139187671,-4.067197457e-06,8.35754543e-09,-0.04077056146
0.055,1.183816943e-45,-1.597937633e-41,1.224204728e-06,0,0,0,0,-5.309239622e-45,3.056285312e-41,1.224204728e-06,-0.0004237723689,0,0,0.02910948882,0.0003474197119,-0.01192983271,1.224204728e-06,-1.164603609e-06,0,0,0.001526170568,0.0003483746863,-0.01255556191,1.224204728e-06,-2.911507752e-07,0,0,-0.0007630852839,-1.294387178e-58,-3.466567999e-54,8.903262964e-05,0,0,0,0,-4.699621138e-57,7.38990731e-53,8.903262964e-05,-0.03089177207,0,0,1.060777164,0.02532051834,-0.4343656407,8.903262964e-05,-9.288489611e-05,0,0,0.06086134138,0.02539668387,-0.4593187035,8.903262964e-05,-2.322120374e-05,0,0,-0.03043067069,-3.200949217e-20,3.628160272e-17,0.004856317226,0,0,0,0,2.389198414e-20,1.906690118e-15,0.004856317226,-1.692523617,0,0,19.43022536,1.386498702,-7.915945708,0.004856317226,-0.006003195374,0,0,1.506439718,1.391421309,-8.533576882,0.004856317226,-0.001500795915,0,0,-0.7532198592,0,0.008299101701,0.0002007972581,1.675800021e-05,-11.29149618,-179.6451326,0,28.05746046,1.044470921,-11.29149618,-83.13435263,-0.07322355113,15.63379921,-2.127231483,-11.29149618,-15.09219263,-0.03954013485,-0.04517807213,0.05567301721,-0.7416275578,-0.6803335221,-0.002588417081,-4.381548578e-06,1.077354506e-08,-0.04392169673
0.06,1.183816943e-45,-1.597937633e-41,1.733835287e-06,0,0,0,0,-5.309239622e-45,3.056285312e-41,1.733835287e-06,-0.0006007139621,0,0,0.03465636609,0.0004924374947,-0.01420057444,1.733835287e-06,-1.710883643e-06,0,0,0.001849797979,0.000493840418,-0.01495899031,1.733835287e-06,-4.277206364e-07,0,0,-0.0009248989895,-1.294387178e-58,-3.466567999e-54,0.0001155885375,0,0,0,0,-4.699621138e-57,7.38990731e-53,0.0001155885375,-0.04015604884,0,0,1.157995805,0.03290817965,-0.4739224923,0.0001155885375,-0.0001270634556,0,0,0.06869033248,0.03301237151,-0.5020853841,0.0001155885375,-3.176582314e-05,0,0,-0.03434516624,-3.200949217e-20,3.628160272e-17,0.005779418847,0,0,0,0,2.389198414e-20,1.906690118e-15,0.005779418847,-2.018077013,0,0,19.45668472,1.652506824,-7.905643354,0.005779418847,-0.007728652661,0,0,1.627350924,1.658844295,-8.572843072,0.005779418847,-0.001932157659,0,0,-0.8136754618,0,0.01175862803,0.0002918689877,2.194184631e-05,-13.45808843,-179.7025944,0,28.0540414,1.24468534,-13.45808843,-83.19181436,-0.08714207738,15.60113219,-2.53372619,-13.45808843,-15.14965436,-0.04705602825,-0.04315353718,0.06636172253,-0.8841640092,-0.6594046424,-0.003080430246,-4.733226881e-06,1.372356514e-08,-0.0474470111
0.065,1.183816943e-45,-1.597937633e-41,2.388118679e-06,0,0,0,0,-5.309239622e-45,3.056285312e-41,2.388118679e-06,-0.0008281687973,0,0,0.04068965206,0.0006788172053,-0.01666894114,2.388118679e-06,-2.451212581e-06,0,0,0.002214137365,0.0006808271971,-0.01757673523,2.388118679e-06,-6.12802582e-07,0,0,-0.001107068682,-1.294387178e-58,-3.466567999e-54,0.0001469606277,0,0,0,0,-4.699621138e-57,7.38990731e-53,0.0001469606277,-0.0511215744,0,0,1.255337279,0.04188497426,-0.5134091868,0.0001469606277,-0.0001708375016,0,0,0.07715740024,0.04202506067,-0.5450434883,0.0001469606277,-4.270929688e-05,0,0,-0.03857870012,-3.200949217e-20,3.628160272e-17,0.006782790175,0,0,0,0,2.389198414e-20,1.906690118e-15,0.006782790175,-2.373048144,0,0,19.4791005,1.942144952,-7.88760496,0.006782790175,-0.009854154518,0,0,1.76179129,1.950225315,-8.609917864,0.006782790175,-0.002463528628,0,0,-0.8808956448,0,0.01620249211,0.0004123979963,2.843328666e-05,-15.81725103,-179.8200876,0,28.04529507,1.462695752,-15.81725103,-83.30930764,-0.1022709103,15.56346512,-2.976104264,-15.81725103,-15.26714764,-0.0552254776,-0.04114650063,0.07800848344,-1.039470093,-0.6396437787,-0.003615227163,-5.124256686e-06,1.73153408e-08,-0.05136679795
0.07,1.183816943e-45,-1.597937633e-41,3.212139188e-06,0,0,0,0,-5.309239622e-45,3.056285312e-41,3.212139188e-06,-0.001115011424,0,0,0.04720990376,0.0009137996283,-0.01933447822,3.212139188e-06,-3.438902914e-06,0,0,0.002622551309,0.0009166195238,-0.02040972056,3.212139188e-06,-8.597246198e-07,0,0,-0.001311275655,-1.294387178e-58,-3.466567999e-54,0.0001835502488,0,0,0,0,-4.699621138e-57,7.38990731e-53,0.0001835502488,-0.06393577909,0,0,1.352777381,0.05236888154,-0.5527827529,0.0001835502488,-0.000226411019,0,0,0.08633205369,0.05255453793,-0.5881785298,0.0001835502488,-5.660260877e-05,0,0,-0.04316602685,-3.200949217e-20,3.628160272e-17,0.007866431209,0,0,0,0,2.389198414e-20,1.906690118e-15,0.007866431209,-2.757566507,0,0,19.49585482,2.255331294,-7.860089951,0.007866431209,-0.01246372962,0,0,1.910515839,2.265551475,-8.643369321,0.007866431209,-0.003115914756,0,0,-0.9552579194,0,0.02180220026,0.0005690445678,3.652104479e-05,-18.36835475,-180.0116197,0,28.02994127,1.698445375,-18.36835475,-83.50083972,-0.1186100498,15.52025653,-3.454409453,-18.36835475,-15.45867972,-0.0640484829,-0.03920545857,0.09061351183,-1.207538936,-0.6218141517,-0.004192807834,-5.556834549e-06,2.167805085e-08,-0.05570307764
0.075,1.183816943e-45,-1.597937633e-41,4.232987839e-06,0,0,0,0,-5.309239622e-45,3.056285312e-41,4.232987839e-06,-0.00147085497,0,0,0.05421753638,0.001205214065,-0.02219649389,4.232987839e-06,-4.739403216e-06,0,0,0.003078759619,0.001209100366,-0.02345877935,4.232987839e-06,-1.184848698e-06,0,0,-0.001539379809,-1.294387178e-58,-3.466567999e-54,0.0002257587494,0,0,0,0,-4.699621138e-57,7.38990731e-53,0.0002257587494,-0.07874662179,0,0,1.450283472,0.06447725314,-0.5919911558,0.0002257587494,-0.0002964481526,0,0,0.09628772113,0.06472033947,-0.6314685602,0.0002257587494,-7.411177471e-05,0,0,-0.04814386056,-3.200949217e-20,3.628160272e-17,0.009030341949,0,0,0,0,2.389198414e-20,1.906690118e-15,0.009030341949,-3.171711706,0,0,19.50519223,2.591893362,-7.821213855,0.009030341949,-0.01565785489,0,0,2.074336856,2.60473267,-8.671644764,0.009030341949,-0.003914433332,0,0,-1.037168428,0,0.02874308876,0.0007695421073,4.655049337e-05,-21.1100391,-180.2923571,0,28.00659377,1.951810497,-21.1100391,-83.78157712,-0.1361594959,15.47092188,-3.968652406,-21.1100391,-15.73941712,-0.07352504415,-0.03738260258,0.1041742892,-1.388322513,-0.6067433407,-0.004813172259,-6.033323773e-06,2.696610276e-08,-0.06047954259
0.08,1.183816943e-45,-1.597937633e-41,5.479762402e-06,0,0,0,0,-5.309239622e-45,3.056285312e-41,5.479762402e-06,-0.001906053097,0,0,0.06171277942,0.001561473978,-0.025254012,5.479762402e-06,-6.432816023e-06,0,0,0.003586859628,0.00156674887,-0.02672461499,5.479762402e-06,-1.608200126e-06,0,0,-0.001793429814,-1.294387178e-58,-3.466567999e-54,0.0002739874779,0,0,0,0,-4.699621138e-57,7.38990731e-53,0.0002739874779,-0.09570230492,0,0,1.547813794,0.07832631036,-0.6309725847,0.0002739874779,-0.0003841624186,0,0,0.10710203,0.07864132151,-0.6748835695,0.0002739874779,-9.60401413e-05,0,0,-0.05355101499,-3.200949217e-20,3.628160272e-17,0.0102745224,0,0,0,0,2.389198414e-20,1.906690118e-15,0.0102745224,-3.615499088,0,0,19.50522031,2.951548052,-7.768951381,0.0102745224,-0.01955631382,0,0,2.25412121,2.967584005,-8.693072633,0.0102745224,-0.004889027195,0,0,-1.127060605,0,0.0372242718,0.001022837947,5.893343083e-05,-24.0400514,-180.6786012,0,27.97376259,2.222585749,-24.0400514,-84.16782123,-0.1549192487,15.41483403,-4.518802027,-24.0400514,-16.12566123,-0.08365516134,-0.03573365489,0.1186849626,-1.581722275,-0.5953222864,-0.005476320437,-6.556246673e-06,3.336354127e-08,-0.06572148002
0.085,1.183816943e-45,-1.597937633e-41,6.983567386e-06,0,0,0,0,-5.309239622e-45,3.056285312e-41,6.983567386e-06,-0.002431700359,0,0,0.06969562934,0.001991569873,-0.02850572149,6.983567386e-06,-8.616899304e-06,0,0,0.004151347858,0.0019986357,-0.03020775945,6.983567386e-06,-2.154217865e-06,0,0,-0.002075673929,-1.294387178e-58,-3.466567999e-54,0.000328637783,0,0,0,0,-4.699621138e-57,7.38990731e-53,0.000328637783,-0.114950915,0,0,1.645316786,0.09403053822,-0.6696547598,0.000328637783,-0.0004934212999,0,0,0.1188570712,0.0944351402,-0.7183848992,0.000328637783,-0.0001233545278,0,0,-0.05942853562,-3.200949217e-20,3.628160272e-17,0.01159897255,0,0,0,0,2.389198414e-20,1.906690118e-15,0.01159897255,-4.088864266,0,0,19.49391125,3.333880302,-7.701141299,0.01159897255,-0.02430149937,0,0,2.450786754,3.353807161,-8.705865757,0.01159897255,-0.006075289929,0,0,-1.225393377,0,0.04745855664,0.001339250503,7.415933375e-05,-27.15507444,-181.1877494,0,27.92985747,2.510468344,-27.15507444,-84.67696941,-0.1748893081,15.351324,-5.104776173,-27.15507444,-16.63480941,-0.09443883448,-0.034317647,0.1341357161,-1.787579217,-0.5885035513,-0.006182252368,-7.128274208e-06,4.10891597e-08,-0.07145566817
0.09,1.183816943e-45,-1.597937633e-41,8.777514047e-06,0,0,0,0,-5.309239622e-45,3.056285312e-41,8.777514047e-06,-0.00305963055,0,0,0.07816579893,0.00250505887,-0.03194992235,8.777514047e-06,-1.141063419e-05,0,0,0.00477714296,0.002514415537,-0.03390852861,8.777514047e-06,-2.852646341e-06,0,0,-0.00238857148,-1.294387178e-58,-3.466567999e-54,0.000390111013,0,0,0,0,-4.699621138e-57,7.38990731e-53,0.000390111013,-0.1366399831,0,0,1.742730415,0.1117019696,-0.7079542697,0.000390111013,-0.0006288685702,0,0,0.1316396431,0.112217636,-0.7619246758,0.000390111013,-0.0001572157971,0,0,-0.06581982157,-3.200949217e-20,3.628160272e-17,0.01300369241,0,0,0,0,2.389198414e-20,1.906690118e-15,0.01300369241,-4.591646565,0,0,19.46910461,3.738320444,-7.615493461,0.01300369241,-0.03006221168,0,0,2.665297681,3.762970852,-8.708126278,0.01300369241,-0.007515414451,0,0,-1.332648841,0,0.05967231968,0.001730643989,9.280823408e-05,-30.45054372,-181.8382389,0,27.87319297,2.815041382,-30.45054372,-85.32745895,-0.1960696741,15.27968201,-5.726431696,-30.45054372,-17.28529895,-0.1058760636,-0.03319663342,0.1505121272,-2.005663464,-0.5872986939,-0.006930968053,-7.752212557e-06,5.040239921e-08,-0.07771024217
0.095,1.183816943e-45,-1.597937633e-41,1.089672038e-05,0,0,0,0,-5.309239622e-45,3.056285312e-41,1.089672038e-05,-0.00380241266,0,0,0.08712266323,0.003112050416,-0.03558446833,1.089672038e-05,-1.495845405e-05,0,0,0.005469609802,0.003124316257,-0.03782697481,1.089672038e-05,-3.739592534e-06,0,0,-0.002734804901,-1.294387178e-58,-3.466567999e-54,0.0004588085166,0,0,0,0,-4.699621138e-57,7.38990731e-53,0.0004588085166,-0.1609159597,0,0,1.839981525,0.1314493533,-0.7457759491,0.0004588085166,-0.0007960669522,0,0,0.1455414688,0.1321021185,-0.8054452735,0.0004588085166,-0.0001990145053,0,0,-0.0727707344,-3.200949217e-20,3.628160272e-17,0.01448868197,0,0,0,0,2.389198414e-20,1.906690118e-15,0.01448868197,-5.123571484,0,0,19.42851155,4.164120429,-7.509598315,0.01448868197,-0.037038002,0,0,2.898658671,4.194490617,-8.697852528,0.01448868197,-0.009259277796,0,0,-1.449329335,0,0.07410533664,0.002210621969,0.0001155653691,-33.92045584,-182.649471,0,27.80199536,3.135756342,-33.92045584,-86.13869102,-0.2184603468,15.1991587,-6.383553879,-33.92045584,-18.09653102,-0.1179668486,-0.03243533191,0.1677945195,-2.235663499,-0.5927746026,-0.007722467491,-8.430986261e-06,6.161012567e-08,-0.08451452542
0.1,1.183816943e-45,-1.597937633e-41,1.337831113e-05,0,0,0,0,-5.309239622e-45,3.056285312e-41,1.337831113e-05,-0.004673343963,0,0,0.0965652024,0.003823187531,-0.03940670683,1.337831113e-05,-1.943524353e-05,0,0,0.006234584573,0.003839124275,-0.04196283682,1.337831113e-05,-4.858775469e-06,0,0,-0.003117292286,-1.294387178e-58,-3.466567999e-54,0.0005351316423,0,0,0,0,-4.699621138e-57,7.38990731e-53,0.0005351316423,-0.1879235999,0,0,1.936985204,0.1533772005,-0.7830123116,0.0005351316423,-0.001001663968,0,0,0.1606593813,0.154198549,-0.8488788173,0.0005351316423,-0.0002504123418,0,0,-0.08032969067,-3.200949217e-20,3.628160272e-17,0.01605394124,0,0,0,0,2.389198414e-20,1.906690118e-15,0.01605394124,-5.684232247,0,0,19.36972058,4.610329169,-7.380939279,0.01605394124,-0.04546411478,0,0,3.151907705,4.647608196,-8.672948149,0.01605394124,-0.01136567489,0,0,-1.575953853,0,0.09101056,0.002794741019,0.0001432377451,-37.55716982,-183.6417117,0,27.71441161,3.471914961,-37.55716982,-87.13093166,-0.2420613261,15.10896684,-7.075845288,-37.55716982,-19.08877166,-0.1307111896,-0.03210068245,0.185957324,-2.477175168,-0.6060486368,-0.008556750682,-9.167617498e-06,7.507437758e-08,-0.09189882241
0.105,1.183816943e-45,-1.597937633e-41,1.626141776e-05,0,0,0,0,-5.309239622e-45,3.056285312e-41,1.626141776e-05,-0.005686439818,0,0,0.1064919414,0.004649622975,-0.04341341591,1.626141776e-05,-2.505223136e-05,0,0,0.007078400716,0.004670165547,-0.0463154875,1.626141776e-05,-6.262999e-06,0,0,-0.003539200358,-1.294387178e-58,-3.466567999e-54,0.0006194817386,0,0,0,0,-4.699621138e-57,7.38990731e-53,0.0006194817386,-0.2178052546,0,0,2.033644192,0.177584707,-0.8195430522,0.0006194817386,-0.001253584101,0,0,0.1770954693,0.1786126202,-0.8921467375,0.0006194817386,-0.0003133901368,0,0,-0.08854773463,-3.200949217e-20,3.628160272e-17,0.01769947022,0,0,0,0,2.389198414e-20,1.906690118e-15,0.01769947022,-6.273070603,0,0,19.2902052,5.075767279,-7.226908338,0.01769947022,-0.05561707846,0,0,3.426107414,5.121370852,-8.631233735,0.01769947022,-0.01390371371,0,0,-1.713053707,0,0.1106538361,0.003500745833,0.0001767727403,-41.35120389,-184.8359669,0,27.60852073,3.822650706,-41.35120389,-88.32518688,-0.266872612,15.00828331,-7.802914112,-41.35120389,-20.28302688,-0.1441090865,-0.03226131728,0.2049684653,-2.729690664,-0.6282824191,-0.009433817627,-9.965201148e-06,9.12211789e-08,-0.09989416954
0.11,1.183816943e-45,-1.597937633e-41,1.958717852e-05,0,0,0,0,-5.309239622e-45,3.056285312e-41,1.958717852e-05,-0.006856419665,0,0,0.1169008868,0.005602989717,-0.04760073923,1.958717852e-05,-3.206391665e-05,0,0,0.00800791547,0.005629281707,-0.0508838793,1.958717852e-05,-8.015882776e-06,0,0,-0.004003957735,-1.294387178e-58,-3.466567999e-54,0.0007122601541,0,0,0,0,-4.699621138e-57,7.38990731e-53,0.0007122601541,-0.2507000634,0,0,2.12984833,0.2041645477,-0.8552346362,0.0007122601541,-0.001561250637,0,0,0.1949571749,0.2054447322,-0.935159389,0.0007122601541,-0.0003903032728,0,0,-0.09747858746,-3.200949217e-20,3.628160272e-17,0.0194252689,0,0,0,0,2.389198414e-20,1.906690118e-15,0.0194252689,-6.889357014,0,0,19.18733364,5.559001599,-7.044825216,0.0194252689,-0.06782099195,0,0,3.722334827,5.61461103,-8.5704613,0.0194252689,-0.01695438321,0,0,-1.861167414,0,0.1333135546,0.004348827076,0.0002172788509,-45.29103084,-186.2538291,0,27.4823477,4.186910137,-45.29103084,-89.74304906,-0.2928942045,14.89625165,-8.564262036,-45.29103084,-21.70088906,-0.1581605394,-0.03298693578,0.2247887907,-2.992587679,-0.6606741273,-0.01035366833,-1.082687529e-05,1.105505094e-07,-0.1085320402
0.115,1.183816943e-45,-1.597937633e-41,2.339873836e-05,0,0,0,0,-5.309239622e-45,3.056285312e-41,2.339873836e-05,-0.008198688746,0,0,0.1277894613,0.006695365048,-0.051964119,2.339873836e-05,-4.077618599e-05,0,0,0.009030536773,0.006728800838,-0.0556664881,2.339873836e-05,-1.019389062e-05,0,0,-0.004515268386,-1.294387178e-58,-3.466567999e-54,0.0008138682373,0,0,0,0,-4.699621138e-57,7.38990731e-53,0.0008138682373,-0.2867430481,0,0,2.225474059,0.2332015446,-0.8899399941,0.0008138682373,-0.001935840752,0,0,0.2143573372,0.2347888692,-0.9778157512,0.0008138682373,-0.0004839453873,0,0,-0.1071786686,-3.200949217e-20,3.628160272e-17,0.02123133729,0,0,0,0,2.389198414e-20,1.906690118e-15,0.02123133729,-7.532170454,0,0,19.05838078,6.058319936,-6.831960468,0.02123133729,-0.08245454741,0,0,4.041669428,6.125926835,-8.488331807,0.02123133729,-0.02061230377,0,0,-2.020834714,0,0.1592802222,0.005361903264,0.0002660486476,-49.3628754,-187.9172919,0,27.33388028,4.563434483,-49.3628754,-91.40651194,-0.3201261037,14.77198496,-9.359271757,-49.3628754,-23.36435194,-0.1728655482,-0.03434757924,0.2453715616,-3.265119003,-0.7044491467,-0.01131630278,-1.175578685e-05,1.336475189e-07,-0.1178440016
0.12,1.183816943e-45,-1.597937633e-41,2.7741249e-05,0,0,0,0,-5.309239622e-45,3.056285312e-41,2.7741249e-05,-0.009729315036,0,0,0.139154435,0.007939227725,-0.05649822787,2.7741249e-05,-5.155579703e-05,0,0,0.01015425022,0.007981502388,-0.06066125582,2.7741249e-05,-1.288870006e-05,0,0,-0.005077125109,-1.294387178e-58,-3.466567999e-54,0.0009247073367,0,0,0,0,-4.699621138e-57,7.38990731e-53,0.0009247073367,-0.326064104,0,0,2.320383994,0.2647712097,-0.9234983426,0.0009247073367,-0.002390577639,0,0,0.2354141704,0.2667313823,-1.020003224,0.0009247073367,-0.0005976213002,0,0,-0.1177070852,-3.200949217e-20,3.628160272e-17,0.02311767539,0,0,0,0,2.389198414e-20,1.906690118e-15,0.02311767539,-8.200378048,0,0,18.90054267,6.571706558,-6.58556278,0.02311767539,-0.09995882078,0,0,4.385179436,6.653663879,-8.382516028,0.02311767539,-0.02498766734,0,0,-2.192589718,0,0.1888559525,0.006565927902,0.0003245839624,-53.55051804,-189.8485318,0,27.16108887,4.950741831,-53.55051804,-93.33775176,-0.3485683095,14.63456948,-10.18719422,-53.55051804,-25.29559176,-0.188224113,-0.03641280228,0.2666620303,-3.546402847,-0.7608489569,-0.01232172098,-1.275505217e-05,1.61195063e-07,-0.1278613213
0.125,1.183816943e-45,-1.597937633e-41,3.266186888e-05,0,0,0,0,-5.309239622e-45,3.056285312e-41,3.266186888e-05,-0.01146500088,0,0,0.1509918561,0.009347407532,-0.06119690017,3.266186888e-05,-6.484142321e-05,0,0,0.01138764573,0.009400575775,-0.06586553218,3.266186888e-05,-1.620996163e-05,0,0,-0.005693822865,-1.294387178e-58,-3.466567999e-54,0.001045178801,0,0,0,0,-4.699621138e-57,7.38990731e-53,0.001045178801,-0.3687868903,0,0,2.414426564,0.2989381692,-0.9557351519,0.001045178801,-0.002941063532,0,0,0.2582511696,0.3013496849,-1.061597534,0.001045178801,-0.0007352301253,0,0,-0.1291255848,-3.200949217e-20,3.628160272e-17,0.02508428319,0,0,0,0,2.389198414e-20,1.906690118e-15,0.02508428319,-8.892614851,0,0,18.71095362,7.096819039,-6.302890739,0.02508428319,-0.1208458483,0,0,4.753906258,7.195899116,-8.250678886,0.02508428319,-0.0302083709,0,0,-2.376953129,0,0.2223538654,0.007990223023,0.0003946232661,-57.83511029,-192.0696525,0,26.96194969,5.347110399,-57.83511029,-95.55887252,-0.378220822,14.48306867,-11.04713573,-57.83511029,-27.51671252,-0.2042362337,-0.0392507403,0.2885971266,-3.835414229,-0.8311181537,-0.01336992294,-1.382771243e-05,1.939876195e-07,-0.1386145216
0.13,1.183816943e-45,-1.597937633e-41,3.82097632e-05,0,0,0,0,-5.309239622e-45,3.056285312e-41,3.82097632e-05,-0.01342304884,0,0,0.1632969788,0.01093302667,-0.06605306349,3.82097632e-05,-8.115647423e-05,0,0,0.01273994356,0.01099957228,-0.07127601644,3.82097632e-05,-2.028850107e-05,0,0,-0.006369971779,-1.294387178e-58,-3.466567999e-54,0.001175683978,0,0,0,0,-4.699621138e-57,7.38990731e-53,0.001175683978,-0.4150276202,0,0,2.50743576,0.3357544756,-0.986462285,0.001175683978,-0.003605657593,0,0,0.2829969344,0.3387108749,-1.102462778,0.001175683978,-0.0009013595299,0,0,-0.1414984672,-3.200949217e-20,3.628160272e-17,0.0271311607,0,0,0,0,2.389198414e-20,1.906690118e-15,0.0271311607,-9.607264075,0,0,18.48670616,7.630967162,-5.981249255,0.0271311607,-0.1457079894,0,0,5.148847097,7.750427356,-8.090507437,0.0271311607,-0.0364223423,0,0,-2.574423549,0,0.2600973868,0.009667840156,0.0004781711133,-62.19500692,-194.602394,0,26.73447122,5.750563381,-62.19500692,-98.09161396,-0.409083641,14.31652799,-11.93804501,-62.19500692,-30.04945396,-0.2209019104,-0.04292707486,0.3111052785,-4.130977781,-0.9164895363,-0.01446090865,-1.497668382e-05,2.329466257e-07,-0.1501328828
0.135,1.183816943e-45,-1.597937633e-41,4.443610391e-05,0,0,0,0,-5.309239622e-45,3.056285312e-41,4.443610391e-05,-0.0156213212,0,0,0.1760641908,0.01270943248,-0.07105867135,4.443610391e-05,-0.0001011239262,0,0,0.01422101917,0.01279234991,-0.07688869959,4.443610391e-05,-2.528002282e-05,0,0,-0.007110509586,-1.294387178e-58,-3.466567999e-54,0.001316624217,0,0,0,0,-4.699621138e-57,7.38990731e-53,0.001316624217,-0.4648937533,0,0,2.599230977,0.3752578223,-1.01547833,0.001316624217,-0.004405902541,0,0,0.3097848998,0.3788702971,-1.142451606,0.001316624217,-0.001101392093,0,0,-0.1548924499,-3.200949217e-20,3.628160272e-17,0.02925830791,0,0,0,0,2.389198414e-20,1.906690118e-15,0.02925830791,-10.34243815,0,0,18.22487394,8.171094644,-5.618030732,0.02925830791,-0.175228056,0,0,5.570935749,8.314751202,-7.899742526,0.02925830791,-0.04380005142,0,0,-2.785467874,0,0.3024194415,0.01163594958,0.0005775294401,-66.60562153,-197.4678014,0,26.47672428,6.158855973,-66.60562153,-100.9570214,-0.4411567667,14.13398036,-12.85870044,-66.60562153,-32.91486139,-0.238221143,-0.0475039024,0.3341063956,-4.43176239,-1.018167233,-0.01559467812,-1.620470266e-05,2.791372444e-07,-0.1624438961
0.14,1.183816943e-45,-1.597937633e-41,5.139406967e-05,0,0,0,0,-5.309239622e-45,3.056285312e-41,5.139406967e-05,-0.01807819277,0,0,0.1892869402,0.01469012098,-0.07620463811,5.139406967e-05,-0.0001254834143,0,0,0.01584142656,0.01479301093,-0.08269880799,5.139406967e-05,-3.136937733e-05,0,0,-0.007920713282,-1.294387178e-58,-3.466567999e-54,0.001468400867,0,0,0,0,-4.699621138e-57,7.38990731e-53,0.001468400867,-0.5184825974,0,0,2.689616983,0.4174696748,-1.042569151,0.001468400867,-0.00536700374,0,0,0.3387529682,0.4218700656,-1.181405581,0.001468400867,-0.001341624653,0,0,-0.1693764841,-3.200949217e-20,3.628160272e-17,0.03146572484,0,0,0,0,2.389198414e-20,1.906690118e-15,0.03146572484,-11.09596104,0,0,17.92253766,8.713764524,-5.210760987,0.03146572484,-0.2101901576,0,0,6.021021652,8.886075206,-7.676214085,0.03146572484,-0.05253719242,0,0,-3.010510826,0,0.3496615335,0.01393625856,0.0006953303814,-71.03931235,-200.6858575,0,26.1868754,6.569465186,-71.03931235,-104.1750775,-0.4744401991,13.93445238,-13.80769762,-71.03931235,-36.13291754,-0.2561939316,-0.05303851527,0.35751204,-4.736278085,-1.137307893,-0.01677123134,-1.751426568e-05,3.337865292e-07,-0.1755726679
0.145,1.183816943e-45,-1.597937633e-41,5.913884592e-05,0,0,0,0,-5.309239622e-45,3.056285312e-41,5.913884592e-05,-0.02081249648,0,0,0.2029576626,0.01688865094,-0.08148077726,5.913884592e-05,-0.00015511086,0,0,0.01761241943,0.01701583198,-0.08870074915,5.913884592e-05,-3.877545934e-05,0,0,-0.008806209716,-1.294387178e-58,-3.466567999e-54,0.001631415275,0,0,0,0,-4.699621138e-57,7.38990731e-53,0.001631415275,-0.5758798252,0,0,2.778384029,0.4623933399,-1.067508678,0.001631415275,-0.006518364152,0,0,0.3700430317,0.4677375695,-1.219155718,0.001631415275,-0.001629401451,0,0,-0.1850215159,-3.200949217e-20,3.628160272e-17,0.03375341146,0,0,0,0,2.389198414e-20,1.906690118e-15,0.03375341146,-11.86535222,0,0,17.57681407,9.255149148,-4.757149776,0.03375341146,-0.2514911846,0,0,6.499847332,9.461305091,-7.417879886,0.03375341146,-0.06285751396,0,0,-3.249923666,0,0.402172706,0.01661545897,0.0008345701397,-75.46530548,-204.2750774,0,25.86322363,6.979583134,-75.46530548,-107.7642974,-0.508933938,13.71697122,-14.78343747,-75.46530548,-39.72213738,-0.2748202761,-0.05958210806,0.3812258117,-5.042875613,-1.275000021,-0.01799056831,-1.890756587e-05,3.983029114e-07,-0.189541282
#simulation finished=2025-07-23,17:18:18
#Solver Info: cpuTime=0.728087,stepReductionFailed(or step failed)=0,discontinuousIterationSuccessful=1,newtonSolutionDiverged=0,massMatrixNotInvertible=0,total time steps=1491,total Newton iterations=2982,total Newton jacobians=2982
